timestamp,gpu_index,power_draw_W
1624983510.788,0,46.17
1624983510.791,1,47.82
1624983510.894,0,46.12
1624983510.897,1,47.8
1624983511.0,0,46.15
1624983511.003,1,47.93
1624983511.106,0,46.12
1624983511.111,1,47.79
1624983511.214,0,45.95
1624983511.217,1,47.83
1624983511.32,0,45.95
1624983511.322,1,47.64
1624983511.425,0,45.99
1624983511.428,1,47.84
1624983511.532,0,46.05
1624983511.535,1,47.73
1624983511.638,0,46.17
1624983511.641,1,47.85
1624983511.744,0,45.95
1624983511.746,1,47.73
1624983511.849,0,45.99
1624983511.853,1,47.75
1624983511.956,0,46.08
1624983511.959,1,47.75
1624983512.061,0,46.07
1624983512.064,1,47.75
1624983512.167,0,46.03
1624983512.17,1,47.61
1624983512.274,0,45.99
1624983512.277,1,47.75
1624983512.38,0,45.99
1624983512.383,1,47.76
1624983512.487,0,46.09
1624983512.49,1,47.68
1624983512.595,0,46.04
1624983512.598,1,47.68
1624983512.701,0,46.1
1624983512.704,1,47.78
1624983512.806,0,46.13
1624983512.809,1,47.73
1624983512.912,0,46.05
1624983512.916,1,47.62
1624983513.019,0,46.02
1624983513.022,1,47.6
1624983513.124,0,46.05
1624983513.127,1,47.62
1624983513.23,0,45.96
1624983513.236,1,47.63
1624983513.339,0,46.12
1624983513.341,1,47.71
1624983513.444,0,46.05
1624983513.447,1,47.71
1624983513.55,0,46.03
1624983513.553,1,47.68
1624983513.657,0,46.07
1624983513.66,1,47.65
1624983513.763,0,45.99
1624983513.766,1,47.78
1624983513.869,0,46.05
1624983513.871,1,47.76
1624983513.974,0,45.99
1624983513.977,1,47.65
1624983514.08,0,46.03
1624983514.083,1,47.7
1624983514.186,0,45.99
1624983514.189,1,47.75
1624983514.292,0,45.92
1624983514.294,1,47.61
1624983514.399,0,46.03
1624983514.402,1,47.7
1624983514.505,0,46.12
1624983514.508,1,47.71
1624983514.611,0,45.99
1624983514.613,1,47.68
1624983514.716,0,45.99
1624983514.721,1,47.65
1624983514.824,0,45.99
1624983514.826,1,47.55
1624983514.929,0,45.95
1624983514.932,1,47.62
1624983515.035,0,46.03
1624983515.04,1,47.62
1624983515.142,0,46.02
1624983515.145,1,47.49
1624983515.248,0,45.92
1624983515.251,1,47.58
1624983515.354,0,45.99
1624983515.356,1,47.67
1624983515.462,0,45.9
1624983515.464,1,47.57
1624983515.567,0,45.94
1624983515.57,1,47.52
1624983515.673,0,45.99
1624983515.676,1,47.47
1624983515.779,0,46.05
1624983515.782,1,47.63
1624983515.884,0,46.02
1624983515.887,1,47.49
1624983515.99,0,46.05
1624983515.993,1,47.55
1624983516.096,0,45.99
1624983516.102,1,47.55
1624983516.205,0,46.03
1624983516.208,1,47.62
1624983516.311,0,45.94
1624983516.313,1,47.62
1624983516.416,0,45.84
1624983516.419,1,47.6
1624983516.524,0,46.05
1624983516.527,1,47.52
1624983516.63,0,46.02
1624983516.633,1,47.71
1624983516.736,0,45.95
1624983516.739,1,47.52
1624983516.841,0,45.93
1624983516.845,1,47.59
1624983516.948,0,45.96
1624983516.951,1,47.52
1624983517.053,0,45.95
1624983517.056,1,47.54
1624983517.159,0,45.92
1624983517.165,1,47.59
1624983517.268,0,45.99
1624983517.271,1,47.59
1624983517.374,0,45.99
1624983517.377,1,47.46
1624983517.48,0,46.02
1624983517.486,1,47.6
1624983517.589,0,45.95
1624983517.591,1,47.52
1624983517.694,0,45.95
1624983517.697,1,47.52
1624983517.8,0,45.92
1624983517.803,1,47.52
1624983517.907,0,45.93
1624983517.91,1,47.42
1624983518.013,0,45.9
1624983518.016,1,47.48
1624983518.119,0,45.9
1624983518.122,1,47.6
1624983518.228,0,45.96
1624983518.231,1,47.45
1624983518.334,0,45.93
1624983518.337,1,47.52
1624983518.44,0,45.99
1624983518.443,1,47.49
1624983518.549,0,45.95
1624983518.552,1,47.55
1624983518.655,0,45.9
1624983518.657,1,47.47
1624983518.76,0,46.05
1624983518.763,1,47.62
1624983518.866,0,46.04
1624983518.869,1,47.65
1624983518.972,0,46.01
1624983518.975,1,47.58
1624983519.078,0,45.99
1624983519.081,1,47.46
1624983519.184,0,46.02
1624983519.189,1,47.5
1624983519.292,0,45.9
1624983519.295,1,47.46
1624983519.398,0,45.95
1624983519.401,1,47.54
1624983519.504,0,46.02
1624983519.507,1,47.63
1624983519.611,0,45.89
1624983519.614,1,47.36
1624983519.717,0,45.95
1624983519.72,1,47.52
1624983519.823,0,45.89
1624983519.826,1,47.57
1624983519.932,0,45.93
1624983519.935,1,47.52
1624983520.038,0,45.95
1624983520.041,1,47.44
1624983520.144,0,45.86
1624983520.146,1,47.43
1624983520.252,0,45.9
1624983520.255,1,47.36
1624983520.358,0,45.98
1624983520.361,1,47.46
1624983520.464,0,45.92
1624983520.467,1,47.5
1624983520.573,0,45.89
1624983520.576,1,47.47
1624983520.679,0,45.84
1624983520.682,1,47.42
1624983520.785,0,45.9
1624983520.788,1,47.39
1624983520.894,0,45.92
1624983520.897,1,47.5
1624983520.999,0,45.89
1624983521.002,1,47.47
1624983521.105,0,45.86
1624983521.108,1,47.5
1624983521.214,0,45.74
1624983521.217,1,47.41
1624983521.32,0,45.83
1624983521.322,1,47.43
1624983521.425,0,45.94
1624983521.428,1,47.52
1624983521.531,0,45.96
1624983521.534,1,47.35
1624983521.637,0,45.87
1624983521.643,1,47.46
1624983521.746,0,45.96
1624983521.749,1,47.43
1624983521.852,0,46.02
1624983521.855,1,47.49
1624983521.958,0,45.96
1624983521.963,1,47.46
1624983522.066,0,45.95
1624983522.069,1,47.34
1624983522.172,0,45.92
1624983522.175,1,47.5
1624983522.278,0,45.84
1624983522.281,1,47.39
1624983522.384,0,45.86
1624983522.386,1,47.45
1624983522.489,0,45.85
1624983522.492,1,47.52
1624983522.597,0,45.95
1624983522.6,1,47.43
1624983522.703,0,45.84
1624983522.709,1,47.4
1624983522.812,0,45.84
1624983522.815,1,47.41
1624983522.918,0,45.81
1624983522.921,1,47.39
1624983523.024,0,45.73
1624983523.027,1,47.3
1624983523.13,0,45.89
1624983523.133,1,47.46
1624983523.239,0,45.83
1624983523.242,1,47.41
1624983523.344,0,45.89
1624983523.347,1,47.45
1624983523.45,0,45.85
1624983523.459,1,47.42
1624983523.562,0,45.74
1624983523.564,1,47.39
1624983523.667,0,45.87
1624983523.67,1,47.35
1624983523.773,0,45.86
1624983523.776,1,47.37
1624983523.88,0,45.85
1624983523.882,1,47.31
1624983523.985,0,45.95
1624983523.988,1,47.26
1624983524.091,0,45.8
1624983524.094,1,47.39
1624983524.197,0,45.83
1624983524.2,1,47.26
1624983524.302,0,45.73
1624983524.307,1,47.4
1624983524.41,0,45.87
1624983524.413,1,47.35
1624983524.516,0,45.77
1624983524.519,1,47.33
1624983524.622,0,45.86
1624983524.625,1,47.33
1624983524.728,0,45.76
1624983524.733,1,47.33
1624983524.836,0,45.76
1624983524.839,1,47.44
1624983524.942,0,45.71
1624983524.945,1,47.37
1624983525.048,0,45.85
1624983525.051,1,47.35
1624983525.154,0,45.89
1624983525.16,1,47.47
1624983525.263,0,45.83
1624983525.266,1,47.3
1624983525.369,0,45.86
1624983525.371,1,47.43
1624983525.474,0,45.82
1624983525.477,1,47.48
1624983525.58,0,45.89
1624983525.583,1,47.39
1624983525.686,0,45.68
1624983525.69,1,47.33
1624983525.793,0,45.95
1624983525.796,1,47.44
1624983525.899,0,45.77
1624983525.901,1,47.42
1624983526.004,0,45.82
1624983526.007,1,47.48
1624983526.111,0,45.89
1624983526.115,1,47.39
1624983526.218,0,45.77
1624983526.221,1,47.32
1624983526.325,0,45.92
1624983526.328,1,47.42
1624983526.431,0,45.74
1624983526.434,1,47.41
1624983526.537,0,45.76
1624983526.54,1,47.9
1624983526.642,0,45.86
1624983526.645,1,47.45
1624983526.748,0,45.74
1624983526.751,1,47.32
1624983526.854,0,45.91
1624983526.856,1,47.39
1624983526.959,0,45.81
1624983526.962,1,47.39
1624983527.067,0,45.86
1624983527.07,1,47.44
1624983527.172,0,45.84
1624983527.175,1,47.32
1624983527.278,0,45.8
1624983527.281,1,47.38
1624983527.384,0,45.79
1624983527.386,1,47.35
1624983527.489,0,45.82
1624983527.492,1,47.39
1624983527.595,0,45.83
1624983527.598,1,47.61
1624983527.7,0,45.73
1624983527.706,1,47.58
1624983527.809,0,45.92
1624983527.811,1,47.42
1624983527.916,0,45.8
1624983527.919,1,47.38
1624983528.024,0,45.72
1624983528.037,1,47.31
1624983528.141,0,45.83
1624983528.144,1,47.3
1624983528.25,0,46.18
1624983528.253,1,47.38
1624983528.356,0,45.85
1624983528.359,1,47.33
1624983528.462,0,45.83
1624983528.466,1,47.44
1624983528.57,0,45.83
1624983528.573,1,47.32
1624983528.676,0,45.86
1624983528.679,1,47.34
1624983528.782,0,45.89
1624983528.785,1,47.27
1624983528.888,0,45.77
1624983528.891,1,47.26
1624983528.994,0,45.91
1624983528.997,1,47.29
1624983529.1,0,45.8
1624983529.103,1,47.39
1624983529.206,0,45.79
1624983529.209,1,47.38
1624983529.312,0,45.98
1624983529.315,1,47.36
1624983529.42,0,45.86
1624983529.423,1,47.15
1624983529.525,0,45.86
1624983529.528,1,47.23
1624983529.633,0,45.93
1624983529.636,1,47.22
1624983529.739,0,45.8
1624983529.742,1,47.29
1624983529.845,0,45.69
1624983529.848,1,47.19
1624983529.954,0,45.99
1624983529.957,1,47.15
1624983530.06,0,45.67
1624983530.063,1,47.35
1624983530.166,0,45.88
1624983530.168,1,47.37
1624983530.274,0,45.76
1624983530.279,1,47.33
1624983530.382,0,72.4
1624983530.387,1,71.85
1624983530.49,0,48.2
1624983530.493,1,51.98
1624983530.596,0,47.75
1624983530.599,1,74.73
1624983530.702,0,57.98
1624983530.705,1,58.55
1624983530.809,0,59.99
1624983530.812,1,59.93
1624983530.917,0,85.99
1624983530.92,1,79.98
1624983531.024,0,86.39
1624983531.027,1,105.39
1624983531.13,0,48.68
1624983531.134,1,53.6
1624983531.238,0,48.01
1624983531.241,1,54.7
1624983531.345,0,47.72
1624983531.347,1,67.42
1624983531.45,0,50.31
1624983531.454,1,90.83
1624983531.559,0,55.31
1624983531.562,1,56.61
1624983531.665,0,55.85
1624983531.669,1,57.56
1624983531.772,0,72.25
1624983531.776,1,68.5
1624983531.88,0,48.65
1624983531.883,1,57.11
1624983531.986,0,48.07
1624983531.989,1,52.61
1624983532.092,0,47.05
1624983532.096,1,60.61
1624983532.201,0,50.58
1624983532.204,1,67.05
1624983532.306,0,60.68
1624983532.31,1,60.66
1624983532.413,0,103.44
1624983532.417,1,123.82
1624983532.522,0,48.52
1624983532.524,1,53.16
1624983532.63,0,46.66
1624983532.633,1,53.99
1624983532.736,0,48.12
1624983532.739,1,76.19
1624983532.843,0,53.71
1624983532.846,1,55.7
1624983532.949,0,76.06
1624983532.953,1,72.03
1624983533.056,0,48.94
1624983533.059,1,90.72
1624983533.164,0,48.14
1624983533.167,1,52.88
1624983533.27,0,46.6
1624983533.273,1,57.4
1624983533.376,0,50.03
1624983533.38,1,84.62
1624983533.484,0,58.11
1624983533.488,1,58.66
1624983533.591,0,101.76
1624983533.595,1,91.49
1624983533.698,0,48.81
1624983533.702,1,53.15
1624983533.806,0,46.79
1624983533.809,1,53.45
1624983533.912,0,49.67
1624983533.915,1,86.82
1624983534.018,0,57.36
1624983534.023,1,58.4
1624983534.126,0,90.32
1624983534.129,1,84.83
1624983534.232,0,48.78
1624983534.235,1,52.88
1624983534.339,0,47.33
1624983534.343,1,52.7
1624983534.447,0,48.04
1624983534.45,1,77.21
1624983534.553,0,54.73
1624983534.556,1,55.72
1624983534.659,0,61.88
1624983534.664,1,62.93
1624983534.767,0,95.14
1624983534.77,1,113.43
1624983534.873,0,48.33
1624983534.876,1,52.72
1624983534.979,0,46.9
1624983534.982,1,56.91
1624983535.088,0,48.87
1624983535.091,1,85.85
1624983535.194,0,57.78
1624983535.197,1,58.11
1624983535.3,0,98.5
1624983535.303,1,86.11
1624983535.409,0,48.84
1624983535.412,1,53.09
1624983535.515,0,47.46
1624983535.518,1,52.69
1624983535.621,0,47.81
1624983535.624,1,66.59
1624983535.73,0,54.07
1624983535.733,1,61.77
1624983535.837,0,61.72
1624983535.84,1,61.91
1624983535.943,0,85.13
1624983535.949,1,79.44
1624983536.052,0,76.24
1624983536.055,1,96.09
1624983536.157,0,48.71
1624983536.16,1,53.84
1624983536.264,0,48.13
1624983536.269,1,54.4
1624983536.373,0,47.19
1624983536.376,1,62.41
1624983536.479,0,50.41
1624983536.482,1,85.22
1624983536.585,0,54.65
1624983536.59,1,56.04
1624983536.693,0,56.96
1624983536.696,1,57.87
1624983536.799,0,84.58
1624983536.803,1,82.04
1624983536.906,0,75.34
1624983536.911,1,91.63
1624983537.014,0,48.72
1624983537.017,1,53.06
1624983537.12,0,48.38
1624983537.123,1,53.87
1624983537.226,0,47.67
1624983537.232,1,55.89
1624983537.335,0,47.69
1624983537.338,1,70.24
1624983537.441,0,52.74
1624983537.444,1,63.46
1624983537.547,0,58.39
1624983537.553,1,59.03
1624983537.656,0,73.37
1624983537.66,1,71.01
1624983537.763,0,96.15
1624983537.765,1,99.11
1624983537.869,0,48.89
1624983537.874,1,53.24
1624983537.977,0,48.5
1624983537.98,1,53.85
1624983538.084,0,47.01
1624983538.087,1,59.48
1624983538.19,0,49.06
1624983538.194,1,86.38
1624983538.297,0,55.05
1624983538.3,1,56.17
1624983538.404,0,62.78
1624983538.409,1,61.31
1624983538.512,0,70.25
1624983538.516,1,68.43
1624983538.619,0,93.08
1624983538.622,1,112.82
1624983538.725,0,48.71
1624983538.728,1,53.8
1624983538.831,0,48.2
1624983538.836,1,54.65
1624983538.941,0,47.11
1624983538.944,1,62.22
1624983539.047,0,48.26
1624983539.05,1,78.83
1624983539.153,0,51.92
1624983539.158,1,64.04
1624983539.26,0,60.92
1624983539.264,1,61.22
1624983539.367,0,83.61
1624983539.371,1,81.64
1624983539.474,0,91.97
1624983539.478,1,113.4
1624983539.581,0,48.9
1624983539.584,1,53.75
1624983539.688,0,48.2
1624983539.691,1,54.4
1624983539.794,0,47.17
1624983539.799,1,63.86
1624983539.902,0,49.64
1624983539.905,1,87.94
1624983540.008,0,55.85
1624983540.011,1,57.07
1624983540.114,0,59.4
1624983540.121,1,59.72
1624983540.224,0,68.43
1624983540.227,1,65.88
1624983540.33,0,78.9
1624983540.333,1,97.68
1624983540.436,0,48.84
1624983540.441,1,53.97
1624983540.546,0,48.17
1624983540.549,1,53.96
1624983540.652,0,46.76
1624983540.655,1,59.14
1624983540.758,0,48.75
1624983540.762,1,81.15
1624983540.865,0,52.69
1624983540.868,1,60.78
1624983540.971,0,60.09
1624983540.975,1,60.26
1624983541.078,0,89.92
1624983541.083,1,85.79
1624983541.186,0,69.38
1624983541.189,1,94.43
1624983541.292,0,48.74
1624983541.295,1,53.84
1624983541.399,0,47.85
1624983541.404,1,54.69
1624983541.508,0,48.01
1624983541.51,1,74.48
1624983541.613,0,52.25
1624983541.617,1,64.85
1624983541.72,0,58.02
1624983541.725,1,58.75
1624983541.828,0,79.29
1624983541.832,1,75.08
1624983541.935,0,93.7
1624983541.938,1,102.18
1624983542.04,0,48.97
1624983542.046,1,53.21
1624983542.151,0,48.36
1624983542.154,1,53.95
1624983542.257,0,46.92
1624983542.26,1,58.97
1624983542.364,0,48.45
1624983542.367,1,78.29
1624983542.47,0,54.36
1624983542.473,1,55.75
1624983542.576,0,60.14
1624983542.58,1,60.38
1624983542.683,0,76.47
1624983542.688,1,74.28
1624983542.791,0,87.59
1624983542.794,1,103.86
1624983542.897,0,48.71
1624983542.9,1,53.66
1624983543.003,0,48.18
1624983543.009,1,54.74
1624983543.112,0,47.31
1624983543.115,1,63.24
1624983543.218,0,50.05
1624983543.222,1,92.69
1624983543.325,0,54.59
1624983543.33,1,55.99
1624983543.433,0,67.69
1624983543.437,1,67.01
1624983543.54,0,113.33
1624983543.543,1,131.11
1624983543.646,0,48.93
1624983543.651,1,53.79
1624983543.754,0,48.39
1624983543.757,1,54.08
1624983543.861,0,47.49
1624983543.864,1,57.14
1624983543.967,0,48.45
1624983543.972,1,79.81
1624983544.075,0,52.63
1624983544.078,1,64.35
1624983544.181,0,59.89
1624983544.184,1,60.75
1624983544.287,0,64.1
1624983544.294,1,64.05
1624983544.397,0,110.44
1624983544.399,1,122.75
1624983544.502,0,48.89
1624983544.505,1,53.84
1624983544.609,0,48.39
1624983544.615,1,53.71
1624983544.718,0,47.43
1624983544.721,1,57.35
1624983544.824,0,48.07
1624983544.829,1,68.54
1624983544.934,0,52.87
1624983544.937,1,64.98
1624983545.04,0,55.09
1624983545.043,1,56.49
1624983545.147,0,66.21
1624983545.15,1,63.61
1624983545.255,0,113.32
1624983545.258,1,112.72
1624983545.361,0,48.76
1624983545.364,1,53.87
1624983545.467,0,48.49
1624983545.47,1,54.09
1624983545.576,0,46.95
1624983545.579,1,59.35
1624983545.682,0,48.87
1624983545.685,1,80.43
1624983545.787,0,53.73
1624983545.791,1,58.05
1624983545.896,0,59.76
1624983545.899,1,60.43
1624983546.002,0,75.55
1624983546.006,1,74.06
1624983546.109,0,101.17
1624983546.111,1,97.33
1624983546.217,0,49.1
1624983546.22,1,58.0
1624983546.323,0,48.55
1624983546.326,1,54.05
1624983546.43,0,47.01
1624983546.433,1,57.99
1624983546.538,0,48.68
1624983546.541,1,80.07
1624983546.644,0,54.14
1624983546.647,1,62.31
1624983546.75,0,61.85
1624983546.754,1,60.67
1624983546.86,0,71.14
1624983546.864,1,69.32
1624983546.967,0,48.84
1624983546.97,1,53.09
1624983547.073,0,47.3
1624983547.076,1,52.71
1624983547.181,0,47.74
1624983547.183,1,70.93
1624983547.286,0,54.43
1624983547.29,1,56.11
1624983547.393,0,72.31
1624983547.396,1,68.8
1624983547.501,0,96.86
1624983547.504,1,111.78
1624983547.607,0,48.2
1624983547.61,1,52.74
1624983547.713,0,46.73
1624983547.716,1,56.07
1624983547.822,0,50.0
1624983547.825,1,84.6
1624983547.928,0,58.59
1624983547.931,1,59.35
1624983548.034,0,95.89
1624983548.037,1,83.68
1624983548.142,0,48.94
1624983548.145,1,53.5
1624983548.248,0,47.16
1624983548.251,1,54.42
1624983548.355,0,48.36
1624983548.358,1,72.91
1624983548.464,0,54.31
1624983548.468,1,55.89
1624983548.571,0,73.7
1624983548.574,1,70.94
1624983548.677,0,61.84
1624983548.68,1,87.82
1624983548.784,0,48.45
1624983548.787,1,52.83
1624983548.891,0,46.95
1624983548.893,1,59.42
1624983548.996,0,52.52
1624983548.999,1,65.08
1624983549.105,0,60.94
1624983549.108,1,61.6
1624983549.211,0,105.06
1624983549.214,1,125.0
1624983549.317,0,48.74
1624983549.32,1,53.57
1624983549.426,0,47.84
1624983549.429,1,52.94
1624983549.532,0,47.26
1624983549.536,1,65.72
1624983549.638,0,53.65
1624983549.642,1,63.87
1624983549.747,0,65.75
1624983549.75,1,65.27
1624983549.853,0,87.6
1624983549.856,1,86.1
1624983549.959,0,48.87
1624983549.962,1,52.95
1624983550.069,0,48.13
1624983550.072,1,53.35
1624983550.176,0,47.69
1624983550.178,1,71.59
1624983550.281,0,54.53
1624983550.285,1,57.26
1624983550.389,0,68.19
1624983550.392,1,67.1
1624983550.495,0,84.6
1624983550.498,1,107.43
1624983550.601,0,48.62
1624983550.604,1,53.45
1624983550.71,0,46.79
1624983550.713,1,58.37
1624983550.815,0,49.44
1624983550.818,1,84.19
1624983550.921,0,57.23
1624983550.925,1,57.2
1624983551.03,0,76.96
1624983551.033,1,76.0
1624983551.136,0,48.94
1624983551.14,1,57.28
1624983551.244,0,48.29
1624983551.247,1,53.12
1624983551.351,0,46.94
1624983551.354,1,61.92
1624983551.457,0,51.61
1624983551.46,1,66.13
1624983551.563,0,58.05
1624983551.566,1,57.74
1624983551.673,0,91.72
1624983551.676,1,85.81
1624983551.779,0,48.86
1624983551.783,1,53.52
1624983551.886,0,47.59
1624983551.889,1,52.75
1624983551.993,0,47.62
1624983551.996,1,70.25
1624983552.099,0,56.3
1624983552.103,1,57.5
1624983552.206,0,80.92
1624983552.209,1,73.63
1624983552.314,0,48.87
1624983552.317,1,73.04
1624983552.42,0,48.2
1624983552.423,1,53.21
1624983552.527,0,46.72
1624983552.529,1,57.79
1624983552.634,0,51.67
1624983552.637,1,63.31
1624983552.74,0,63.31
1624983552.745,1,62.31
1624983552.848,0,77.27
1624983552.851,1,104.04
1624983552.955,0,48.39
1624983552.958,1,53.43
1624983553.061,0,47.03
1624983553.064,1,60.12
1624983553.167,0,51.97
1624983553.17,1,63.7
1624983553.273,0,58.53
1624983553.277,1,59.87
1624983553.38,0,95.96
1624983553.383,1,109.35
1624983553.486,0,48.61
1624983553.489,1,52.97
1624983553.592,0,47.21
1624983553.597,1,53.99
1624983553.701,0,48.49
1624983553.703,1,83.12
1624983553.806,0,56.33
1624983553.81,1,57.72
1624983553.913,0,79.99
1624983553.918,1,76.8
1624983554.022,0,48.87
1624983554.025,1,53.14
1624983554.128,0,47.68
1624983554.131,1,52.71
1624983554.235,0,47.46
1624983554.239,1,65.4
1624983554.344,0,50.93
1624983554.346,1,63.45
1624983554.449,0,65.01
1624983554.453,1,64.8
1624983554.556,0,81.67
1624983554.56,1,112.54
1624983554.666,0,48.2
1624983554.669,1,52.74
1624983554.772,0,47.08
1624983554.775,1,59.83
1624983554.878,0,52.65
1624983554.881,1,64.05
1624983554.984,0,63.49
1624983554.987,1,60.93
1624983555.094,0,107.15
1624983555.096,1,117.69
1624983555.199,0,48.67
1624983555.202,1,53.41
1624983555.306,0,46.44
1624983555.308,1,55.11
1624983555.414,0,49.85
1624983555.417,1,85.51
1624983555.521,0,58.72
1624983555.524,1,59.24
1624983555.627,0,85.04
1624983555.63,1,81.93
1624983555.733,0,48.94
1624983555.736,1,53.68
1624983555.84,0,46.82
1624983555.843,1,52.9
1624983555.947,0,48.62
1624983555.949,1,85.07
1624983556.052,0,54.6
1624983556.056,1,55.88
1624983556.159,0,75.9
1624983556.165,1,72.81
1624983556.267,0,49.0
1624983556.27,1,53.26
1624983556.374,0,47.97
1624983556.377,1,53.37
1624983556.48,0,47.51
1624983556.485,1,66.98
1624983556.588,0,55.59
1624983556.591,1,56.63
1624983556.694,0,85.84
1624983556.698,1,82.09
1624983556.801,0,48.86
1624983556.806,1,53.41
1624983556.909,0,47.66
1624983556.912,1,52.77
1624983557.016,0,47.17
1624983557.019,1,63.15
1624983557.123,0,53.77
1624983557.127,1,58.82
1624983557.23,0,68.67
1624983557.234,1,68.27
1624983557.337,0,62.64
1624983557.339,1,90.26
1624983557.442,0,48.42
1624983557.447,1,53.09
1624983557.551,0,46.81
1624983557.553,1,59.03
1624983557.656,0,51.65
1624983557.659,1,63.09
1624983557.762,0,62.46
1624983557.769,1,61.56
1624983557.873,0,84.33
1624983557.876,1,103.38
1624983557.978,0,48.49
1624983557.981,1,53.25
1624983558.085,0,46.44
1624983558.089,1,55.01
1624983558.192,0,48.34
1624983558.195,1,77.05
1624983558.3,0,56.01
1624983558.303,1,57.01
1624983558.406,0,77.27
1624983558.41,1,74.3
1624983558.513,0,48.87
1624983558.516,1,52.94
1624983558.62,0,47.57
1624983558.623,1,52.42
1624983558.728,0,47.64
1624983558.731,1,68.56
1624983558.834,0,54.66
1624983558.837,1,56.43
1624983558.94,0,75.33
1624983558.944,1,72.2
1624983559.047,0,64.76
1624983559.052,1,90.5
1624983559.16,0,48.71
1624983559.162,1,53.25
1624983559.266,0,46.71
1624983559.269,1,53.36
1624983559.372,0,48.24
1624983559.375,1,77.18
1624983559.478,0,56.11
1624983559.481,1,56.8
1624983559.587,0,75.23
1624983559.59,1,72.76
1624983559.693,0,84.15
1624983559.696,1,104.26
1624983559.799,0,48.65
1624983559.802,1,53.84
1624983559.905,0,48.07
1624983559.908,1,54.63
1624983560.011,0,47.25
1624983560.014,1,64.07
1624983560.117,0,51.09
1624983560.12,1,79.79
1624983560.223,0,55.7
1624983560.227,1,56.6
1624983560.33,0,73.19
1624983560.336,1,70.76
1624983560.439,0,99.37
1624983560.441,1,122.49
1624983560.545,0,48.9
1624983560.548,1,53.46
1624983560.652,0,48.46
1624983560.656,1,54.06
1624983560.76,0,47.57
1624983560.764,1,56.2
1624983560.867,0,47.81
1624983560.87,1,69.43
1624983560.974,0,52.85
1624983560.977,1,65.23
1624983561.08,0,55.43
1624983561.084,1,56.84
1624983561.187,0,67.57
1624983561.191,1,67.26
1624983561.293,0,75.23
1624983561.298,1,67.46
1624983561.406,0,97.4
1624983561.409,1,112.34
1624983561.512,0,48.84
1624983561.515,1,53.97
1624983561.618,0,48.26
1624983561.621,1,53.98
1624983561.725,0,47.56
1624983561.728,1,64.64
1624983561.83,0,51.01
1624983561.833,1,79.05
1624983561.937,0,57.06
1624983561.941,1,57.87
1624983562.044,0,70.24
1624983562.047,1,68.5
1624983562.15,0,87.28
1624983562.153,1,112.03
1624983562.256,0,48.83
1624983562.26,1,53.36
1624983562.366,0,48.39
1624983562.369,1,54.19
1624983562.472,0,47.11
1624983562.475,1,60.28
1624983562.578,0,49.69
1624983562.581,1,89.83
1624983562.684,0,54.47
1624983562.687,1,55.88
1624983562.79,0,65.73
1624983562.794,1,65.78
1624983562.897,0,100.3
1624983562.902,1,95.67
1624983563.005,0,56.69
1624983563.008,1,79.44
1624983563.111,0,48.94
1624983563.114,1,53.62
1624983563.217,0,48.1
1624983563.223,1,54.74
1624983563.326,0,47.73
1624983563.329,1,69.47
1624983563.432,0,50.25
1624983563.435,1,79.27
1624983563.538,0,54.15
1624983563.544,1,55.72
1624983563.649,0,58.99
1624983563.653,1,59.72
1624983563.756,0,91.83
1624983563.759,1,87.57
1624983563.862,0,49.0
1624983563.865,1,85.14
1624983563.97,0,48.65
1624983563.973,1,54.17
1624983564.076,0,46.97
1624983564.079,1,58.55
1624983564.183,0,49.17
1624983564.186,1,77.2
1624983564.291,0,54.35
1624983564.295,1,62.61
1624983564.398,0,54.35
1624983564.401,1,55.72
1624983564.504,0,76.35
1624983564.508,1,73.17
1624983564.612,0,85.87
1624983564.615,1,102.87
1624983564.718,0,48.94
1624983564.721,1,54.26
1624983564.824,0,48.27
1624983564.828,1,54.15
1624983564.933,0,46.89
1624983564.936,1,59.1
1624983565.039,0,48.58
1624983565.042,1,80.71
1624983565.145,0,54.83
1624983565.149,1,57.38
1624983565.254,0,61.74
1624983565.257,1,62.37
1624983565.36,0,96.83
1624983565.364,1,91.01
1624983565.467,0,51.6
1624983565.469,1,97.24
1624983565.575,0,48.82
1624983565.577,1,53.75
1624983565.681,0,47.17
1624983565.684,1,57.67
1624983565.787,0,48.71
1624983565.79,1,79.15
1624983565.896,0,54.42
1624983565.899,1,57.73
1624983566.002,0,57.32
1624983566.005,1,58.55
1624983566.108,0,98.74
1624983566.112,1,88.67
1624983566.217,0,68.1
1624983566.219,1,89.43
1624983566.322,0,48.84
1624983566.325,1,53.97
1624983566.429,0,48.05
1624983566.432,1,55.01
1624983566.538,0,47.2
1624983566.541,1,61.85
1624983566.643,0,50.23
1624983566.646,1,88.3
1624983566.749,0,55.74
1624983566.753,1,56.32
1624983566.859,0,64.35
1624983566.862,1,63.85
1624983566.965,0,90.84
1624983566.969,1,89.08
1624983567.071,0,49.13
1624983567.074,1,74.87
1624983567.179,0,48.66
1624983567.182,1,54.25
1624983567.286,0,48.04
1624983567.289,1,54.52
1624983567.392,0,47.89
1624983567.395,1,68.02
1624983567.5,0,52.96
1624983567.503,1,63.77
1624983567.606,0,58.94
1624983567.609,1,59.27
1624983567.712,0,82.2
1624983567.716,1,75.11
1624983567.821,0,91.57
1624983567.823,1,112.93
1624983567.926,0,48.84
1624983567.929,1,53.78
1624983568.033,0,47.94
1624983568.036,1,54.4
1624983568.142,0,47.24
1624983568.145,1,64.46
1624983568.248,0,49.67
1624983568.25,1,90.66
1624983568.353,0,55.08
1624983568.357,1,59.82
1624983568.462,0,62.64
1624983568.466,1,63.19
1624983568.569,0,80.22
1624983568.572,1,75.76
1624983568.675,0,56.94
1624983568.679,1,85.57
1624983568.783,0,48.78
1624983568.786,1,53.81
1624983568.889,0,48.13
1624983568.892,1,54.72
1624983568.996,0,47.6
1624983568.999,1,61.98
1624983569.104,0,49.92
1624983569.107,1,89.45
1624983569.21,0,55.39
1624983569.214,1,56.68
1624983569.317,0,78.66
1624983569.32,1,72.92
1624983569.425,0,93.71
1624983569.428,1,110.52
1624983569.53,0,48.81
1624983569.533,1,54.05
1624983569.637,0,48.36
1624983569.64,1,54.22
1624983569.746,0,47.3
1624983569.749,1,62.33
1624983569.852,0,49.52
1624983569.855,1,90.32
1624983569.958,0,56.08
1624983569.962,1,56.78
1624983570.066,0,63.68
1624983570.07,1,63.36
1624983570.173,0,103.95
1624983570.177,1,98.92
1624983570.279,0,52.82
1624983570.282,1,94.71
1624983570.387,0,48.84
1624983570.39,1,53.79
1624983570.493,0,47.44
1624983570.496,1,56.11
1624983570.6,0,47.53
1624983570.603,1,65.68
1624983570.708,0,50.95
1624983570.711,1,77.27
1624983570.814,0,57.22
1624983570.817,1,58.45
1624983570.92,0,69.85
1624983570.924,1,66.28
1624983571.029,0,123.63
1624983571.032,1,137.63
1624983571.135,0,48.88
1624983571.138,1,53.83
1624983571.241,0,47.58
1624983571.245,1,55.74
1624983571.35,0,48.69
1624983571.353,1,78.16
1624983571.456,0,54.86
1624983571.459,1,62.0
1624983571.562,0,60.73
1624983571.566,1,60.09
1624983571.672,0,61.49
1624983571.675,1,62.24
1624983571.778,0,96.25
1624983571.781,1,106.83
1624983571.884,0,49.13
1624983571.887,1,53.71
1624983571.992,0,48.68
1624983571.995,1,54.19
1624983572.098,0,46.98
1624983572.101,1,58.67
1624983572.205,0,49.64
1624983572.207,1,82.44
1624983572.313,0,54.4
1624983572.317,1,56.07
1624983572.419,0,63.8
1624983572.423,1,63.47
1624983572.526,0,98.82
1624983572.529,1,88.81
1624983572.634,0,64.28
1624983572.636,1,84.98
1624983572.739,0,48.58
1624983572.742,1,54.21
1624983572.845,0,47.62
1624983572.849,1,55.44
1624983572.955,0,48.06
1624983572.958,1,74.15
1624983573.06,0,55.22
1624983573.064,1,56.51
1624983573.168,0,58.53
1624983573.171,1,58.89
1624983573.276,0,85.25
1624983573.279,1,80.82
1624983573.382,0,87.45
1624983573.385,1,105.12
1624983573.488,0,48.84
1624983573.491,1,53.95
1624983573.597,0,48.29
1624983573.6,1,55.34
1624983573.704,0,47.24
1624983573.706,1,62.05
1624983573.809,0,48.77
1624983573.812,1,77.36
1624983573.918,0,52.23
1624983573.921,1,67.06
1624983574.024,0,54.63
1624983574.028,1,56.14
1624983574.131,0,60.88
1624983574.134,1,60.58
1624983574.239,0,85.05
1624983574.242,1,82.85
1624983574.345,0,54.15
1624983574.348,1,82.91
1624983574.451,0,48.78
1624983574.454,1,54.09
1624983574.56,0,48.13
1624983574.563,1,54.87
1624983574.666,0,47.65
1624983574.669,1,68.9
1624983574.774,0,51.85
1624983574.776,1,70.94
1624983574.881,0,56.91
1624983574.884,1,58.01
1624983574.987,0,64.9
1624983574.991,1,63.8
1624983575.094,0,97.14
1624983575.098,1,91.89
1624983575.202,0,49.03
1624983575.205,1,66.3
1624983575.308,0,48.62
1624983575.311,1,53.93
1624983575.414,0,46.91
1624983575.417,1,57.95
1624983575.523,0,48.25
1624983575.526,1,75.07
1624983575.629,0,49.96
1624983575.632,1,88.18
1624983575.734,0,55.94
1624983575.738,1,56.46
1624983575.844,0,56.64
1624983575.847,1,57.84
1624983575.95,0,79.38
1624983575.954,1,77.44
1624983576.057,0,77.53
1624983576.06,1,107.15
1624983576.165,0,49.0
1624983576.168,1,53.84
1624983576.272,0,48.68
1624983576.274,1,54.41
1624983576.381,0,48.04
1624983576.384,1,55.45
1624983576.488,0,48.25
1624983576.491,1,73.1
1624983576.593,0,53.26
1624983576.598,1,64.2
1624983576.701,0,60.14
1624983576.704,1,60.5
1624983576.808,0,74.09
1624983576.812,1,72.4
1624983576.915,0,117.68
1624983576.92,1,130.38
1624983577.022,0,49.05
1624983577.025,1,53.98
1624983577.129,0,48.76
1624983577.132,1,54.47
1624983577.236,0,48.01
1624983577.24,1,56.88
1624983577.344,0,47.53
1624983577.347,1,65.78
1624983577.45,0,50.66
1624983577.453,1,87.74
1624983577.556,0,54.96
1624983577.562,1,56.45
1624983577.665,0,61.77
1624983577.668,1,61.76
1624983577.771,0,79.55
1624983577.775,1,74.9
1624983577.878,0,83.51
1624983577.882,1,101.29
1624983577.985,0,49.0
1624983577.988,1,54.18
1624983578.092,0,48.42
1624983578.095,1,54.81
1624983578.198,0,47.69
1624983578.204,1,56.61
1624983578.308,0,47.87
1624983578.311,1,72.47
1624983578.414,0,51.22
1624983578.417,1,64.71
1624983578.519,0,57.15
1624983578.525,1,58.68
1624983578.628,0,80.04
1624983578.631,1,76.7
1624983578.734,0,98.36
1624983578.737,1,101.18
1624983578.84,0,48.96
1624983578.845,1,70.93
1624983578.948,0,48.62
1624983578.951,1,54.32
1624983579.054,0,47.64
1624983579.057,1,56.1
1624983579.161,0,47.21
1624983579.166,1,62.59
1624983579.269,0,48.78
1624983579.272,1,85.19
1624983579.375,0,55.96
1624983579.378,1,56.9
1624983579.481,0,55.61
1624983579.487,1,56.71
1624983579.59,0,76.27
1624983579.594,1,74.46
1624983579.697,0,88.06
1624983579.7,1,104.34
1624983579.803,0,49.0
1624983579.808,1,53.67
1624983579.912,0,48.62
1624983579.915,1,54.22
1624983580.018,0,47.14
1624983580.021,1,62.04
1624983580.124,0,49.83
1624983580.129,1,90.55
1624983580.232,0,58.89
1624983580.235,1,59.53
1624983580.338,0,82.79
1624983580.341,1,79.74
1624983580.444,0,111.35
1624983580.45,1,106.25
1624983580.553,0,49.03
1624983580.556,1,58.32
1624983580.659,0,48.9
1624983580.662,1,54.13
1624983580.766,0,48.26
1624983580.771,1,55.62
1624983580.874,0,47.05
1624983580.877,1,61.45
1624983580.98,0,49.51
1624983580.983,1,90.16
1624983581.086,0,54.84
1624983581.092,1,56.53
1624983581.195,0,60.25
1624983581.198,1,61.0
1624983581.301,0,82.25
1624983581.304,1,78.84
1624983581.407,0,79.07
1624983581.414,1,111.84
1624983581.52,0,49.0
1624983581.523,1,54.05
1624983581.626,0,48.55
1624983581.629,1,54.53
1624983581.732,0,47.35
1624983581.735,1,57.65
1624983581.84,0,48.79
1624983581.843,1,82.43
1624983581.946,0,54.8
1624983581.95,1,56.11
1624983582.053,0,65.11
1624983582.056,1,64.02
1624983582.161,0,93.89
1624983582.165,1,89.14
1624983582.268,0,57.34
1624983582.271,1,80.58
1624983582.374,0,48.94
1624983582.377,1,53.57
1624983582.482,0,48.36
1624983582.485,1,54.24
1624983582.588,0,47.26
1624983582.591,1,61.85
1624983582.695,0,49.52
1624983582.698,1,84.4
1624983582.803,0,54.81
1624983582.807,1,59.57
1624983582.91,0,57.63
1624983582.913,1,59.04
1624983583.016,0,71.82
1624983583.02,1,68.58
1624983583.124,0,95.97
1624983583.127,1,102.87
1624983583.23,0,49.0
1624983583.233,1,53.67
1624983583.336,0,48.58
1624983583.339,1,53.99
1624983583.445,0,47.11
1624983583.448,1,59.03
1624983583.551,0,48.39
1624983583.554,1,76.88
1624983583.657,0,53.2
1624983583.66,1,64.46
1624983583.765,0,56.27
1624983583.769,1,57.47
1624983583.872,0,59.27
1624983583.875,1,59.91
1624983583.978,0,96.27
1624983583.982,1,87.97
1624983584.086,0,66.15
1624983584.089,1,91.12
1624983584.192,0,48.95
1624983584.195,1,53.8
1624983584.298,0,48.07
1624983584.302,1,54.65
1624983584.407,0,47.27
1624983584.411,1,61.21
1624983584.514,0,48.62
1624983584.517,1,82.44
1624983584.619,0,55.52
1624983584.625,1,57.13
1624983584.728,0,61.77
1624983584.732,1,61.93
1624983584.835,0,89.32
1624983584.838,1,84.18
1624983584.941,0,50.58
1624983584.944,1,81.34
1624983585.048,0,48.84
1624983585.051,1,53.78
1624983585.155,0,48.36
1624983585.158,1,54.73
1624983585.261,0,47.56
1624983585.265,1,62.26
1624983585.37,0,50.34
1624983585.373,1,82.65
1624983585.475,0,56.31
1624983585.479,1,57.22
1624983585.582,0,72.26
1624983585.586,1,68.5
1624983585.69,0,47.03
1624983585.693,1,49.28
1624983585.796,0,64.2
1624983585.8,1,63.89
1624983585.903,0,92.45
1624983585.907,1,86.45
1624983586.011,0,74.41
1624983586.014,1,97.65
1624983586.117,0,48.78
1624983586.12,1,54.09
1624983586.223,0,48.29
1624983586.229,1,54.57
1624983586.333,0,46.98
1624983586.336,1,59.17
1624983586.439,0,49.65
1624983586.442,1,91.43
1624983586.545,0,57.48
1624983586.549,1,58.14
1624983586.653,0,65.4
1624983586.657,1,65.07
1624983586.76,0,120.35
1624983586.763,1,108.23
1624983586.866,0,49.1
1624983586.87,1,72.28
1624983586.974,0,48.94
1624983586.977,1,53.85
1624983587.08,0,48.42
1624983587.083,1,54.99
1624983587.187,0,47.3
1624983587.191,1,61.71
1624983587.295,0,52.45
1624983587.298,1,64.56
1624983587.401,0,58.17
1624983587.404,1,59.39
1624983587.507,0,82.64
1624983587.513,1,79.99
1624983587.616,0,90.42
1624983587.619,1,108.92
1624983587.722,0,49.06
1624983587.725,1,54.02
1624983587.828,0,48.46
1624983587.831,1,54.35
1624983587.936,0,47.49
1624983587.939,1,63.47
1624983588.042,0,50.41
1624983588.045,1,89.75
1624983588.148,0,57.92
1624983588.151,1,57.57
1624983588.258,0,63.84
1624983588.261,1,64.32
1624983588.364,0,113.2
1624983588.367,1,102.91
1624983588.47,0,49.13
1624983588.473,1,69.3
1624983588.578,0,48.74
1624983588.583,1,54.28
1624983588.686,0,47.11
1624983588.689,1,59.42
1624983588.792,0,50.96
1624983588.795,1,88.92
1624983588.899,0,53.48
1624983588.905,1,64.06
1624983589.009,0,56.92
1624983589.013,1,58.14
1624983589.116,0,62.78
1624983589.119,1,62.96
1624983589.222,0,115.52
1624983589.227,1,112.54
1624983589.33,0,48.97
1624983589.333,1,54.17
1624983589.436,0,48.74
1624983589.439,1,54.35
1624983589.543,0,48.13
1624983589.545,1,56.66
1624983589.649,0,47.7
1624983589.655,1,65.71
1624983589.761,0,49.47
1624983589.764,1,91.67
1624983589.867,0,55.64
1624983589.87,1,57.51
1624983589.973,0,58.68
1624983589.979,1,59.29
1624983590.082,0,64.07
1624983590.085,1,63.76
1624983590.188,0,94.4
1624983590.191,1,110.21
1624983590.294,0,49.01
1624983590.297,1,54.06
1624983590.403,0,48.42
1624983590.406,1,54.79
1624983590.51,0,47.16
1624983590.513,1,59.48
1624983590.617,0,48.81
1624983590.619,1,78.42
1624983590.724,0,52.87
1624983590.727,1,63.89
1624983590.83,0,59.78
1624983590.833,1,60.55
1624983590.936,0,79.28
1624983590.94,1,74.11
1624983591.045,0,113.89
1624983591.051,1,105.33
1624983591.154,0,49.13
1624983591.157,1,64.06
1624983591.26,0,48.87
1624983591.263,1,54.19
1624983591.366,0,47.75
1624983591.369,1,56.8
1624983591.473,0,47.21
1624983591.481,1,60.29
1624983591.586,0,48.3
1624983591.589,1,78.05
1624983591.692,0,51.66
1624983591.695,1,64.24
1624983591.798,0,56.68
1624983591.804,1,58.17
1624983591.907,0,72.15
1624983591.911,1,70.86
1624983592.015,0,106.9
1624983592.017,1,117.84
1624983592.12,0,49.06
1624983592.123,1,53.71
1624983592.228,0,48.71
1624983592.231,1,54.14
1624983592.335,0,47.69
1624983592.337,1,57.32
1624983592.441,0,48.29
1624983592.444,1,69.46
1624983592.549,0,51.79
1624983592.552,1,63.9
1624983592.654,0,54.28
1624983592.658,1,56.22
1624983592.761,0,86.48
1624983592.765,1,76.77
1624983592.87,0,96.91
1624983592.873,1,119.54
1624983592.975,0,49.0
1624983592.978,1,53.64
1624983593.082,0,48.75
1624983593.085,1,54.87
1624983593.19,0,47.17
1624983593.193,1,58.84
1624983593.297,0,48.73
1624983593.299,1,77.91
1624983593.402,0,52.78
1624983593.405,1,71.24
1624983593.511,0,55.56
1624983593.518,1,56.84
1624983593.621,0,58.49
1624983593.624,1,59.21
1624983593.728,0,86.4
1624983593.731,1,83.32
1624983593.834,0,83.39
1624983593.837,1,101.33
1624983593.94,0,49.0
1624983593.944,1,53.66
1624983594.047,0,48.26
1624983594.05,1,54.55
1624983594.154,0,47.3
1624983594.157,1,61.43
1624983594.26,0,49.92
1624983594.263,1,93.8
1624983594.366,0,57.65
1624983594.369,1,58.08
1624983594.473,0,65.41
1624983594.477,1,65.21
1624983594.58,0,114.58
1624983594.583,1,120.15
1624983594.686,0,49.03
1624983594.689,1,57.38
1624983594.795,0,48.78
1624983594.8,1,54.18
1624983594.904,0,48.03
1624983594.907,1,56.04
1624983595.01,0,48.01
1624983595.013,1,71.53
1624983595.117,0,52.29
1624983595.119,1,71.71
1624983595.224,0,53.81
1624983595.23,1,55.69
1624983595.333,0,57.5
1624983595.336,1,58.51
1624983595.439,0,70.47
1624983595.443,1,68.38
1624983595.546,0,88.86
1624983595.549,1,107.89
1624983595.652,0,48.97
1624983595.656,1,53.62
1624983595.76,0,48.52
1624983595.763,1,55.2
1624983595.866,0,47.59
1624983595.869,1,58.46
1624983595.973,0,48.53
1624983595.975,1,76.07
1624983596.078,0,52.84
1624983596.081,1,65.03
1624983596.184,0,53.74
1624983596.188,1,55.44
1624983596.291,0,71.6
1624983596.294,1,67.67
1624983596.399,0,100.75
1624983596.403,1,93.48
1624983596.506,0,57.1
1624983596.509,1,92.43
1624983596.612,0,48.81
1624983596.615,1,54.23
1624983596.72,0,48.33
1624983596.723,1,55.05
1624983596.828,0,47.51
1624983596.831,1,66.43
1624983596.934,0,48.78
1624983596.937,1,82.94
1624983597.041,0,54.27
1624983597.045,1,62.23
1624983597.148,0,56.58
1624983597.151,1,57.69
1624983597.254,0,71.98
1624983597.258,1,68.46
1624983597.362,0,103.26
1624983597.365,1,116.97
1624983597.468,0,49.09
1624983597.471,1,53.74
1624983597.574,0,48.65
1624983597.578,1,54.33
1624983597.683,0,47.53
1624983597.686,1,58.03
1624983597.79,0,48.68
1624983597.793,1,80.01
1624983597.895,0,54.13
1624983597.906,1,62.98
1624983598.009,0,60.48
1624983598.012,1,61.33
1624983598.115,0,84.47
1624983598.119,1,74.19
1624983598.224,0,82.68
1624983598.227,1,106.12
1624983598.332,0,49.19
1624983598.335,1,54.33
1624983598.438,0,48.81
1624983598.441,1,54.52
1624983598.546,0,47.52
1624983598.549,1,57.86
1624983598.652,0,48.49
1624983598.655,1,76.3
1624983598.758,0,54.36
1624983598.761,1,65.75
1624983598.866,0,58.05
1624983598.87,1,59.08
1624983598.973,0,74.1
1624983598.976,1,71.96
1624983599.079,0,102.7
1624983599.082,1,86.59
1624983599.188,0,49.0
1624983599.19,1,60.88
1624983599.294,0,48.74
1624983599.297,1,54.07
1624983599.4,0,47.91
1624983599.404,1,54.92
1624983599.508,0,47.88
1624983599.511,1,69.07
1624983599.614,0,51.46
1624983599.617,1,65.19
1624983599.72,0,60.69
1624983599.723,1,59.9
1624983599.83,0,76.55
1624983599.833,1,75.47
1624983599.936,0,96.65
1624983599.939,1,115.72
1624983600.042,0,49.03
1624983600.045,1,53.57
1624983600.151,0,48.64
1624983600.153,1,54.51
1624983600.257,0,46.98
1624983600.26,1,58.7
1624983600.363,0,47.84
1624983600.366,1,67.12
1624983600.471,0,51.18
1624983600.474,1,79.7
1624983600.577,0,56.67
1624983600.58,1,58.08
1624983600.683,0,71.05
1624983600.687,1,67.39
1624983600.792,0,107.53
1624983600.795,1,113.43
1624983600.898,0,48.98
1624983600.901,1,53.92
1624983601.004,0,48.66
1624983601.007,1,54.6
1624983601.113,0,47.87
1624983601.116,1,56.85
1624983601.219,0,49.41
1624983601.222,1,89.52
1624983601.325,0,54.07
1624983601.329,1,56.7
1624983601.434,0,64.36
1624983601.437,1,63.83
1624983601.54,0,85.87
1624983601.544,1,83.01
1624983601.647,0,50.8
1624983601.65,1,85.9
1624983601.755,0,48.9
1624983601.758,1,54.42
1624983601.861,0,48.46
1624983601.864,1,55.05
1624983601.968,0,47.85
1624983601.97,1,65.24
1624983602.076,0,50.47
1624983602.079,1,83.43
1624983602.182,0,59.42
1624983602.185,1,60.15
1624983602.288,0,73.23
1624983602.291,1,68.84
1624983602.397,0,115.59
1624983602.4,1,107.62
1624983602.503,0,49.11
1624983602.506,1,64.46
1624983602.609,0,48.79
1624983602.613,1,54.4
1624983602.718,0,47.83
1624983602.72,1,57.58
1624983602.824,0,48.33
1624983602.827,1,73.18
1624983602.93,0,53.38
1624983602.933,1,68.81
1624983603.038,0,54.47
1624983603.041,1,56.35
1624983603.144,0,65.8
1624983603.148,1,65.79
1624983603.251,0,109.09
1624983603.254,1,105.21
1624983603.359,0,49.0
1624983603.362,1,53.83
1624983603.465,0,48.69
1624983603.468,1,54.28
1624983603.572,0,48.1
1624983603.575,1,55.32
1624983603.68,0,47.33
1624983603.683,1,63.11
1624983603.786,0,49.63
1624983603.789,1,92.97
1624983603.892,0,55.27
1624983603.895,1,59.72
1624983604.001,0,63.51
1624983604.004,1,64.35
1624983604.107,0,49.79
1624983604.11,1,71.87
1624983604.213,0,48.36
1624983604.217,1,53.01
1624983604.322,0,47.66
1624983604.325,1,57.22
1624983604.428,0,49.08
1624983604.431,1,84.73
1624983604.534,0,54.37
1624983604.537,1,64.96
1624983604.643,0,54.33
1624983604.647,1,56.11
1624983604.75,0,73.67
1624983604.753,1,71.67
1624983604.856,0,106.92
1624983604.859,1,95.36
1624983604.964,0,48.99
1624983604.967,1,60.37
1624983605.07,0,48.81
1624983605.073,1,54.32
1624983605.176,0,48.1
1624983605.179,1,55.61
1624983605.285,0,48.06
1624983605.288,1,72.51
1624983605.391,0,51.91
1624983605.393,1,64.6
1624983605.496,0,58.99
1624983605.5,1,58.7
1624983605.605,0,75.64
1624983605.609,1,73.26
1624983605.712,0,114.27
1624983605.715,1,132.88
1624983605.818,0,49.1
1624983605.822,1,54.4
1624983605.927,0,48.67
1624983605.93,1,55.22
1624983606.033,0,46.92
1624983606.036,1,60.08
1624983606.14,0,49.53
1624983606.143,1,89.4
1624983606.247,0,52.85
1624983606.251,1,64.36
1624983606.354,0,57.93
1624983606.357,1,59.13
1624983606.46,0,74.06
1624983606.463,1,69.95
1624983606.568,0,104.41
1624983606.571,1,114.6
1624983606.674,0,49.13
1624983606.677,1,53.96
1624983606.78,0,48.55
1624983606.783,1,54.55
1624983606.889,0,48.13
1624983606.892,1,56.3
1624983606.996,0,47.62
1624983606.999,1,67.64
1624983607.102,0,53.23
1624983607.105,1,70.01
1624983607.21,0,57.45
1624983607.214,1,58.47
1624983607.317,0,80.13
1624983607.32,1,78.08
1624983607.423,0,85.71
1624983607.426,1,108.37
1624983607.53,0,49.04
1624983607.533,1,54.09
1624983607.637,0,48.68
1624983607.64,1,54.88
1624983607.743,0,47.56
1624983607.746,1,56.91
1624983607.852,0,48.63
1624983607.855,1,79.81
1624983607.957,0,54.03
1624983607.961,1,55.62
1624983608.064,0,62.08
1624983608.067,1,61.6
1624983608.172,0,80.37
1624983608.176,1,77.64
1624983608.279,0,85.7
1624983608.281,1,106.66
1624983608.384,0,49.06
1624983608.387,1,53.55
1624983608.493,0,48.74
1624983608.496,1,54.07
1624983608.6,0,47.9
1624983608.603,1,57.08
1624983608.706,0,48.46
1624983608.709,1,71.15
1624983608.814,0,51.99
1624983608.817,1,68.29
1624983608.92,0,54.79
1624983608.923,1,56.48
1624983609.026,0,62.05
1624983609.03,1,61.26
1624983609.135,0,84.33
1624983609.138,1,81.12
1624983609.241,0,76.03
1624983609.244,1,95.63
1624983609.347,0,49.09
1624983609.35,1,54.33
1624983609.456,0,48.78
1624983609.459,1,54.49
1624983609.562,0,47.27
1624983609.565,1,58.16
1624983609.669,0,49.26
1624983609.671,1,81.5
1624983609.777,0,54.65
1624983609.78,1,63.41
1624983609.883,0,57.57
1624983609.886,1,58.7
1624983609.989,0,67.28
1624983609.993,1,65.65
1624983610.097,0,113.73
1624983610.1,1,126.02
1624983610.203,0,49.03
1624983610.206,1,54.08
1624983610.309,0,48.36
1624983610.312,1,54.64
1624983610.419,0,47.14
1624983610.421,1,60.15
1624983610.525,0,51.37
1624983610.528,1,81.9
1624983610.631,0,54.55
1624983610.634,1,55.95
1624983610.739,0,62.35
1624983610.743,1,63.08
1624983610.846,0,98.02
1624983610.849,1,94.0
1624983610.952,0,52.33
1624983610.955,1,92.45
1624983611.06,0,48.95
1624983611.063,1,54.36
1624983611.166,0,48.1
1624983611.169,1,55.42
1624983611.272,0,47.6
1624983611.275,1,61.61
1624983611.381,0,50.6
1624983611.384,1,80.18
1624983611.487,0,56.61
1624983611.491,1,57.99
1624983611.594,0,66.9
1624983611.597,1,65.26
1624983611.702,0,105.97
1624983611.705,1,99.12
1624983611.808,0,57.81
1624983611.811,1,81.86
1624983611.914,0,48.83
1624983611.917,1,53.63
1624983612.023,0,48.13
1624983612.026,1,55.58
1624983612.129,0,47.27
1624983612.132,1,64.31
1624983612.235,0,50.5
1624983612.238,1,89.72
1624983612.343,0,54.79
1624983612.347,1,56.08
1624983612.45,0,74.24
1624983612.454,1,72.02
1624983612.557,0,105.15
1624983612.56,1,115.53
1624983612.666,0,49.16
1624983612.669,1,54.38
1624983612.772,0,48.63
1624983612.775,1,54.69
1624983612.879,0,47.43
1624983612.881,1,58.33
1624983612.986,0,48.55
1624983612.989,1,76.62
1624983613.092,0,53.97
1624983613.095,1,61.51
1624983613.198,0,58.57
1624983613.201,1,58.66
1624983613.307,0,81.51
1624983613.31,1,79.12
1624983613.413,0,102.91
1624983613.416,1,119.57
1624983613.519,0,49.01
1624983613.521,1,54.07
1624983613.628,0,48.49
1624983613.631,1,54.89
1624983613.734,0,47.65
1624983613.738,1,67.15
1624983613.841,0,50.45
1624983613.843,1,86.86
1624983613.948,0,56.35
1624983613.952,1,57.49
1624983614.055,0,67.73
1624983614.058,1,67.62
1624983614.161,0,115.57
1624983614.165,1,94.89
1624983614.271,0,51.35
1624983614.274,1,82.8
1624983614.377,0,48.87
1624983614.38,1,54.56
1624983614.484,0,48.36
1624983614.489,1,55.14
1624983614.593,0,47.14
1624983614.596,1,60.87
1624983614.699,0,49.44
1624983614.702,1,84.95
1624983614.805,0,54.47
1624983614.81,1,60.82
1624983614.913,0,59.51
1624983614.917,1,60.35
1624983615.02,0,72.54
1624983615.023,1,70.82
1624983615.126,0,105.59
1624983615.131,1,121.13
1624983615.234,0,49.06
1624983615.237,1,53.63
1624983615.34,0,48.65
1624983615.345,1,54.47
1624983615.448,0,47.05
1624983615.452,1,58.87
1624983615.556,0,48.9
1624983615.559,1,87.45
1624983615.662,0,54.6
1624983615.665,1,56.1
1624983615.768,0,64.12
1624983615.774,1,63.74
1624983615.877,0,93.42
1624983615.88,1,88.74
1624983615.983,0,61.15
1624983615.986,1,93.06
1624983616.089,0,48.9
1624983616.094,1,53.81
1624983616.198,0,48.03
1624983616.201,1,55.63
1624983616.304,0,47.75
1624983616.307,1,70.68
1624983616.41,0,51.61
1624983616.415,1,80.1
1624983616.518,0,55.12
1624983616.521,1,56.9
1624983616.624,0,64.08
1624983616.628,1,64.48
1624983616.731,0,71.06
1624983616.736,1,70.85
1624983616.839,0,92.74
1624983616.842,1,110.44
1624983616.945,0,49.03
1624983616.949,1,54.24
1624983617.052,0,48.74
1624983617.057,1,54.44
1624983617.16,0,47.28
1624983617.163,1,62.56
1624983617.266,0,49.78
1624983617.269,1,92.3
1624983617.372,0,53.34
1624983617.378,1,56.55
1624983617.481,0,58.01
1624983617.484,1,59.03
1624983617.587,0,89.5
1624983617.591,1,85.08
1624983617.694,0,91.13
1624983617.699,1,109.74
1624983617.802,0,49.1
1624983617.805,1,53.73
1624983617.908,0,48.45
1624983617.911,1,54.34
1624983618.015,0,47.08
1624983618.02,1,60.54
1624983618.123,0,48.64
1624983618.126,1,79.25
1624983618.229,0,54.41
1624983618.232,1,62.47
1624983618.335,0,55.78
1624983618.342,1,57.09
1624983618.445,0,67.94
1624983618.448,1,67.48
1624983618.551,0,76.0
1624983618.554,1,73.53
1624983618.657,0,71.88
1624983618.662,1,101.01
1624983618.765,0,49.03
1624983618.768,1,54.35
1624983618.871,0,48.62
1624983618.874,1,54.98
1624983618.978,0,47.27
1624983618.983,1,59.91
1624983619.086,0,48.7
1624983619.089,1,78.99
1624983619.192,0,53.9
1624983619.195,1,55.89
1624983619.298,0,60.99
1624983619.304,1,61.4
1624983619.407,0,88.71
1624983619.411,1,82.96
1624983619.514,0,84.87
1624983619.516,1,107.34
1624983619.619,0,49.13
1624983619.625,1,53.75
1624983619.728,0,48.57
1624983619.731,1,54.96
1624983619.834,0,47.05
1624983619.837,1,60.43
1624983619.941,0,48.52
1624983619.945,1,76.68
1624983620.048,0,53.72
1624983620.051,1,65.15
1624983620.154,0,57.83
1624983620.158,1,58.97
1624983620.261,0,60.83
1624983620.267,1,60.97
1624983620.37,0,91.06
1624983620.374,1,86.22
1624983620.477,0,49.07
1624983620.48,1,63.94
1624983620.583,0,48.93
1624983620.587,1,53.85
1624983620.692,0,48.37
1624983620.695,1,55.13
1624983620.799,0,47.38
1624983620.801,1,65.14
1624983620.904,0,49.87
1624983620.908,1,92.91
1624983621.013,0,54.99
1624983621.016,1,56.49
1624983621.119,0,64.61
1624983621.122,1,64.11
1624983621.225,0,77.46
1624983621.23,1,73.22
1624983621.335,0,92.56
1624983621.337,1,112.02
1624983621.44,0,48.97
1624983621.443,1,54.08
1624983621.547,0,48.23
1624983621.55,1,54.32
1624983621.656,0,47.27
1624983621.661,1,64.09
1624983621.764,0,49.8
1624983621.766,1,94.96
1624983621.869,0,55.6
1624983621.873,1,56.72
1624983621.978,0,63.14
1624983621.981,1,62.92
1624983622.084,0,80.66
1624983622.088,1,77.86
1624983622.191,0,57.08
1624983622.194,1,80.44
1624983622.297,0,48.75
1624983622.3,1,53.95
1624983622.408,0,48.74
1624983622.413,1,54.26
1624983622.516,0,47.39
1624983622.519,1,57.76
1624983622.623,0,48.87
1624983622.626,1,77.43
1624983622.73,0,53.32
1624983622.734,1,62.77
1624983622.837,0,57.7
1624983622.84,1,58.34
1624983622.943,0,90.34
1624983622.946,1,85.61
1624983623.049,0,72.74
1624983623.055,1,92.45
1624983623.158,0,48.97
1624983623.161,1,53.92
1624983623.264,0,48.59
1624983623.267,1,54.67
1624983623.37,0,47.11
1624983623.375,1,59.05
1624983623.479,0,49.44
1624983623.482,1,93.8
1624983623.585,0,55.62
1624983623.589,1,57.01
1624983623.692,0,64.76
1624983623.697,1,62.17
1624983623.803,0,76.38
1624983623.806,1,74.4
1624983623.909,0,94.48
1624983623.912,1,113.6
1624983624.015,0,49.0
1624983624.018,1,53.83
1624983624.121,0,48.09
1624983624.124,1,54.85
1624983624.233,0,47.27
1624983624.238,1,60.45
1624983624.341,0,49.21
1624983624.344,1,84.52
1624983624.447,0,54.96
1624983624.45,1,61.3
1624983624.556,0,59.73
1624983624.559,1,60.46
1624983624.662,0,92.92
1624983624.666,1,89.49
1624983624.769,0,52.9
1624983624.771,1,77.43
1624983624.874,0,48.94
1624983624.88,1,54.56
1624983624.983,0,48.39
1624983624.986,1,55.24
1624983625.09,0,47.46
1624983625.092,1,63.57
1624983625.195,0,50.06
1624983625.201,1,89.77
1624983625.303,0,57.64
1624983625.307,1,58.28
1624983625.41,0,62.19
1624983625.414,1,62.46
1624983625.517,0,91.96
1624983625.522,1,86.36
1624983625.625,0,66.46
1624983625.627,1,88.31
1624983625.73,0,49.0
1624983625.733,1,54.4
1624983625.838,0,48.65
1624983625.842,1,55.03
1624983625.946,0,47.46
1624983625.949,1,58.25
1624983626.052,0,48.71
1624983626.055,1,77.51
1624983626.158,0,53.05
1624983626.163,1,76.7
1624983626.269,0,58.24
1624983626.273,1,58.6
1624983626.376,0,70.0
1624983626.379,1,69.79
1624983626.482,0,97.83
1624983626.485,1,114.04
1624983626.588,0,49.06
1624983626.591,1,54.08
1624983626.697,0,48.74
1624983626.7,1,54.34
1624983626.803,0,47.91
1624983626.806,1,55.91
1624983626.91,0,47.75
1624983626.912,1,68.72
1624983627.015,0,52.71
1624983627.018,1,65.01
1624983627.121,0,58.18
1624983627.126,1,58.99
1624983627.229,0,67.38
1624983627.232,1,67.1
1624983627.335,0,97.18
1624983627.338,1,91.4
1624983627.441,0,78.48
1624983627.446,1,98.23
1624983627.549,0,49.06
1624983627.552,1,53.72
1624983627.656,0,48.28
1624983627.659,1,55.25
1624983627.763,0,47.56
1624983627.767,1,64.83
1624983627.87,0,50.49
1624983627.874,1,90.89
1624983627.976,0,55.49
1624983627.98,1,56.6
1624983628.084,0,62.88
1624983628.089,1,63.06
1624983628.192,0,119.8
1624983628.195,1,116.09
1624983628.298,0,49.08
1624983628.301,1,54.03
1624983628.405,0,48.78
1624983628.409,1,54.22
1624983628.518,0,48.24
1624983628.521,1,54.93
1624983628.625,0,47.17
1624983628.63,1,59.98
1624983628.734,0,48.26
1624983628.736,1,77.84
1624983628.839,0,52.9
1624983628.842,1,64.89
1624983628.946,0,57.26
1624983628.952,1,58.66
1624983629.055,0,64.29
1624983629.058,1,65.2
1624983629.161,0,105.45
1624983629.164,1,101.32
1624983629.267,0,68.47
1624983629.272,1,96.24
1624983629.375,0,48.95
1624983629.379,1,53.86
1624983629.483,0,48.2
1624983629.485,1,55.82
1624983629.589,0,47.24
1624983629.593,1,62.16
1624983629.696,0,49.54
1624983629.699,1,91.15
1624983629.802,0,57.68
1624983629.806,1,58.7
1624983629.909,0,63.23
1624983629.915,1,62.93
1624983630.018,0,101.89
1624983630.021,1,84.51
1624983630.127,0,49.13
1624983630.13,1,81.68
1624983630.233,0,48.59
1624983630.236,1,54.68
1624983630.339,0,47.24
1624983630.342,1,61.18
1624983630.446,0,48.18
1624983630.449,1,68.61
1624983630.557,0,51.88
1624983630.559,1,71.85
1624983630.662,0,61.5
1624983630.666,1,62.14
1624983630.769,0,73.4
1624983630.772,1,71.76
1624983630.875,0,86.58
1624983630.878,1,104.04
1624983630.981,0,49.19
1624983630.986,1,53.87
1624983631.089,0,48.94
1624983631.092,1,54.35
1624983631.195,0,47.75
1624983631.199,1,57.1
1624983631.302,0,47.87
1624983631.305,1,67.91
1624983631.408,0,51.11
1624983631.411,1,71.86
1624983631.514,0,56.25
1624983631.52,1,57.39
1624983631.623,0,61.73
1624983631.626,1,62.27
1624983631.729,0,81.12
1624983631.733,1,79.76
1624983631.836,0,70.89
1624983631.841,1,88.73
1624983631.943,0,49.0
1624983631.946,1,54.2
1624983632.05,0,48.04
1624983632.053,1,55.57
1624983632.156,0,47.81
1624983632.162,1,68.22
1624983632.264,0,49.99
1624983632.267,1,86.76
1624983632.37,0,58.29
1624983632.374,1,59.03
1624983632.477,0,60.26
1624983632.483,1,60.98
1624983632.586,0,74.37
1624983632.591,1,73.24
1624983632.694,0,78.35
1624983632.697,1,102.99
1624983632.8,0,49.08
1624983632.804,1,54.21
1624983632.908,0,48.57
1624983632.911,1,54.54
1624983633.014,0,47.53
1624983633.017,1,64.62
1624983633.12,0,49.28
1624983633.125,1,86.71
1624983633.228,0,54.92
1624983633.231,1,56.4
1624983633.334,0,61.75
1624983633.337,1,62.6
1624983633.44,0,84.1
1624983633.446,1,81.6
1624983633.549,0,72.45
1624983633.552,1,91.6
1624983633.655,0,48.97
1624983633.658,1,54.1
1624983633.763,0,48.46
1624983633.767,1,54.7
1624983633.87,0,47.32
1624983633.873,1,64.58
1624983633.976,0,50.99
1624983633.979,1,87.23
1624983634.082,0,54.06
1624983634.088,1,55.92
1624983634.191,0,55.33
1624983634.196,1,57.48
1624983634.299,0,71.22
1624983634.302,1,70.26
1624983634.405,0,105.61
1624983634.41,1,125.64
1624983634.512,0,49.03
1624983634.515,1,53.38
1624983634.619,0,48.68
1624983634.622,1,54.96
1624983634.725,0,47.57
1624983634.73,1,58.24
1624983634.834,0,48.42
1624983634.837,1,74.38
1624983634.939,0,53.87
1624983634.943,1,60.31
1624983635.046,0,59.89
1624983635.052,1,60.83
1624983635.155,0,78.6
1624983635.158,1,75.94
1624983635.261,0,83.44
1624983635.264,1,108.25
1624983635.368,0,49.13
1624983635.372,1,54.25
1624983635.475,0,48.68
1624983635.478,1,54.46
1624983635.582,0,47.49
1624983635.585,1,58.24
1624983635.689,0,49.74
1624983635.693,1,92.43
1624983635.795,0,55.89
1624983635.8,1,57.34
1624983635.903,0,75.32
1624983635.907,1,73.34
1624983636.01,0,84.12
1624983636.014,1,79.41
1624983636.117,0,70.08
1624983636.12,1,85.97
1624983636.223,0,48.85
1624983636.226,1,54.55
1624983636.329,0,48.23
1624983636.335,1,55.35
1624983636.438,0,47.65
1624983636.441,1,66.4
1624983636.544,0,49.99
1624983636.547,1,92.94
1624983636.649,0,54.97
1624983636.656,1,57.97
1624983636.759,0,57.54
1624983636.762,1,57.84
1624983636.865,0,91.84
1624983636.868,1,87.34
1624983636.971,0,56.75
1624983636.977,1,75.01
1624983637.079,0,49.1
1624983637.082,1,54.13
1624983637.186,0,48.48
1624983637.189,1,55.16
1624983637.292,0,47.29
1624983637.297,1,61.4
1624983637.4,0,48.84
1624983637.403,1,86.63
1624983637.506,0,54.4
1624983637.51,1,56.17
1624983637.613,0,58.41
1624983637.619,1,59.45
1624983637.722,0,69.99
1624983637.725,1,68.81
1624983637.828,0,123.6
1624983637.831,1,140.82
1624983637.934,0,49.18
1624983637.939,1,55.5
1624983638.042,0,48.81
1624983638.045,1,54.62
1624983638.148,0,47.65
1624983638.151,1,58.15
1624983638.255,0,48.25
1624983638.26,1,69.45
1624983638.363,0,52.36
1624983638.365,1,68.57
1624983638.468,0,58.26
1624983638.472,1,59.35
1624983638.575,0,65.1
1624983638.581,1,64.79
1624983638.684,0,113.27
1624983638.687,1,123.39
1624983638.79,0,49.19
1624983638.793,1,54.4
1624983638.896,0,46.23
1624983638.901,1,48.0
1624983639.004,0,50.07
1624983639.007,1,93.8
1624983639.11,0,55.4
1624983639.114,1,56.49
1624983639.217,0,62.96
1624983639.223,1,62.68
1624983639.326,0,81.67
1624983639.329,1,79.83
1624983639.432,0,50.7
1624983639.435,1,73.17
1624983639.538,0,49.06
1624983639.543,1,54.61
1624983639.647,0,48.57
1624983639.65,1,54.95
1624983639.753,0,47.4
1624983639.756,1,61.75
1624983639.859,0,49.52
1624983639.864,1,92.86
1624983639.967,0,57.25
1624983639.97,1,58.34
1624983640.073,0,65.42
1624983640.077,1,65.81
1624983640.18,0,89.44
1624983640.185,1,85.79
1624983640.288,0,84.44
1624983640.291,1,103.9
1624983640.394,0,49.06
1624983640.397,1,54.47
1624983640.5,0,48.74
1624983640.505,1,55.23
1624983640.609,0,47.11
1624983640.612,1,61.41
1624983640.715,0,48.21
1624983640.718,1,74.29
1624983640.821,0,53.94
1624983640.827,1,65.47
1624983640.929,0,57.53
1624983640.933,1,58.55
1624983641.036,0,68.03
1624983641.04,1,64.1
1624983641.145,0,114.35
1624983641.148,1,127.83
1624983641.251,0,48.93
1624983641.254,1,54.17
1624983641.357,0,48.29
1624983641.36,1,54.75
1624983641.467,0,47.1
1624983641.47,1,60.47
1624983641.573,0,49.32
1624983641.576,1,84.62
1624983641.68,0,54.65
1624983641.683,1,55.76
1624983641.788,0,63.55
1624983641.791,1,64.01
1624983641.894,0,85.56
1624983641.898,1,82.58
1624983642.001,0,90.55
1624983642.003,1,120.92
1624983642.108,0,49.13
1624983642.112,1,54.26
1624983642.216,0,48.62
1624983642.219,1,54.59
1624983642.322,0,47.94
1624983642.325,1,67.0
1624983642.429,0,52.71
1624983642.432,1,65.89
1624983642.535,0,58.54
1624983642.539,1,59.74
1624983642.642,0,74.94
1624983642.645,1,70.18
1624983642.75,0,106.56
1624983642.753,1,121.59
1624983642.856,0,49.03
1624983642.858,1,54.25
1624983642.962,0,48.33
1624983642.965,1,54.89
1624983643.071,0,47.4
1624983643.074,1,65.05
1624983643.177,0,50.25
1624983643.18,1,92.89
1624983643.284,0,54.08
1624983643.287,1,62.01
1624983643.392,0,59.35
1624983643.395,1,60.83
1624983643.498,0,68.42
1624983643.502,1,67.17
1624983643.605,0,84.88
1624983643.607,1,96.49
1624983643.713,0,49.08
1624983643.717,1,54.3
1624983643.821,0,48.79
1624983643.824,1,54.3
1624983643.927,0,47.94
1624983643.93,1,56.26
1624983644.034,0,47.59
1624983644.037,1,66.06
1624983644.14,0,52.49
1624983644.143,1,64.99
1624983644.246,0,60.79
1624983644.249,1,60.09
1624983644.355,0,81.93
1624983644.358,1,78.23
1624983644.461,0,80.29
1624983644.464,1,96.69
1624983644.567,0,49.02
1624983644.57,1,54.19
1624983644.676,0,48.51
1624983644.679,1,54.69
1624983644.783,0,47.65
1624983644.786,1,64.88
1624983644.89,0,49.16
1624983644.893,1,86.61
1624983644.997,0,53.83
1624983645.0,1,63.81
1624983645.103,0,60.94
1624983645.106,1,61.49
1624983645.209,0,79.48
1624983645.213,1,73.7
1624983645.318,0,93.62
1624983645.321,1,112.43
1624983645.423,0,49.13
1624983645.426,1,53.88
1624983645.53,0,48.51
1624983645.533,1,55.05
1624983645.639,0,47.45
1624983645.641,1,61.9
1624983645.744,0,49.45
1624983645.747,1,87.76
1624983645.85,0,54.76
1624983645.854,1,55.78
1624983645.959,0,60.79
1624983645.963,1,61.46
1624983646.066,0,85.73
1624983646.069,1,82.83
1624983646.172,0,73.25
1624983646.175,1,98.96
1624983646.28,0,49.16
1624983646.283,1,53.71
1624983646.386,0,48.78
1624983646.389,1,54.12
1624983646.494,0,48.01
1624983646.5,1,56.3
1624983646.604,0,48.25
1624983646.606,1,72.73
1624983646.709,0,52.81
1624983646.712,1,65.98
1624983646.815,0,55.69
1624983646.823,1,56.89
1624983646.925,0,74.79
1624983646.929,1,73.73
1624983647.032,0,113.0
1624983647.035,1,113.59
1624983647.138,0,49.16
1624983647.142,1,53.71
1624983647.245,0,48.71
1624983647.248,1,54.5
1624983647.352,0,48.01
1624983647.355,1,56.4
1624983647.458,0,47.72
1624983647.463,1,67.71
1624983647.566,0,51.79
1624983647.568,1,81.49
1624983647.671,0,56.07
1624983647.675,1,57.25
1624983647.778,0,68.01
1624983647.784,1,67.82
1624983647.887,0,111.09
1624983647.89,1,103.34
1624983647.993,0,49.18
1624983647.996,1,55.9
1624983648.099,0,48.81
1624983648.104,1,54.63
1624983648.208,0,46.92
1624983648.211,1,57.93
1624983648.314,0,54.23
1624983648.317,1,55.92
1624983648.42,0,57.34
1624983648.427,1,58.26
1624983648.53,0,74.35
1624983648.533,1,70.92
1624983648.636,0,76.87
1624983648.64,1,76.5
1624983648.743,0,69.17
1624983648.747,1,90.06
1624983648.85,0,48.9
1624983648.853,1,53.72
1624983648.956,0,48.49
1624983648.959,1,55.27
1624983649.063,0,47.24
1624983649.067,1,60.08
1624983649.171,0,49.18
1624983649.174,1,82.86
1624983649.276,0,53.34
1624983649.28,1,64.68
1624983649.382,0,54.03
1624983649.388,1,55.42
1624983649.492,0,64.78
1624983649.495,1,64.09
1624983649.6,0,101.27
1624983649.603,1,84.54
1624983649.709,0,53.55
1624983649.712,1,72.8
1624983649.815,0,49.0
1624983649.818,1,53.86
1624983649.921,0,48.36
1624983649.924,1,54.72
1624983650.031,0,47.78
1624983650.034,1,68.24
1624983650.137,0,51.38
1624983650.14,1,77.03
1624983650.243,0,57.28
1624983650.246,1,57.82
1624983650.351,0,65.23
1624983650.355,1,65.29
1624983650.458,0,101.91
1624983650.461,1,95.66
1624983650.564,0,71.9
1624983650.567,1,107.48
1624983650.672,0,48.87
1624983650.675,1,54.33
1624983650.778,0,48.42
1624983650.781,1,55.18
1624983650.885,0,48.2
1624983650.887,1,66.38
1624983650.993,0,49.97
1624983650.996,1,92.94
1624983651.099,0,55.25
1624983651.102,1,56.76
1624983651.205,0,59.6
1624983651.209,1,59.85
1624983651.314,0,83.84
1624983651.317,1,81.08
1624983651.42,0,59.48
1624983651.423,1,89.09
1624983651.526,0,48.85
1624983651.529,1,54.37
1624983651.635,0,48.04
1624983651.638,1,55.76
1624983651.741,0,48.2
1624983651.744,1,76.18
1624983651.847,0,53.24
1624983651.851,1,63.99
1624983651.955,0,54.86
1624983651.959,1,56.27
1624983652.062,0,70.52
1624983652.065,1,69.34
1624983652.168,0,108.01
1624983652.171,1,93.34
1624983652.276,0,52.36
1624983652.279,1,71.48
1624983652.382,0,49.0
1624983652.385,1,54.03
1624983652.488,0,48.13
1624983652.491,1,55.22
1624983652.597,0,47.14
1624983652.6,1,59.18
1624983652.704,0,49.18
1624983652.706,1,84.25
1624983652.809,0,54.58
1624983652.813,1,65.65
1624983652.918,0,58.64
1624983652.921,1,58.78
1624983653.024,0,80.41
1624983653.028,1,78.51
1624983653.131,0,68.8
1624983653.134,1,100.47
1624983653.239,0,49.0
1624983653.242,1,54.14
1624983653.345,0,48.61
1624983653.348,1,54.88
1624983653.452,0,47.46
1624983653.455,1,60.53
1624983653.56,0,49.78
1624983653.563,1,90.5
1624983653.666,0,54.82
1624983653.669,1,56.51
1624983653.772,0,68.46
1624983653.776,1,66.58
1624983653.88,0,98.14
1624983653.884,1,91.55
1624983653.987,0,57.65
1624983653.99,1,88.01
1624983654.093,0,48.91
1624983654.096,1,53.93
1624983654.202,0,48.62
1624983654.205,1,54.99
1624983654.308,0,47.75
1624983654.311,1,67.19
1624983654.414,0,50.82
1624983654.417,1,91.58
1624983654.522,0,58.94
1624983654.526,1,59.97
1624983654.629,0,62.65
1624983654.632,1,63.58
1624983654.735,0,96.62
1624983654.738,1,86.95
1624983654.843,0,77.1
1624983654.846,1,97.77
1624983654.949,0,48.98
1624983654.952,1,53.71
1624983655.056,0,48.2
1624983655.059,1,54.99
1624983655.165,0,47.3
1624983655.167,1,61.83
1624983655.271,0,50.28
1624983655.273,1,89.07
1624983655.376,0,55.34
1624983655.38,1,56.07
1624983655.485,0,59.68
1624983655.489,1,60.81
1624983655.592,0,94.01
1624983655.595,1,87.89
1624983655.698,0,67.6
1624983655.701,1,96.08
1624983655.806,0,49.12
1624983655.81,1,54.22
1624983655.913,0,48.65
1624983655.916,1,55.13
1624983656.019,0,47.27
1624983656.022,1,60.07
1624983656.127,0,48.85
1624983656.131,1,81.38
1624983656.234,0,54.16
1624983656.238,1,62.51
1624983656.341,0,56.85
1624983656.344,1,57.77
1624983656.448,0,59.42
1624983656.457,1,60.75
1624983656.56,0,69.21
1624983656.564,1,65.83
1624983656.668,0,109.82
1624983656.671,1,120.5
1624983656.774,0,49.06
1624983656.778,1,53.9
1624983656.882,0,48.64
1624983656.884,1,54.78
1624983656.989,0,47.43
1624983656.992,1,58.23
1624983657.095,0,48.85
1624983657.098,1,80.17
1624983657.201,0,54.65
1624983657.204,1,65.85
1624983657.309,0,59.21
1624983657.313,1,59.44
1624983657.416,0,72.32
1624983657.419,1,71.47
1624983657.522,0,99.87
1624983657.526,1,124.71
1624983657.631,0,49.12
1624983657.634,1,54.32
1624983657.737,0,48.63
1624983657.74,1,55.02
1624983657.843,0,47.47
1624983657.846,1,57.93
1624983657.952,0,48.74
1624983657.955,1,82.56
1624983658.058,0,52.85
1624983658.061,1,65.6
1624983658.164,0,55.22
1624983658.167,1,56.46
1624983658.272,0,58.65
1624983658.282,1,59.58
1624983658.385,0,83.13
1624983658.389,1,76.44
1624983658.493,0,79.65
1624983658.496,1,100.97
1624983658.599,0,48.78
1624983658.602,1,54.02
1624983658.705,0,47.97
1624983658.709,1,56.5
1624983658.815,0,47.66
1624983658.817,1,67.31
1624983658.921,0,49.76
1624983658.924,1,93.24
1624983659.027,0,55.9
1624983659.03,1,56.72
1624983659.135,0,58.66
1624983659.139,1,59.49
1624983659.242,0,86.71
1624983659.246,1,83.99
1624983659.349,0,72.13
1624983659.352,1,98.35
1624983659.456,0,48.94
1624983659.459,1,53.86
1624983659.562,0,48.67
1624983659.565,1,54.76
1624983659.669,0,47.14
1624983659.671,1,58.8
1624983659.777,0,48.71
1624983659.78,1,82.35
1624983659.882,0,54.43
1624983659.886,1,62.61
1624983659.989,0,60.2
1624983659.992,1,59.78
1624983660.097,0,78.42
1624983660.101,1,77.51
1624983660.204,0,99.7
1624983660.207,1,116.39
1624983660.309,0,49.03
1624983660.312,1,54.4
1624983660.419,0,48.71
1624983660.423,1,54.35
1624983660.529,0,47.83
1624983660.532,1,57.15
1624983660.635,0,48.01
1624983660.638,1,72.21
1624983660.741,0,54.4
1624983660.744,1,56.1
1624983660.847,0,65.11
1624983660.85,1,64.59
1624983660.953,0,119.55
1624983660.956,1,100.36
1624983661.061,0,53.99
1624983661.064,1,85.28
1624983661.167,0,48.87
1624983661.17,1,54.25
1624983661.273,0,48.1
1624983661.276,1,55.11
1624983661.382,0,47.91
1624983661.385,1,70.39
1624983661.488,0,54.02
1624983661.491,1,65.85
1624983661.594,0,62.68
1624983661.597,1,61.52
1624983661.702,0,73.41
1624983661.706,1,71.73
1624983661.809,0,109.9
1624983661.812,1,119.75
1624983661.915,0,49.19
1624983661.918,1,53.84
1624983662.023,0,48.62
1624983662.026,1,54.49
1624983662.131,0,47.65
1624983662.134,1,56.68
1624983662.238,0,48.13
1624983662.241,1,69.72
1624983662.345,0,52.96
1624983662.348,1,74.12
1624983662.451,0,55.81
1624983662.454,1,57.85
1624983662.557,0,76.11
1624983662.56,1,70.93
1624983662.666,0,109.83
1624983662.674,1,105.94
1624983662.777,0,49.11
1624983662.78,1,58.95
1624983662.883,0,48.84
1624983662.886,1,54.35
1624983662.989,0,48.04
1624983662.992,1,55.95
1624983663.096,0,48.23
1624983663.101,1,68.88
1624983663.207,0,49.93
1624983663.21,1,91.46
1624983663.313,0,58.73
1624983663.316,1,59.55
1624983663.42,0,68.27
1624983663.423,1,65.69
1624983663.528,0,107.56
1624983663.532,1,97.1
1624983663.636,0,68.81
1624983663.639,1,95.66
1624983663.742,0,48.98
1624983663.745,1,53.83
1624983663.851,0,48.14
1624983663.854,1,55.47
1624983663.957,0,47.24
1624983663.96,1,63.09
1624983664.063,0,49.9
1624983664.066,1,87.44
1624983664.171,0,54.23
1624983664.174,1,59.07
1624983664.277,0,55.08
1624983664.281,1,56.78
1624983664.384,0,68.29
1624983664.388,1,66.17
1624983664.492,0,110.11
1624983664.495,1,121.36
1624983664.598,0,49.16
1624983664.601,1,54.42
1624983664.704,0,48.78
1624983664.709,1,54.19
1624983664.814,0,47.85
1624983664.816,1,56.81
1624983664.92,0,48.01
1624983664.923,1,71.7
1624983665.026,0,51.72
1624983665.028,1,69.75
1624983665.131,0,57.06
1624983665.135,1,58.26
1624983665.238,0,68.18
1624983665.242,1,67.75
1624983665.345,0,108.35
1624983665.348,1,100.92
1624983665.451,0,61.36
1624983665.456,1,78.01
1624983665.558,0,49.03
1624983665.561,1,54.25
1624983665.665,0,48.23
1624983665.668,1,55.18
1624983665.771,0,47.42
1624983665.776,1,63.69
1624983665.88,0,48.9
1624983665.882,1,86.62
1624983665.985,0,54.95
1624983665.989,1,56.46
1624983666.092,0,62.15
1624983666.098,1,63.07
1624983666.201,0,97.02
1624983666.204,1,90.97
1624983666.307,0,61.56
1624983666.31,1,88.23
1624983666.413,0,48.94
1624983666.418,1,54.24
1624983666.522,0,48.35
1624983666.525,1,55.01
1624983666.628,0,48.1
1624983666.631,1,69.5
1624983666.734,0,51.07
1624983666.739,1,81.27
1624983666.842,0,56.61
1624983666.845,1,57.93
1624983666.948,0,57.67
1624983666.952,1,59.65
1624983667.055,0,66.77
1624983667.06,1,65.97
1624983667.163,0,113.06
1624983667.166,1,127.26
1624983667.269,0,49.1
1624983667.272,1,54.25
1624983667.376,0,48.81
1624983667.381,1,54.51
1624983667.484,0,47.47
1624983667.487,1,62.7
1624983667.59,0,51.03
1624983667.593,1,85.58
1624983667.696,0,56.01
1624983667.702,1,57.5
1624983667.805,0,65.59
1624983667.809,1,65.48
1624983667.912,0,84.83
1624983667.915,1,83.39
1624983668.018,0,75.62
1624983668.023,1,98.73
1624983668.126,0,48.9
1624983668.129,1,53.85
1624983668.233,0,48.29
1624983668.236,1,55.53
1624983668.339,0,47.33
1624983668.344,1,61.86
1624983668.449,0,50.28
1624983668.451,1,88.78
1624983668.554,0,56.09
1624983668.558,1,57.0
1624983668.664,0,62.41
1624983668.667,1,63.16
1624983668.77,0,68.26
1624983668.773,1,68.77
1624983668.876,0,101.53
1624983668.879,1,125.87
1624983668.984,0,49.19
1624983668.987,1,54.04
1624983669.09,0,48.55
1624983669.093,1,54.63
1624983669.197,0,47.33
1624983669.2,1,59.3
1624983669.306,0,49.32
1624983669.308,1,84.94
1624983669.411,0,54.66
1624983669.415,1,56.32
1624983669.517,0,61.17
1624983669.522,1,60.85
1624983669.626,0,79.8
1624983669.63,1,76.48
1624983669.733,0,72.76
1624983669.736,1,95.04
1624983669.839,0,48.97
1624983669.841,1,54.17
1624983669.947,0,48.57
1624983669.95,1,55.51
1624983670.054,0,47.21
1624983670.057,1,61.69
1624983670.16,0,50.21
1624983670.162,1,90.33
1624983670.268,0,55.19
1624983670.271,1,56.48
1624983670.374,0,66.05
1624983670.378,1,67.12
1624983670.481,0,88.25
1624983670.484,1,81.75
1624983670.589,0,90.77
1624983670.591,1,108.58
1624983670.694,0,49.03
1624983670.697,1,54.53
1624983670.801,0,48.49
1624983670.804,1,55.22
1624983670.909,0,47.39
1624983670.912,1,62.93
1624983671.015,0,50.79
1624983671.018,1,88.48
1624983671.121,0,55.5
1624983671.126,1,56.4
1624983671.23,0,63.07
1624983671.233,1,63.81
1624983671.336,0,90.88
1624983671.34,1,84.92
1624983671.443,0,54.6
1624983671.446,1,93.22
1624983671.55,0,48.87
1624983671.553,1,54.19
1624983671.657,0,48.42
1624983671.66,1,55.16
1624983671.763,0,47.27
1624983671.766,1,60.47
1624983671.872,0,49.51
1624983671.874,1,94.36
1624983671.977,0,54.78
1624983671.981,1,56.55
1624983672.084,0,63.17
1624983672.087,1,61.68
1624983672.192,0,79.83
1624983672.196,1,77.45
1624983672.299,0,89.33
1624983672.301,1,101.1
1624983672.404,0,49.08
1624983672.408,1,61.24
1624983672.513,0,48.95
1624983672.516,1,54.67
1624983672.62,0,47.88
1624983672.622,1,56.72
1624983672.726,0,48.29
1624983672.73,1,71.52
1624983672.834,0,52.37
1624983672.837,1,67.61
1624983672.94,0,55.76
1624983672.944,1,57.17
1624983673.047,0,62.18
1624983673.05,1,61.89
1624983673.155,0,117.47
1624983673.159,1,108.06
1624983673.262,0,48.98
1624983673.265,1,54.02
1624983673.368,0,48.8
1624983673.371,1,54.43
1624983673.476,0,47.91
1624983673.479,1,57.14
1624983673.582,0,47.59
1624983673.585,1,67.17
1624983673.688,0,50.72
1624983673.691,1,92.88
1624983673.797,0,53.95
1624983673.8,1,55.53
1624983673.903,0,60.25
1624983673.907,1,61.01
1624983674.01,0,74.5
1624983674.014,1,72.2
1624983674.117,0,102.48
1624983674.121,1,95.93
1624983674.224,0,49.16
1624983674.227,1,55.97
1624983674.331,0,48.78
1624983674.335,1,54.19
1624983674.439,0,47.75
1624983674.442,1,57.59
1624983674.546,0,48.16
1624983674.548,1,71.23
1624983674.651,0,51.4
1624983674.654,1,82.82
1624983674.759,0,56.74
1624983674.764,1,58.05
1624983674.867,0,70.69
1624983674.87,1,70.24
1624983674.973,0,101.26
1624983674.976,1,125.66
1624983675.08,0,49.22
1624983675.084,1,53.89
1624983675.188,0,48.81
1624983675.19,1,54.52
1624983675.294,0,47.59
1624983675.297,1,58.26
1624983675.401,0,47.85
1624983675.405,1,71.03
1624983675.508,0,53.16
1624983675.511,1,65.43
1624983675.614,0,59.13
1624983675.617,1,59.81
1624983675.721,0,65.99
1624983675.726,1,66.1
1624983675.829,0,105.16
1624983675.832,1,104.81
1624983675.935,0,49.12
1624983675.939,1,79.45
1624983676.042,0,48.81
1624983676.047,1,54.59
1624983676.151,0,47.14
1624983676.154,1,59.28
1624983676.257,0,48.42
1624983676.26,1,76.12
1624983676.363,0,52.64
1624983676.368,1,65.46
1624983676.471,0,59.4
1624983676.475,1,60.69
1624983676.578,0,69.14
1624983676.581,1,66.81
1624983676.684,0,105.06
1624983676.689,1,123.93
1624983676.792,0,49.01
1624983676.795,1,53.84
1624983676.899,0,48.52
1624983676.901,1,54.61
1624983677.005,0,47.46
1624983677.01,1,58.35
1624983677.114,0,49.0
1624983677.117,1,82.53
1624983677.219,0,53.38
1624983677.223,1,58.22
1624983677.326,0,58.03
1624983677.332,1,59.05
1624983677.435,0,61.6
1624983677.438,1,62.83
1624983677.541,0,89.35
1624983677.546,1,83.91
1624983677.649,0,102.85
1624983677.653,1,123.48
1624983677.756,0,48.97
1624983677.759,1,54.2
1624983677.862,0,48.55
1624983677.865,1,54.65
1624983677.97,0,47.43
1624983677.974,1,58.28
1624983678.077,0,47.91
1624983678.08,1,71.8
1624983678.183,0,52.63
1624983678.186,1,66.2
1624983678.289,0,54.72
1624983678.295,1,56.2
1624983678.398,0,69.0
1624983678.402,1,68.24
1624983678.505,0,107.44
1624983678.507,1,112.46
1624983678.61,0,49.22
1624983678.616,1,55.78
1624983678.719,0,48.65
1624983678.722,1,54.26
1624983678.825,0,47.43
1624983678.828,1,62.92
1624983678.931,0,48.8
1624983678.937,1,84.22
1624983679.04,0,54.42
1624983679.043,1,62.59
1624983679.146,0,57.94
1624983679.151,1,58.95
1624983679.254,0,68.84
1624983679.259,1,68.56
1624983679.362,0,117.73
1624983679.365,1,103.03
1624983679.471,0,49.13
1624983679.474,1,80.23
1624983679.577,0,48.65
1624983679.58,1,54.69
1624983679.683,0,47.37
1624983679.686,1,57.74
1624983679.792,0,48.12
1624983679.794,1,70.1
1624983679.897,0,50.6
1624983679.9,1,80.71
1624983680.003,0,55.81
1624983680.007,1,56.55
1624983680.113,0,60.51
1624983680.116,1,60.65
1624983680.219,0,74.54
1624983680.223,1,73.52
1624983680.326,0,69.82
1624983680.328,1,101.35
1624983680.433,0,48.94
1624983680.436,1,54.53
1624983680.539,0,48.44
1624983680.542,1,54.83
1624983680.646,0,47.46
1624983680.649,1,57.58
1624983680.754,0,47.72
1624983680.757,1,69.57
1624983680.86,0,51.85
1624983680.863,1,71.43
1624983680.966,0,54.86
1624983680.969,1,55.99
1624983681.076,0,60.45
1624983681.079,1,61.27
1624983681.182,0,70.14
1624983681.186,1,68.98
1624983681.289,0,91.62
1624983681.292,1,115.38
1624983681.396,0,49.03
1624983681.399,1,54.53
1624983681.502,0,48.52
1624983681.505,1,54.98
1624983681.609,0,47.33
1624983681.611,1,59.82
1624983681.717,0,48.23
1624983681.719,1,76.42
1624983681.822,0,53.53
1624983681.826,1,56.25
1624983681.929,0,59.97
1624983681.932,1,59.39
1624983682.037,0,79.84
1624983682.041,1,77.44
1624983682.144,0,78.85
1624983682.147,1,98.21
1624983682.25,0,49.07
1624983682.252,1,53.92
1624983682.358,0,48.78
1624983682.361,1,54.38
1624983682.465,0,47.25
1624983682.468,1,58.8
1624983682.571,0,48.66
1624983682.574,1,74.1
1624983682.681,0,50.26
1624983682.687,1,87.57
1624983682.79,0,55.0
1624983682.793,1,56.78
1624983682.896,0,61.58
1624983682.899,1,61.71
1624983683.002,0,76.68
1624983683.008,1,74.82
1624983683.111,0,105.48
1624983683.114,1,120.53
1624983683.217,0,48.81
1624983683.219,1,54.41
1624983683.323,0,48.32
1624983683.328,1,55.65
1624983683.432,0,47.46
1624983683.435,1,65.34
1624983683.537,0,50.18
1624983683.54,1,87.24
1624983683.643,0,57.81
1624983683.649,1,58.84
1624983683.752,0,68.67
1624983683.756,1,65.48
1624983683.862,0,118.73
1624983683.864,1,132.52
1624983683.967,0,49.23
1624983683.97,1,54.29
1624983684.074,0,48.87
1624983684.077,1,54.07
1624983684.184,0,46.54
1624983684.19,1,53.97
1624983684.293,0,49.32
1624983684.296,1,92.61
1624983684.399,0,53.04
1624983684.402,1,55.02
1624983684.505,0,62.66
1624983684.511,1,62.94
1624983684.614,0,84.65
1624983684.618,1,79.68
1624983684.721,0,75.66
1624983684.724,1,94.43
1624983684.826,0,49.09
1624983684.832,1,54.12
1624983684.935,0,48.65
1624983684.938,1,55.4
1624983685.041,0,47.09
1624983685.044,1,60.28
1624983685.148,0,48.62
1624983685.152,1,78.74
1624983685.255,0,52.11
1624983685.258,1,63.76
1624983685.361,0,60.15
1624983685.365,1,60.97
1624983685.468,0,93.87
1624983685.474,1,85.68
1624983685.577,0,49.03
1624983685.58,1,94.13
1624983685.688,0,48.84
1624983685.691,1,53.85
1624983685.794,0,47.81
1624983685.797,1,57.37
1624983685.901,0,48.46
1624983685.903,1,74.56
1624983686.007,0,54.37
1624983686.01,1,62.88
1624983686.113,0,61.8
1624983686.117,1,62.45
1624983686.22,0,72.07
1624983686.223,1,67.76
1624983686.328,0,105.77
1624983686.331,1,117.38
1624983686.434,0,49.22
1624983686.437,1,54.08
1624983686.54,0,48.82
1624983686.543,1,53.74
1624983686.649,0,48.04
1624983686.652,1,55.78
1624983686.755,0,47.94
1624983686.758,1,71.45
1624983686.861,0,52.94
1624983686.864,1,77.7
1624983686.97,0,56.56
1624983686.974,1,58.05
1624983687.077,0,67.59
1624983687.08,1,67.0
1624983687.183,0,113.23
1624983687.186,1,101.91
1624983687.293,0,49.21
1624983687.298,1,62.73
1624983687.401,0,48.68
1624983687.404,1,54.66
1624983687.508,0,47.59
1624983687.51,1,57.5
1624983687.614,0,47.97
1624983687.619,1,70.11
1624983687.722,0,52.23
1624983687.725,1,68.26
1624983687.827,0,58.26
1624983687.831,1,58.24
1624983687.935,0,64.34
1624983687.941,1,63.66
1624983688.044,0,97.59
1624983688.047,1,97.24
1624983688.15,0,49.23
1624983688.153,1,79.58
1624983688.258,0,48.81
1624983688.261,1,54.32
1624983688.364,0,48.08
1624983688.367,1,56.07
1624983688.471,0,48.07
1624983688.473,1,72.43
1624983688.576,0,52.64
1624983688.581,1,66.65
1624983688.684,0,54.15
1624983688.688,1,56.11
1624983688.791,0,63.48
1624983688.794,1,63.82
1624983688.897,0,69.33
1624983688.903,1,68.44
1624983689.006,0,98.75
1624983689.009,1,119.47
1624983689.112,0,48.97
1624983689.115,1,53.71
1624983689.218,0,48.2
1624983689.223,1,54.75
1624983689.327,0,47.46
1624983689.33,1,64.3
1624983689.433,0,51.1
1624983689.436,1,82.99
1624983689.539,0,54.76
1624983689.544,1,55.87
1624983689.649,0,62.18
1624983689.653,1,63.23
1624983689.756,0,93.92
1624983689.759,1,89.3
1624983689.862,0,59.5
1624983689.865,1,91.25
1624983689.968,0,48.9
1624983689.971,1,54.03
1624983690.075,0,48.1
1624983690.078,1,56.41
1624983690.181,0,47.49
1624983690.185,1,64.39
1624983690.288,0,49.93
1624983690.291,1,88.35
1624983690.394,0,54.24
1624983690.397,1,56.13
1624983690.5,0,59.8
1624983690.506,1,60.74
1624983690.609,0,79.74
1624983690.613,1,75.62
1624983690.716,0,96.0
1624983690.719,1,111.8
1624983690.826,0,49.09
1624983690.829,1,60.49
1624983690.933,0,48.81
1624983690.936,1,54.6
1624983691.039,0,47.36
1624983691.042,1,59.04
1624983691.146,0,47.97
1624983691.149,1,72.93
1624983691.252,0,53.12
1624983691.255,1,65.71
1624983691.357,0,59.99
1624983691.361,1,60.52
1624983691.464,0,64.97
1624983691.469,1,64.35
1624983691.572,0,101.45
1624983691.575,1,121.16
1624983691.677,0,49.16
1624983691.68,1,53.72
1624983691.784,0,48.77
1624983691.789,1,54.65
1624983691.893,0,47.81
1624983691.895,1,57.92
1624983691.999,0,47.97
1624983692.002,1,69.75
1624983692.105,0,51.46
1624983692.11,1,73.61
1624983692.213,0,56.29
1624983692.216,1,57.8
1624983692.319,0,79.39
1624983692.323,1,76.62
1624983692.426,0,110.07
1624983692.431,1,102.61
1624983692.534,0,49.06
1624983692.537,1,55.26
1624983692.64,0,48.78
1624983692.643,1,54.06
1624983692.747,0,48.01
1624983692.752,1,55.12
1624983692.861,0,47.34
1624983692.863,1,62.85
1624983692.967,0,49.62
1624983692.972,1,90.88
1624983693.075,0,55.06
1624983693.08,1,62.2
1624983693.185,0,58.81
1624983693.189,1,59.8
1624983693.292,0,61.95
1624983693.296,1,62.8
1624983693.399,0,106.65
1624983693.401,1,122.01
1624983693.504,0,49.13
1624983693.507,1,57.84
1624983693.613,0,48.65
1624983693.616,1,54.51
1624983693.72,0,48.15
1624983693.723,1,55.57
1624983693.826,0,48.0
1624983693.829,1,71.31
1624983693.932,0,51.98
1624983693.935,1,65.43
1624983694.038,0,56.1
1624983694.041,1,57.6
1624983694.144,0,65.76
1624983694.148,1,65.74
1624983694.251,0,105.0
1624983694.256,1,100.5
1624983694.359,0,51.78
1624983694.362,1,72.51
1624983694.465,0,48.84
1624983694.468,1,54.23
1624983694.573,0,47.85
1624983694.576,1,55.95
1624983694.68,0,48.29
1624983694.684,1,71.28
1624983694.787,0,51.41
1624983694.79,1,73.82
1624983694.893,0,55.29
1624983694.897,1,56.3
1624983695.004,0,61.63
1624983695.007,1,61.22
1624983695.11,0,94.58
1624983695.114,1,90.69
1624983695.217,0,61.42
1624983695.22,1,86.51
1624983695.322,0,49.1
1624983695.325,1,54.12
1624983695.432,0,48.42
1624983695.435,1,54.81
1624983695.538,0,47.3
1624983695.541,1,58.67
1624983695.644,0,48.92
1624983695.647,1,84.25
1624983695.75,0,52.82
1624983695.753,1,64.75
1624983695.856,0,55.6
1624983695.86,1,57.07
1624983695.963,0,73.18
1624983695.967,1,71.84
1624983696.07,0,110.46
1624983696.073,1,107.38
1624983696.176,0,49.1
1624983696.18,1,69.56
1624983696.284,0,48.72
1624983696.288,1,54.32
1624983696.392,0,47.89
1624983696.395,1,56.45
1624983696.499,0,48.47
1624983696.502,1,74.83
1624983696.604,0,54.55
1624983696.608,1,60.53
1624983696.711,0,62.84
1624983696.714,1,60.59
1624983696.82,0,100.41
1624983696.824,1,94.29
1624983696.927,0,51.74
1624983696.93,1,77.44
1624983697.032,0,48.98
1624983697.035,1,54.57
1624983697.139,0,48.65
1624983697.143,1,54.65
1624983697.253,0,47.88
1624983697.256,1,56.64
1624983697.359,0,47.53
1624983697.364,1,67.2
1624983697.466,0,51.75
1624983697.469,1,84.77
1624983697.574,0,62.33
1624983697.577,1,62.8
1624983697.68,0,62.38
1624983697.685,1,63.33
1624983697.788,0,46.98
1624983697.793,1,49.05
1624983697.897,0,82.63
1624983697.9,1,77.51
1624983698.003,0,98.9
1624983698.006,1,120.51
1624983698.109,0,48.97
1624983698.112,1,53.99
1624983698.218,0,48.81
1624983698.221,1,54.72
1624983698.325,0,47.28
1624983698.328,1,58.44
1624983698.431,0,47.9
1624983698.434,1,67.84
1624983698.54,0,52.46
1624983698.542,1,64.74
1624983698.645,0,60.59
1624983698.649,1,61.05
1624983698.752,0,74.94
1624983698.755,1,69.32
1624983698.86,0,104.65
1624983698.863,1,99.16
1624983698.966,0,49.19
1624983698.969,1,75.97
1624983699.072,0,49.0
1624983699.075,1,54.27
1624983699.181,0,48.17
1624983699.184,1,56.06
1624983699.287,0,47.37
1624983699.29,1,64.27
1624983699.393,0,48.8
1624983699.396,1,78.03
1624983699.502,0,51.21
1624983699.505,1,62.65
1624983699.608,0,73.35
1624983699.611,1,73.71
1624983699.714,0,53.65
1624983699.717,1,83.39
1624983699.823,0,48.53
1624983699.826,1,53.29
1624983699.929,0,46.94
1624983699.932,1,56.53
1624983700.035,0,50.3
1624983700.038,1,80.26
1624983700.144,0,54.95
1624983700.15,1,56.25
1624983700.253,0,72.74
1624983700.256,1,70.64
1624983700.361,0,56.62
1624983700.364,1,89.68
1624983700.467,0,48.61
1624983700.471,1,53.47
1624983700.574,0,46.85
1624983700.577,1,56.51
1624983700.68,0,49.96
1624983700.683,1,84.79
1624983700.786,0,58.05
1624983700.792,1,59.17
1624983700.895,0,64.0
1624983700.9,1,63.66
1624983701.002,0,107.86
1624983701.005,1,111.87
1624983701.108,0,49.19
1624983701.113,1,59.28
1624983701.216,0,48.97
1624983701.219,1,54.7
1624983701.322,0,48.29
1624983701.325,1,55.68
1624983701.429,0,47.78
1624983701.433,1,68.3
1624983701.536,0,52.31
1624983701.539,1,65.78
1624983701.642,0,58.9
1624983701.646,1,59.65
1624983701.749,0,63.72
1624983701.755,1,64.46
1624983701.858,0,113.84
1624983701.861,1,119.66
1624983701.965,0,49.1
1624983701.968,1,53.94
1624983702.072,0,48.62
1624983702.076,1,54.64
1624983702.179,0,47.17
1624983702.182,1,59.95
1624983702.285,0,49.13
1624983702.288,1,85.4
1624983702.391,0,54.09
1624983702.396,1,66.07
1624983702.499,0,55.25
1624983702.504,1,56.83
1624983702.607,0,73.54
1624983702.61,1,71.32
1624983702.713,0,104.63
1624983702.718,1,97.44
1624983702.821,0,49.2
1624983702.824,1,67.81
1624983702.927,0,48.91
1624983702.93,1,54.26
1624983703.034,0,48.04
1624983703.038,1,56.5
1624983703.142,0,48.39
1624983703.144,1,74.67
1624983703.247,0,52.16
1624983703.25,1,67.82
1624983703.353,0,57.08
1624983703.359,1,58.4
1624983703.462,0,67.43
1624983703.466,1,67.03
1624983703.569,0,92.88
1624983703.572,1,86.99
1624983703.675,0,53.97
1624983703.68,1,84.72
1624983703.783,0,48.81
1624983703.786,1,54.57
1624983703.889,0,48.34
1624983703.892,1,55.32
1624983703.996,0,47.36
1624983704.001,1,63.34
1624983704.104,0,49.53
1624983704.107,1,90.4
1624983704.209,0,54.3
1624983704.213,1,56.19
1624983704.316,0,62.64
1624983704.322,1,63.2
1624983704.426,0,109.55
1624983704.429,1,87.46
1624983704.535,0,85.8
1624983704.538,1,101.32
1624983704.641,0,49.2
1624983704.644,1,54.55
1624983704.748,0,46.91
1624983704.751,1,53.81
1624983704.856,0,48.78
1624983704.859,1,82.27
1624983704.962,0,54.32
1624983704.966,1,56.19
1624983705.069,0,60.15
1624983705.072,1,59.94
1624983705.177,0,84.38
1624983705.18,1,82.67
1624983705.283,0,88.22
1624983705.286,1,103.62
1624983705.389,0,49.2
1624983705.392,1,54.16
1624983705.498,0,48.55
1624983705.501,1,54.76
1624983705.605,0,47.36
1624983705.61,1,60.74
1624983705.713,0,48.96
1624983705.716,1,83.98
1624983705.819,0,54.6
1624983705.823,1,60.03
1624983705.925,0,59.38
1624983705.929,1,60.41
1624983706.032,0,64.38
1624983706.036,1,63.61
1624983706.14,0,90.41
1624983706.142,1,112.33
1624983706.245,0,49.1
1624983706.248,1,54.37
1624983706.351,0,48.52
1624983706.354,1,55.03
1624983706.461,0,47.65
1624983706.464,1,58.42
1624983706.567,0,48.1
1624983706.57,1,71.2
1624983706.673,0,53.61
1624983706.676,1,68.47
1624983706.782,0,54.77
1624983706.788,1,56.65
1624983706.891,0,58.8
1624983706.894,1,59.63
1624983706.997,0,94.48
1624983707.001,1,87.88
1624983707.104,0,79.06
1624983707.109,1,103.78
1624983707.212,0,49.02
1624983707.215,1,54.66
1624983707.318,0,47.49
1624983707.321,1,58.13
1624983707.425,0,48.12
1624983707.43,1,72.08
1624983707.533,0,52.57
1624983707.536,1,65.94
1624983707.639,0,54.02
1624983707.643,1,56.19
1624983707.745,0,59.98
1624983707.751,1,60.13
1624983707.854,0,71.49
1624983707.858,1,69.86
1624983707.961,0,88.06
1624983707.963,1,104.44
1624983708.066,0,49.13
1624983708.072,1,68.71
1624983708.175,0,49.04
1624983708.177,1,54.2
1624983708.281,0,48.36
1624983708.284,1,55.84
1624983708.387,0,47.67
1624983708.392,1,67.4
1624983708.495,0,51.87
1624983708.498,1,87.42
1624983708.601,0,54.42
1624983708.604,1,56.11
1624983708.708,0,60.37
1624983708.713,1,60.92
1624983708.816,0,71.68
1624983708.82,1,70.04
1624983708.923,0,88.7
1624983708.926,1,108.72
1624983709.029,0,49.13
1624983709.034,1,54.19
1624983709.138,0,48.65
1624983709.141,1,54.79
1624983709.244,0,47.49
1624983709.247,1,62.31
1624983709.35,0,49.19
1624983709.355,1,84.66
1624983709.458,0,53.26
1624983709.461,1,55.24
1624983709.564,0,59.7
1624983709.568,1,60.45
1624983709.671,0,65.52
1624983709.676,1,66.97
1624983709.779,0,116.47
1624983709.782,1,122.42
1624983709.885,0,49.23
1624983709.888,1,64.18
1624983709.992,0,49.04
1624983709.997,1,54.2
1624983710.101,0,48.07
1624983710.104,1,55.74
1624983710.207,0,47.57
1624983710.21,1,65.09
1624983710.313,0,51.03
1624983710.318,1,83.82
1624983710.421,0,59.89
1624983710.424,1,61.11
1624983710.527,0,78.54
1624983710.531,1,75.58
1624983710.634,0,109.26
1624983710.639,1,107.14
1624983710.742,0,49.23
1624983710.745,1,54.2
1624983710.849,0,48.46
1624983710.852,1,55.36
1624983710.955,0,47.2
1624983710.959,1,60.77
1624983711.063,0,49.18
1624983711.066,1,84.5
1624983711.169,0,54.83
1624983711.172,1,59.41
1624983711.275,0,56.93
1624983711.281,1,58.24
1624983711.384,0,76.21
1624983711.387,1,73.6
1624983711.49,0,106.7
1624983711.493,1,122.4
1624983711.596,0,49.25
1624983711.602,1,54.29
1624983711.705,0,48.97
1624983711.708,1,54.33
1624983711.811,0,48.2
1624983711.814,1,55.97
1624983711.917,0,47.33
1624983711.922,1,62.73
1624983712.025,0,48.71
1624983712.028,1,87.81
1624983712.131,0,53.1
1624983712.134,1,64.01
1624983712.238,0,58.95
1624983712.244,1,60.35
1624983712.347,0,75.53
1624983712.351,1,72.54
1624983712.454,0,100.55
1624983712.457,1,113.66
1624983712.56,0,49.13
1624983712.564,1,53.91
1624983712.668,0,48.65
1624983712.671,1,54.29
1624983712.774,0,48.09
1624983712.777,1,57.29
1624983712.881,0,48.34
1624983712.885,1,72.87
1624983712.988,0,52.01
1624983712.991,1,67.4
1624983713.094,0,57.7
1624983713.098,1,59.12
1624983713.201,0,77.9
1624983713.206,1,76.0
1624983713.309,0,95.18
1624983713.312,1,94.54
1624983713.415,0,49.13
1624983713.418,1,54.19
1624983713.521,0,48.94
1624983713.527,1,54.16
1624983713.631,0,48.1
1624983713.634,1,55.53
1624983713.737,0,47.94
1624983713.74,1,72.0
1624983713.843,0,51.88
1624983713.847,1,71.08
1624983713.95,0,56.36
1624983713.954,1,57.87
1624983714.057,0,57.71
1624983714.06,1,59.91
1624983714.163,0,89.16
1624983714.169,1,84.16
1624983714.272,0,49.17
1624983714.275,1,74.81
1624983714.377,0,48.81
1624983714.38,1,54.4
1624983714.484,0,47.69
1624983714.489,1,56.47
1624983714.593,0,48.04
1624983714.596,1,72.75
1624983714.699,0,52.29
1624983714.702,1,67.47
1624983714.805,0,56.49
1624983714.81,1,57.51
1624983714.913,0,72.49
1624983714.916,1,71.35
1624983715.019,0,108.65
1624983715.022,1,121.74
1624983715.125,0,49.16
1624983715.132,1,74.13
1624983715.235,0,48.91
1624983715.238,1,54.21
1624983715.345,0,48.42
1624983715.348,1,55.47
1624983715.451,0,47.44
1624983715.454,1,65.8
1624983715.557,0,50.93
1624983715.56,1,92.75
1624983715.666,0,54.45
1624983715.669,1,56.6
1624983715.772,0,66.74
1624983715.776,1,66.13
1624983715.879,0,91.69
1624983715.882,1,84.07
1624983715.986,0,84.46
1624983715.989,1,103.92
1624983716.092,0,49.02
1624983716.095,1,53.84
1624983716.199,0,48.23
1624983716.202,1,54.7
1624983716.307,0,47.08
1624983716.31,1,60.38
1624983716.413,0,49.42
1624983716.416,1,89.99
1624983716.519,0,55.06
1624983716.522,1,62.74
1624983716.627,0,58.4
1624983716.631,1,59.53
1624983716.734,0,75.76
1624983716.739,1,73.47
1624983716.842,0,99.51
1624983716.844,1,118.1
1624983716.949,0,49.03
1624983716.952,1,54.26
1624983717.055,0,48.84
1624983717.058,1,54.35
1624983717.161,0,48.33
1624983717.164,1,55.63
1624983717.269,0,47.54
1624983717.272,1,67.72
1624983717.375,0,49.93
1624983717.378,1,90.67
1624983717.481,0,55.51
1624983717.484,1,56.43
1624983717.59,0,60.25
1624983717.594,1,60.9
1624983717.697,0,63.91
1624983717.7,1,63.51
1624983717.803,0,103.51
1624983717.806,1,117.58
1624983717.911,0,49.05
1624983717.914,1,53.77
1624983718.017,0,48.65
1624983718.02,1,54.45
1624983718.123,0,47.56
1624983718.126,1,57.16
1624983718.232,0,48.26
1624983718.235,1,73.12
1624983718.337,0,54.6
1624983718.342,1,57.32
1624983718.445,0,61.23
1624983718.449,1,60.53
1624983718.553,0,85.59
1624983718.556,1,84.43
1624983718.659,0,84.74
1624983718.662,1,100.68
1624983718.765,0,49.06
1624983718.768,1,54.68
1624983718.873,0,48.61
1624983718.876,1,54.61
1624983718.98,0,47.24
1624983718.983,1,61.53
1624983719.086,0,51.91
1624983719.088,1,84.91
1624983719.194,0,56.13
1624983719.198,1,57.8
1624983719.301,0,70.47
1624983719.304,1,69.15
1624983719.407,0,112.81
1624983719.41,1,98.72
1624983719.515,0,49.19
1624983719.518,1,60.99
1624983719.621,0,48.71
1624983719.624,1,54.21
1624983719.727,0,47.46
1624983719.73,1,57.17
1624983719.836,0,48.23
1624983719.839,1,73.31
1624983719.942,0,52.09
1624983719.946,1,71.84
1624983720.049,0,57.58
1624983720.053,1,58.38
1624983720.156,0,70.58
1624983720.16,1,68.98
1624983720.263,0,100.58
1624983720.266,1,118.66
1624983720.369,0,49.13
1624983720.372,1,54.43
1624983720.477,0,48.71
1624983720.48,1,54.43
1624983720.584,0,47.88
1624983720.586,1,56.76
1624983720.69,0,47.78
1624983720.693,1,66.53
1624983720.798,0,49.7
1624983720.801,1,90.43
1624983720.904,0,54.92
1624983720.908,1,56.4
1624983721.011,0,65.02
1624983721.015,1,64.51
1624983721.119,0,71.49
1624983721.122,1,72.15
1624983721.225,0,80.95
1624983721.229,1,98.5
1624983721.332,0,49.13
1624983721.335,1,54.24
1624983721.44,0,48.55
1624983721.443,1,54.26
1624983721.546,0,47.89
1624983721.552,1,56.77
1624983721.656,0,48.45
1624983721.659,1,75.32
1624983721.761,0,53.96
1624983721.765,1,62.92
1624983721.868,0,60.22
1624983721.872,1,60.48
1624983721.975,0,76.21
1624983721.979,1,74.41
1624983722.082,0,90.16
1624983722.084,1,110.4
1624983722.187,0,49.19
1624983722.193,1,54.17
1624983722.296,0,48.99
1624983722.299,1,54.4
1624983722.403,0,48.26
1624983722.406,1,55.43
1624983722.51,0,47.62
1624983722.515,1,67.82
1624983722.617,0,50.01
1624983722.62,1,84.32
1624983722.723,0,54.19
1624983722.726,1,56.35
1624983722.829,0,64.03
1624983722.833,1,64.3
1624983722.936,0,81.16
1624983722.939,1,74.12
1624983723.044,0,90.17
1624983723.047,1,105.52
1624983723.149,0,49.0
1624983723.152,1,54.6
1624983723.256,0,48.17
1624983723.261,1,55.78
1624983723.365,0,47.91
1624983723.368,1,68.88
1624983723.471,0,52.18
1624983723.473,1,72.13
1624983723.576,0,53.9
1624983723.582,1,55.66
1624983723.686,0,58.72
1624983723.689,1,59.15
1624983723.792,0,85.88
1624983723.796,1,83.05
1624983723.899,0,86.31
1624983723.901,1,113.34
1624983724.006,0,49.1
1624983724.009,1,53.74
1624983724.112,0,48.58
1624983724.115,1,54.56
1624983724.218,0,48.04
1624983724.222,1,55.76
1624983724.327,0,47.35
1624983724.33,1,64.68
1624983724.433,0,48.96
1624983724.436,1,84.28
1624983724.539,0,54.79
1624983724.543,1,64.46
1624983724.648,0,59.3
1624983724.654,1,59.36
1624983724.757,0,64.0
1624983724.76,1,62.94
1624983724.863,0,90.54
1624983724.866,1,85.58
1624983724.969,0,48.51
1624983724.972,1,52.87
1624983725.076,0,47.92
1624983725.083,1,55.16
1624983725.189,0,47.14
1624983725.192,1,62.03
1624983725.295,0,50.3
1624983725.298,1,91.73
1624983725.401,0,53.64
1624983725.406,1,55.52
1624983725.51,0,64.28
1624983725.513,1,64.55
1624983725.618,0,90.36
1624983725.621,1,86.2
1624983725.724,0,84.3
1624983725.727,1,106.18
1624983725.831,0,49.08
1624983725.834,1,53.97
1624983725.937,0,48.2
1624983725.94,1,55.9
1624983726.044,0,48.09
1624983726.046,1,68.26
1624983726.152,0,50.58
1624983726.157,1,90.64
1624983726.261,0,55.94
1624983726.264,1,57.36
1624983726.367,0,63.51
1624983726.37,1,64.36
1624983726.473,0,119.56
1624983726.476,1,108.8
1624983726.579,0,49.13
1624983726.584,1,78.88
1624983726.687,0,48.81
1624983726.69,1,54.31
1624983726.794,0,47.91
1624983726.797,1,56.59
1624983726.9,0,48.0
1624983726.903,1,70.56
1624983727.006,0,50.04
1624983727.015,1,91.48
1624983727.118,0,54.91
1624983727.121,1,56.51
1624983727.224,0,56.73
1624983727.228,1,57.85
1624983727.331,0,85.89
1624983727.334,1,84.34
1624983727.437,0,92.65
1624983727.442,1,110.27
1624983727.545,0,49.06
1624983727.548,1,53.82
1624983727.651,0,48.55
1624983727.654,1,55.01
1624983727.758,0,47.22
1624983727.761,1,59.52
1624983727.864,0,48.26
1624983727.87,1,76.17
1624983727.973,0,53.63
1624983727.976,1,65.02
1624983728.079,0,62.5
1624983728.082,1,63.13
1624983728.185,0,81.98
1624983728.189,1,78.93
1624983728.291,0,85.54
1624983728.294,1,105.8
1624983728.397,0,48.97
1624983728.4,1,54.46
1624983728.504,0,48.33
1624983728.507,1,55.29
1624983728.61,0,47.37
1624983728.613,1,61.13
1624983728.718,0,48.3
1624983728.721,1,77.46
1624983728.825,0,53.24
1624983728.829,1,65.42
1624983728.932,0,57.83
1624983728.935,1,58.47
1624983729.039,0,72.81
1624983729.043,1,71.35
1624983729.146,0,94.49
1624983729.149,1,115.97
1624983729.251,0,49.1
1624983729.256,1,62.33
1624983729.36,0,48.81
1624983729.363,1,54.61
1624983729.466,0,47.69
1624983729.469,1,57.98
1624983729.573,0,48.49
1624983729.576,1,76.08
1624983729.681,0,53.54
1624983729.684,1,62.19
1624983729.787,0,59.73
1624983729.791,1,61.04
1624983729.894,0,63.42
1624983729.897,1,62.62
1624983730.001,0,91.14
1624983730.005,1,87.83
1624983730.108,0,54.68
1624983730.111,1,79.01
1624983730.214,0,48.93
1624983730.22,1,54.51
1624983730.323,0,48.19
1624983730.326,1,55.53
1624983730.43,0,47.24
1624983730.433,1,62.71
1624983730.536,0,49.18
1624983730.539,1,87.54
1624983730.643,0,54.4
1624983730.649,1,62.56
1624983730.752,0,65.83
1624983730.755,1,64.86
1624983730.858,0,77.14
1624983730.861,1,75.67
1624983730.964,0,87.68
1624983730.967,1,109.29
1624983731.07,0,49.03
1624983731.073,1,54.63
1624983731.177,0,48.58
1624983731.18,1,54.76
1624983731.285,0,47.43
1624983731.288,1,65.11
1624983731.391,0,50.5
1624983731.394,1,83.8
1624983731.497,0,56.42
1624983731.501,1,57.26
1624983731.605,0,60.92
1624983731.61,1,61.75
1624983731.713,0,82.41
1624983731.716,1,79.95
1624983731.819,0,88.68
1624983731.822,1,112.24
1624983731.926,0,49.1
1624983731.931,1,53.93
1624983732.035,0,48.66
1624983732.038,1,54.67
1624983732.141,0,47.56
1624983732.144,1,58.25
1624983732.248,0,47.74
1624983732.253,1,68.21
1624983732.356,0,54.5
1624983732.359,1,65.24
1624983732.462,0,58.26
1624983732.466,1,59.1
1624983732.569,0,69.53
1624983732.574,1,67.21
1624983732.677,0,109.17
1624983732.68,1,129.76
1624983732.783,0,49.06
1624983732.786,1,54.26
1624983732.889,0,48.71
1624983732.895,1,54.61
1624983732.998,0,47.27
1624983733.001,1,59.11
1624983733.104,0,47.97
1624983733.107,1,70.99
1624983733.21,0,52.45
1624983733.216,1,65.12
1624983733.319,0,56.48
1624983733.322,1,57.97
1624983733.425,0,71.72
1624983733.428,1,70.18
1624983733.531,0,107.09
1624983733.537,1,100.34
1624983733.64,0,49.06
1624983733.643,1,62.22
1624983733.746,0,48.7
1624983733.749,1,54.72
1624983733.853,0,46.99
1624983733.858,1,60.01
1624983733.961,0,49.66
1624983733.964,1,90.11
1624983734.067,0,55.76
1624983734.07,1,56.97
1624983734.173,0,56.08
1624983734.18,1,57.78
1624983734.283,0,68.2
1624983734.286,1,64.38
1624983734.392,0,120.99
1624983734.395,1,111.43
1624983734.498,0,49.26
1624983734.501,1,63.66
1624983734.604,0,48.97
1624983734.607,1,54.05
1624983734.713,0,48.29
1624983734.718,1,55.18
1624983734.821,0,47.3
1624983734.824,1,65.15
1624983734.927,0,50.76
1624983734.93,1,83.7
1624983735.034,0,57.09
1624983735.037,1,58.31
1624983735.141,0,63.57
1624983735.144,1,63.37
1624983735.247,0,85.94
1624983735.251,1,80.15
1624983735.354,0,75.95
1624983735.357,1,97.6
1624983735.46,0,49.05
1624983735.463,1,54.26
1624983735.567,0,48.22
1624983735.569,1,54.86
1624983735.676,0,47.14
1624983735.678,1,61.29
1624983735.782,0,48.85
1624983735.785,1,81.44
1624983735.887,0,54.15
1624983735.89,1,65.76
1624983735.996,0,56.82
1624983736.0,1,58.23
1624983736.103,0,66.88
1624983736.106,1,67.63
1624983736.209,0,113.37
1624983736.212,1,107.51
1624983736.317,0,49.24
1624983736.321,1,72.15
1624983736.424,0,48.93
1624983736.427,1,54.51
1624983736.531,0,48.39
1624983736.534,1,55.16
1624983736.638,0,47.24
1624983736.641,1,60.82
1624983736.745,0,48.96
1624983736.748,1,88.94
1624983736.85,0,54.37
1624983736.854,1,65.04
1624983736.959,0,59.52
1624983736.962,1,60.54
1624983737.065,0,67.66
1624983737.068,1,67.36
1624983737.171,0,100.26
1624983737.175,1,88.35
1624983737.279,0,49.04
1624983737.282,1,54.06
1624983737.385,0,48.68
1624983737.388,1,54.62
1624983737.492,0,47.33
1624983737.494,1,60.04
1624983737.6,0,48.49
1624983737.603,1,79.03
1624983737.706,0,53.71
1624983737.709,1,64.94
1624983737.812,0,58.86
1624983737.815,1,58.74
1624983737.921,0,72.75
1624983737.926,1,71.54
1624983738.029,0,100.35
1624983738.032,1,118.7
1624983738.135,0,49.24
1624983738.138,1,54.2
1624983738.242,0,48.84
1624983738.245,1,54.64
1624983738.348,0,48.3
1624983738.351,1,56.2
1624983738.455,0,47.24
1624983738.457,1,60.15
1624983738.563,0,49.44
1624983738.566,1,92.29
1624983738.669,0,55.68
1624983738.672,1,56.88
1624983738.775,0,61.95
1624983738.779,1,61.37
1624983738.883,0,83.49
1624983738.887,1,80.12
1624983738.99,0,84.87
1624983738.993,1,102.03
1624983739.096,0,49.0
1624983739.099,1,53.81
1624983739.204,0,48.33
1624983739.207,1,55.56
1624983739.311,0,47.46
1624983739.313,1,63.25
1624983739.417,0,49.44
1624983739.419,1,82.24
1624983739.525,0,54.29
1624983739.529,1,56.43
1624983739.633,0,61.47
1624983739.636,1,62.11
1624983739.739,0,63.78
1624983739.743,1,64.05
1624983739.846,0,106.62
1624983739.849,1,122.25
1624983739.952,0,49.26
1624983739.955,1,53.63
1624983740.058,0,48.78
1624983740.061,1,54.27
1624983740.167,0,48.45
1624983740.17,1,55.39
1624983740.273,0,47.46
1624983740.276,1,65.65
1624983740.379,0,50.93
1624983740.382,1,86.82
1624983740.487,0,55.58
1624983740.49,1,56.77
1624983740.593,0,63.29
1624983740.597,1,63.58
1624983740.7,0,95.57
1624983740.703,1,84.88
1624983740.808,0,72.6
1624983740.811,1,92.32
1624983740.914,0,48.9
1624983740.917,1,54.49
1624983741.021,0,47.43
1624983741.024,1,57.61
1624983741.129,0,48.55
1624983741.132,1,76.34
1624983741.235,0,52.1
1624983741.238,1,65.6
1624983741.341,0,55.36
1624983741.345,1,56.18
1624983741.45,0,59.72
1624983741.454,1,60.76
1624983741.557,0,81.24
1624983741.56,1,80.65
1624983741.663,0,95.38
1624983741.666,1,114.78
1624983741.771,0,49.13
1624983741.774,1,54.13
1624983741.877,0,48.68
1624983741.88,1,54.66
1624983741.983,0,47.85
1624983741.986,1,56.42
1624983742.092,0,48.86
1624983742.095,1,80.32
1624983742.198,0,50.22
1624983742.201,1,80.97
1624983742.304,0,56.38
1624983742.307,1,57.3
1624983742.412,0,65.44
1624983742.416,1,65.13
1624983742.519,0,97.25
1624983742.522,1,92.84
1624983742.625,0,55.75
1624983742.629,1,104.74
1624983742.733,0,48.87
1624983742.736,1,54.76
1624983742.84,0,47.62
1624983742.843,1,58.32
1624983742.946,0,48.45
1624983742.949,1,71.0
1624983743.054,0,52.91
1624983743.057,1,65.58
1624983743.16,0,58.03
1624983743.164,1,58.95
1624983743.267,0,70.46
1624983743.27,1,67.01
1624983743.375,0,95.57
1624983743.378,1,91.3
1624983743.481,0,49.22
1624983743.484,1,77.68
1624983743.587,0,49.03
1624983743.59,1,54.53
1624983743.696,0,48.53
1624983743.699,1,55.47
1624983743.803,0,47.52
1624983743.806,1,65.28
1624983743.908,0,50.15
1624983743.911,1,89.27
1624983744.017,0,55.82
1624983744.02,1,57.55
1624983744.123,0,58.07
1624983744.126,1,59.06
1624983744.229,0,81.8
1624983744.233,1,78.27
1624983744.337,0,95.09
1624983744.34,1,94.12
1624983744.443,0,49.05
1624983744.446,1,54.38
1624983744.55,0,48.76
1624983744.553,1,54.76
1624983744.658,0,47.3
1624983744.661,1,59.28
1624983744.765,0,49.44
1624983744.768,1,89.19
1624983744.871,0,54.5
1624983744.874,1,55.97
1624983744.979,0,64.67
1624983744.983,1,64.59
1624983745.086,0,108.36
1624983745.089,1,101.88
1624983745.192,0,54.4
1624983745.195,1,84.24
1624983745.3,0,49.06
1624983745.303,1,54.47
1624983745.406,0,48.23
1624983745.409,1,55.63
1624983745.512,0,47.46
1624983745.515,1,60.63
1624983745.621,0,49.65
1624983745.624,1,93.23
1624983745.728,0,55.53
1624983745.731,1,57.2
1624983745.834,0,64.65
1624983745.837,1,64.06
1624983745.942,0,70.73
1624983745.945,1,68.99
1624983746.048,0,99.57
1624983746.051,1,112.94
1624983746.154,0,49.13
1624983746.157,1,53.94
1624983746.265,0,48.65
1624983746.271,1,54.7
1624983746.374,0,47.97
1624983746.377,1,57.32
1624983746.481,0,47.78
1624983746.484,1,69.1
1624983746.586,0,50.4
1624983746.592,1,88.31
1624983746.695,0,54.3
1624983746.698,1,55.77
1624983746.801,0,63.3
1624983746.805,1,63.4
1624983746.908,0,133.04
1624983746.913,1,124.43
1624983747.016,0,49.22
1624983747.019,1,66.59
1624983747.122,0,48.76
1624983747.125,1,54.55
1624983747.228,0,48.26
1624983747.233,1,55.42
1624983747.337,0,47.59
1624983747.34,1,68.72
1624983747.443,0,49.65
1624983747.447,1,90.08
1624983747.55,0,54.04
1624983747.555,1,60.68
1624983747.658,0,59.7
1624983747.661,1,59.37
1624983747.769,0,68.21
1624983747.772,1,67.42
1624983747.875,0,116.7
1624983747.879,1,113.7
1624983747.982,0,49.19
1624983747.984,1,61.45
1624983748.088,0,48.78
1624983748.091,1,54.47
1624983748.195,0,47.65
1624983748.198,1,58.33
1624983748.301,0,47.76
1624983748.304,1,67.7
1624983748.409,0,51.38
1624983748.412,1,78.89
1624983748.515,0,54.49
1624983748.518,1,56.26
1624983748.621,0,67.53
1624983748.625,1,66.28
1624983748.729,0,68.81
1624983748.733,1,68.47
1624983748.836,0,87.39
1624983748.839,1,99.95
1624983748.941,0,49.16
1624983748.944,1,71.76
1624983749.05,0,48.9
1624983749.053,1,54.71
1624983749.156,0,47.93
1624983749.159,1,57.17
1624983749.263,0,47.59
1624983749.266,1,62.0
1624983749.373,0,49.18
1624983749.379,1,83.31
1624983749.482,0,54.91
1624983749.486,1,58.78
1624983749.589,0,58.79
1624983749.592,1,59.43
1624983749.695,0,67.75
1624983749.7,1,66.78
1624983749.803,0,98.28
1624983749.806,1,105.08
1624983749.909,0,49.03
1624983749.912,1,53.96
1624983750.016,0,48.74
1624983750.021,1,54.56
1624983750.124,0,47.77
1624983750.127,1,57.47
1624983750.231,0,48.5
1624983750.234,1,78.2
1624983750.336,0,51.42
1624983750.342,1,72.43
1624983750.445,0,56.76
1624983750.448,1,57.99
1624983750.551,0,65.52
1624983750.555,1,65.97
1624983750.658,0,89.95
1624983750.663,1,86.11
1624983750.766,0,83.48
1624983750.769,1,102.18
1624983750.872,0,49.04
1624983750.875,1,54.36
1624983750.979,0,48.41
1624983750.984,1,55.24
1624983751.087,0,47.91
1624983751.09,1,65.89
1624983751.193,0,49.14
1624983751.196,1,89.81
1624983751.298,0,54.02
1624983751.305,1,64.74
1624983751.408,0,56.96
1624983751.411,1,58.17
1624983751.514,0,75.44
1624983751.517,1,73.25
1624983751.62,0,104.99
1624983751.625,1,123.62
1624983751.728,0,49.06
1624983751.731,1,54.49
1624983751.835,0,48.68
1624983751.838,1,54.86
1624983751.941,0,47.11
1624983751.946,1,61.6
1624983752.049,0,49.35
1624983752.052,1,83.16
1624983752.155,0,55.23
1624983752.158,1,57.38
1624983752.261,0,59.02
1624983752.268,1,60.05
1624983752.371,0,71.02
1624983752.374,1,69.78
1624983752.477,0,117.35
1624983752.48,1,126.12
1624983752.584,0,49.06
1624983752.588,1,54.47
1624983752.692,0,48.94
1624983752.695,1,54.25
1624983752.798,0,48.17
1624983752.801,1,55.76
1624983752.904,0,47.78
1624983752.909,1,66.88
1624983753.012,0,49.86
1624983753.014,1,93.19
1624983753.117,0,55.58
1624983753.121,1,56.51
1624983753.225,0,72.27
1624983753.23,1,70.34
1624983753.333,0,101.58
1624983753.336,1,97.75
1624983753.439,0,69.76
1624983753.442,1,102.81
1624983753.546,0,49.11
1624983753.55,1,54.23
1624983753.654,0,48.1
1624983753.657,1,55.97
1624983753.761,0,48.23
1624983753.763,1,79.09
1624983753.867,0,54.08
1624983753.872,1,55.97
1624983753.975,0,73.65
1624983753.978,1,71.98
1624983754.081,0,57.0
1624983754.084,1,92.11
1624983754.19,0,48.45
1624983754.192,1,53.18
1624983754.296,0,47.33
1624983754.299,1,63.01
1624983754.402,0,53.13
1624983754.405,1,64.18
1624983754.509,0,80.77
1624983754.514,1,77.94
1624983754.617,0,49.06
1624983754.62,1,53.72
1624983754.723,0,47.46
1624983754.726,1,53.06
1624983754.831,0,48.04
1624983754.834,1,73.17
1624983754.937,0,56.44
1624983754.941,1,57.37
1624983755.044,0,109.27
1624983755.046,1,107.92
1624983755.152,0,48.69
1624983755.155,1,53.22
1624983755.259,0,46.86
1624983755.262,1,54.28
1624983755.365,0,49.31
1624983755.367,1,83.24
1624983755.473,0,57.48
1624983755.477,1,59.08
1624983755.58,0,96.46
1624983755.583,1,92.59
1624983755.686,0,48.76
1624983755.689,1,53.84
1624983755.798,0,48.65
1624983755.801,1,54.36
1624983755.904,0,47.24
1624983755.907,1,58.79
1624983756.011,0,48.77
1624983756.013,1,75.02
1624983756.119,0,53.74
1624983756.122,1,55.49
1624983756.225,0,70.61
1624983756.229,1,69.59
1624983756.331,0,98.14
1624983756.335,1,94.02
1624983756.438,0,49.19
1624983756.441,1,77.23
1624983756.544,0,49.05
1624983756.547,1,54.47
1624983756.65,0,48.17
1624983756.653,1,55.09
1624983756.757,0,47.49
1624983756.759,1,61.05
1624983756.862,0,48.68
1624983756.865,1,83.0
1624983756.969,0,54.09
1624983756.973,1,62.11
1624983757.075,0,62.27
1624983757.08,1,62.33
1624983757.183,0,91.0
1624983757.187,1,78.67
1624983757.293,0,87.48
1624983757.296,1,110.4
1624983757.398,0,48.93
1624983757.401,1,54.52
1624983757.505,0,47.93
1624983757.508,1,56.33
1624983757.612,0,48.1
1624983757.614,1,64.84
1624983757.722,0,50.62
1624983757.725,1,85.55
1624983757.828,0,54.6
1624983757.831,1,56.36
1624983757.934,0,93.79
1624983757.938,1,90.58
1624983758.041,0,48.83
1624983758.043,1,53.2
1624983758.147,0,46.79
1624983758.15,1,57.22
1624983758.253,0,50.54
1624983758.256,1,77.1
1624983758.359,0,58.28
1624983758.364,1,59.13
1624983758.467,0,76.65
1624983758.47,1,74.37
1624983758.573,0,103.26
1624983758.576,1,119.99
1624983758.679,0,49.07
1624983758.684,1,53.72
1624983758.787,0,48.69
1624983758.79,1,55.26
1624983758.894,0,66.79
1624983758.896,1,78.47
1624983759.0,0,48.82
1624983759.005,1,53.86
1624983759.108,0,47.85
1624983759.111,1,56.05
1624983759.214,0,48.33
1624983759.217,1,73.17
1624983759.32,0,52.01
1624983759.326,1,64.71
1624983759.429,0,55.38
1624983759.432,1,56.8
1624983759.535,0,61.46
1624983759.538,1,61.13
1624983759.641,0,90.67
1624983759.647,1,73.34
1624983759.756,0,94.06
1624983759.759,1,111.51
1624983759.861,0,48.97
1624983759.864,1,54.05
1624983759.968,0,48.23
1624983759.971,1,55.7
1624983760.074,0,47.72
1624983760.077,1,62.73
1624983760.183,0,51.26
1624983760.188,1,91.44
1624983760.291,0,55.25
1624983760.294,1,56.83
1624983760.397,0,57.65
1624983760.401,1,58.66
1624983760.504,0,65.48
1624983760.51,1,64.62
1624983760.613,0,108.06
1624983760.616,1,123.76
1624983760.719,0,49.2
1624983760.722,1,54.06
1624983760.825,0,48.52
1624983760.83,1,54.74
1624983760.934,0,47.26
1624983760.937,1,60.16
1624983761.04,0,48.29
1624983761.043,1,81.5
1624983761.146,0,55.74
1624983761.152,1,57.04
1624983761.255,0,63.19
1624983761.258,1,64.23
1624983761.361,0,75.61
1624983761.364,1,73.43
1624983761.468,0,81.74
1624983761.473,1,101.38
1624983761.576,0,49.01
1624983761.58,1,53.87
1624983761.683,0,48.52
1624983761.686,1,55.71
1624983761.79,0,47.47
1624983761.794,1,58.71
1624983761.901,0,49.52
1624983761.904,1,87.69
1624983762.007,0,55.64
1624983762.01,1,57.12
1624983762.113,0,63.09
1624983762.117,1,64.04
1624983762.22,0,98.08
1624983762.223,1,84.69
1624983762.328,0,58.07
1624983762.331,1,89.05
1624983762.434,0,48.99
1624983762.437,1,54.82
1624983762.541,0,47.84
1624983762.544,1,57.23
1624983762.647,0,48.49
1624983762.65,1,74.18
1624983762.753,0,52.74
1624983762.757,1,64.74
1624983762.86,0,60.24
1624983762.863,1,60.96
1624983762.966,0,90.12
1624983762.97,1,86.37
1624983763.073,0,74.62
1624983763.078,1,92.82
1624983763.18,0,49.1
1624983763.185,1,54.16
1624983763.29,0,48.62
1624983763.293,1,54.84
1624983763.396,0,47.64
1624983763.399,1,64.37
1624983763.502,0,50.98
1624983763.505,1,86.01
1624983763.607,0,56.01
1624983763.611,1,57.51
1624983763.714,0,62.64
1624983763.72,1,62.3
1624983763.823,0,68.94
1624983763.826,1,68.54
1624983763.929,0,108.03
1624983763.932,1,123.81
1624983764.035,0,49.12
1624983764.04,1,81.43
1624983764.151,0,49.04
1624983764.154,1,54.09
1624983764.257,0,48.75
1624983764.261,1,55.07
1624983764.365,0,47.58
1624983764.368,1,56.62
1624983764.474,0,48.13
1624983764.477,1,69.31
1624983764.58,0,51.04
1624983764.582,1,71.51
1624983764.685,0,55.1
1624983764.691,1,56.21
1624983764.797,0,56.03
1624983764.803,1,57.54
1624983764.906,0,71.39
1624983764.91,1,70.51
1624983765.013,0,115.8
1624983765.016,1,116.75
1624983765.118,0,49.23
1624983765.124,1,63.59
1624983765.227,0,48.75
1624983765.23,1,54.39
1624983765.334,0,47.68
1624983765.337,1,58.74
1624983765.44,0,47.84
1624983765.445,1,68.15
1624983765.548,0,50.91
1624983765.551,1,84.44
1624983765.655,0,55.96
1624983765.658,1,57.15
1624983765.761,0,59.5
1624983765.767,1,60.51
1624983765.87,0,96.95
1624983765.873,1,90.68
1624983765.976,0,54.89
1624983765.979,1,84.28
1624983766.082,0,49.13
1624983766.088,1,53.9
1624983766.191,0,48.55
1624983766.196,1,55.08
1624983766.299,0,47.49
1624983766.302,1,65.5
1624983766.405,0,50.74
1624983766.409,1,82.25
1624983766.512,0,54.9
1624983766.515,1,56.6
1624983766.618,0,62.87
1624983766.621,1,63.79
1624983766.724,0,86.45
1624983766.73,1,83.36
1624983766.833,0,75.83
1624983766.836,1,93.5
1624983766.939,0,49.04
1624983766.941,1,54.2
1624983767.045,0,48.46
1624983767.05,1,55.07
1624983767.154,0,47.29
1624983767.157,1,60.49
1624983767.261,0,49.19
1624983767.264,1,82.47
1624983767.367,0,55.0
1624983767.372,1,61.89
1624983767.475,0,61.22
1624983767.478,1,60.81
1624983767.581,0,91.67
1624983767.585,1,86.96
1624983767.688,0,81.6
1624983767.693,1,95.38
1624983767.796,0,49.2
1624983767.8,1,53.77
1624983767.907,0,48.83
1624983767.91,1,54.96
1624983768.013,0,47.68
1624983768.016,1,57.47
1624983768.119,0,49.36
1624983768.122,1,82.44
1624983768.227,0,54.71
1624983768.231,1,59.86
1624983768.334,0,59.48
1624983768.338,1,60.72
1624983768.44,0,84.33
1624983768.444,1,79.52
1624983768.548,0,93.63
1624983768.551,1,112.87
1624983768.654,0,49.13
1624983768.657,1,54.58
1624983768.761,0,48.75
1624983768.764,1,54.68
1624983768.87,0,47.78
1624983768.873,1,58.07
1624983768.976,0,49.17
1624983768.979,1,80.55
1624983769.082,0,54.13
1624983769.085,1,73.91
1624983769.19,0,56.62
1624983769.193,1,57.64
1624983769.296,0,63.06
1624983769.3,1,63.31
1624983769.403,0,90.15
1624983769.406,1,82.27
1624983769.511,0,64.2
1624983769.514,1,82.54
1624983769.617,0,49.04
1624983769.619,1,54.39
1624983769.723,0,48.07
1624983769.726,1,55.45
1624983769.832,0,47.87
1624983769.835,1,69.21
1624983769.938,0,51.32
1624983769.941,1,78.03
1624983770.044,0,57.41
1624983770.047,1,57.47
1624983770.152,0,65.54
1624983770.156,1,65.82
1624983770.259,0,108.22
1624983770.262,1,100.36
1624983770.365,0,52.58
1624983770.368,1,89.49
1624983770.473,0,49.13
1624983770.476,1,54.1
1624983770.579,0,48.46
1624983770.582,1,55.07
1624983770.686,0,47.49
1624983770.689,1,60.19
1624983770.795,0,49.13
1624983770.797,1,85.19
1624983770.9,0,53.44
1624983770.904,1,59.06
1624983771.007,0,59.92
1624983771.01,1,59.82
1624983771.115,0,67.39
1624983771.119,1,66.78
1624983771.222,0,85.74
1624983771.225,1,81.41
1624983771.328,0,49.18
1624983771.331,1,93.45
1624983771.436,0,48.91
1624983771.439,1,54.53
1624983771.542,0,47.43
1624983771.545,1,58.4
1624983771.649,0,48.93
1624983771.652,1,74.67
1624983771.757,0,51.85
1624983771.763,1,72.84
1624983771.866,0,57.16
1624983771.87,1,58.07
1624983771.973,0,70.38
1624983771.976,1,70.45
1624983772.079,0,108.39
1624983772.085,1,99.58
1624983772.188,0,49.15
1624983772.191,1,53.99
1624983772.294,0,48.98
1624983772.297,1,54.49
1624983772.4,0,48.46
1624983772.405,1,55.12
1624983772.509,0,47.74
1624983772.512,1,67.53
1624983772.614,0,50.29
1624983772.617,1,80.04
1624983772.72,0,55.46
1624983772.727,1,56.87
1624983772.83,0,68.38
1624983772.833,1,68.11
1624983772.936,0,88.28
1624983772.94,1,83.83
1624983773.043,0,80.56
1624983773.047,1,103.81
1624983773.15,0,49.0
1624983773.153,1,54.3
1624983773.256,0,48.23
1624983773.259,1,55.28
1624983773.363,0,47.65
1624983773.368,1,65.61
1624983773.471,0,51.24
1624983773.474,1,83.95
1624983773.577,0,58.76
1624983773.58,1,59.68
1624983773.683,0,71.02
1624983773.689,1,70.19
1624983773.792,0,102.99
1624983773.795,1,120.19
1624983773.898,0,49.06
1624983773.901,1,53.9
1624983774.004,0,48.73
1624983774.01,1,54.44
1624983774.113,0,47.17
1624983774.116,1,59.89
1624983774.22,0,48.78
1624983774.222,1,78.18
1624983774.325,0,52.81
1624983774.331,1,64.18
1624983774.434,0,56.86
1624983774.437,1,58.38
1624983774.54,0,73.61
1624983774.544,1,71.23
1624983774.647,0,117.81
1624983774.652,1,117.31
1624983774.755,0,49.13
1624983774.758,1,54.24
1624983774.861,0,48.87
1624983774.864,1,54.6
1624983774.968,0,47.11
1624983774.973,1,59.17
1624983775.076,0,49.84
1624983775.079,1,91.95
1624983775.182,0,54.92
1624983775.186,1,56.49
1624983775.289,0,56.7
1624983775.294,1,57.84
1624983775.397,0,96.3
1624983775.401,1,80.86
1624983775.506,0,99.6
1624983775.51,1,93.13
1624983775.613,0,49.16
1624983775.615,1,54.3
1624983775.719,0,48.94
1624983775.722,1,54.54
1624983775.828,0,48.33
1624983775.831,1,55.18
1624983775.935,0,47.62
1624983775.937,1,66.44
1624983776.04,0,53.17
1624983776.043,1,67.26
1624983776.149,0,57.38
1624983776.152,1,58.28
1624983776.255,0,68.89
1624983776.259,1,68.24
1624983776.362,0,115.1
1624983776.365,1,102.27
1624983776.47,0,49.29
1624983776.473,1,62.84
1624983776.576,0,48.86
1624983776.579,1,54.2
1624983776.684,0,47.62
1624983776.687,1,57.45
1624983776.791,0,48.48
1624983776.797,1,76.47
1624983776.9,0,52.52
1624983776.903,1,65.51
1624983777.006,0,56.42
1624983777.009,1,57.44
1624983777.112,0,57.96
1624983777.119,1,60.23
1624983777.221,0,88.1
1624983777.225,1,83.41
1624983777.328,0,54.16
1624983777.331,1,83.33
1624983777.434,0,48.97
1624983777.44,1,54.3
1624983777.543,0,48.62
1624983777.546,1,55.6
1624983777.649,0,47.27
1624983777.652,1,59.96
1624983777.756,0,48.38
1624983777.76,1,74.66
1624983777.863,0,55.14
1624983777.867,1,56.53
1624983777.97,0,64.94
1624983777.973,1,65.5
1624983778.076,0,85.59
1624983778.082,1,83.38
1624983778.186,0,84.44
1624983778.189,1,113.86
1624983778.295,0,49.1
1624983778.298,1,54.53
1624983778.401,0,48.84
1624983778.404,1,55.04
1624983778.507,0,47.29
1624983778.51,1,59.7
1624983778.616,0,49.44
1624983778.619,1,87.62
1624983778.722,0,54.69
1624983778.727,1,62.68
1624983778.83,0,57.0
1624983778.833,1,58.0
1624983778.936,0,75.96
1624983778.94,1,74.14
1624983779.043,0,97.41
1624983779.046,1,118.14
1624983779.149,0,49.19
1624983779.152,1,53.93
1624983779.257,0,48.68
1624983779.26,1,54.84
1624983779.363,0,47.17
1624983779.366,1,59.62
1624983779.47,0,48.22
1624983779.472,1,65.84
1624983779.578,0,51.97
1624983779.581,1,66.55
1624983779.684,0,56.13
1624983779.687,1,57.05
1624983779.792,0,65.27
1624983779.795,1,64.8
1624983779.899,0,127.82
1624983779.902,1,113.13
1624983780.005,0,49.26
1624983780.008,1,58.7
1624983780.111,0,49.0
1624983780.114,1,54.13
1624983780.22,0,48.2
1624983780.223,1,55.79
1624983780.327,0,48.29
1624983780.331,1,71.11
1624983780.434,0,51.62
1624983780.437,1,81.43
1624983780.541,0,57.0
1624983780.544,1,57.89
1624983780.647,0,57.86
1624983780.651,1,59.13
1624983780.754,0,98.14
1624983780.757,1,86.9
1624983780.862,0,66.22
1624983780.865,1,90.01
1624983780.967,0,49.04
1624983780.97,1,54.54
1624983781.074,0,48.13
1624983781.077,1,55.71
1624983781.183,0,47.54
1624983781.186,1,61.87
1624983781.289,0,50.22
1624983781.292,1,93.25
1624983781.396,0,55.37
1624983781.4,1,56.59
1624983781.504,0,56.75
1624983781.508,1,58.25
1624983781.61,0,73.08
1624983781.614,1,72.94
1624983781.717,0,110.84
1624983781.72,1,108.38
1624983781.825,0,49.19
1624983781.828,1,62.7
1624983781.93,0,49.06
1624983781.935,1,54.56
1624983782.038,0,48.58
1624983782.041,1,55.24
1624983782.146,0,47.53
1624983782.149,1,59.91
1624983782.252,0,48.97
1624983782.255,1,80.31
1624983782.358,0,54.54
1624983782.361,1,65.79
1624983782.467,0,58.85
1624983782.47,1,59.78
1624983782.573,0,66.92
1624983782.577,1,67.43
1624983782.68,0,106.49
1624983782.683,1,104.99
1624983782.787,0,49.15
1624983782.79,1,56.04
1624983782.894,0,48.95
1624983782.897,1,54.18
1624983783.001,0,47.75
1624983783.004,1,55.92
1624983783.109,0,48.2
1624983783.112,1,72.1
1624983783.214,0,55.6
1624983783.218,1,62.8
1624983783.321,0,60.65
1624983783.325,1,60.35
1624983783.43,0,79.81
1624983783.433,1,75.22
1624983783.536,0,94.45
1624983783.539,1,104.7
1624983783.642,0,49.08
1624983783.645,1,54.2
1624983783.75,0,48.7
1624983783.753,1,54.03
1624983783.857,0,47.2
1624983783.86,1,57.83
1624983783.963,0,48.62
1624983783.966,1,73.69
1624983784.071,0,53.64
1624983784.074,1,65.75
1624983784.177,0,59.01
1624983784.181,1,59.76
1624983784.284,0,124.14
1624983784.287,1,101.84
1624983784.392,0,49.18
1624983784.395,1,68.41
1624983784.498,0,48.81
1624983784.501,1,54.32
1624983784.604,0,47.44
1624983784.607,1,56.84
1624983784.713,0,48.04
1624983784.716,1,72.9
1624983784.819,0,55.08
1624983784.822,1,56.28
1624983784.927,0,61.37
1624983784.93,1,61.12
1624983785.034,0,70.1
1624983785.037,1,68.72
1624983785.14,0,49.2
1624983785.144,1,53.36
1624983785.247,0,47.2
1624983785.25,1,53.07
1624983785.355,0,48.44
1624983785.358,1,80.47
1624983785.461,0,56.01
1624983785.464,1,57.2
1624983785.567,0,84.4
1624983785.571,1,78.46
1624983785.675,0,49.17
1624983785.678,1,53.33
1624983785.782,0,47.81
1624983785.785,1,52.84
1624983785.888,0,48.07
1624983785.891,1,69.14
1624983785.996,0,55.25
1624983786.0,1,56.87
1624983786.103,0,87.27
1624983786.106,1,82.12
1624983786.209,0,48.94
1624983786.212,1,53.29
1624983786.318,0,48.49
1624983786.321,1,54.76
1624983786.424,0,47.33
1624983786.427,1,61.48
1624983786.53,0,49.48
1624983786.533,1,81.92
1624983786.639,0,54.62
1624983786.642,1,56.2
1624983786.745,0,56.9
1624983786.748,1,58.51
1624983786.851,0,96.7
1624983786.855,1,87.45
1624983786.959,0,88.85
1624983786.962,1,109.79
1624983787.065,0,49.17
1624983787.068,1,54.4
1624983787.172,0,48.74
1624983787.174,1,54.74
1624983787.281,0,47.37
1624983787.283,1,57.97
1624983787.387,0,47.62
1624983787.39,1,70.11
1624983787.492,0,52.44
1624983787.495,1,81.06
1624983787.601,0,57.59
1624983787.605,1,58.62
1624983787.708,0,84.29
1624983787.712,1,80.93
1624983787.815,0,103.5
1624983787.817,1,122.93
1624983787.922,0,49.06
1624983787.925,1,54.17
1624983788.028,0,48.43
1624983788.031,1,54.99
1624983788.135,0,47.37
1624983788.138,1,59.85
1624983788.243,0,49.66
1624983788.246,1,93.03
1624983788.349,0,54.28
1624983788.355,1,55.95
1624983788.458,0,62.67
1624983788.462,1,62.83
1624983788.565,0,117.17
1624983788.568,1,110.4
1624983788.671,0,51.59
1624983788.675,1,79.14
1624983788.778,0,48.97
1624983788.781,1,54.19
1624983788.885,0,48.18
1624983788.887,1,55.74
1624983788.991,0,48.32
1624983788.994,1,73.4
1624983789.097,0,52.97
1624983789.1,1,65.35
1624983789.205,0,57.67
1624983789.209,1,58.9
1624983789.312,0,70.15
1624983789.315,1,68.17
1624983789.418,0,111.99
1624983789.421,1,97.92
1624983789.526,0,49.17
1624983789.528,1,65.12
1624983789.632,0,48.78
1624983789.635,1,55.01
1624983789.738,0,47.13
1624983789.742,1,60.2
1624983789.847,0,49.14
1624983789.85,1,75.58
1624983789.953,0,53.63
1624983789.956,1,64.76
1624983790.059,0,55.9
1624983790.068,1,57.68
1624983790.171,0,60.07
1624983790.174,1,60.52
1624983790.277,0,90.62
1624983790.281,1,86.29
1624983790.384,0,83.11
1624983790.386,1,98.26
1624983790.489,0,49.03
1624983790.492,1,54.24
1624983790.596,0,48.58
1624983790.599,1,55.15
1624983790.702,0,47.63
1624983790.705,1,65.13
1624983790.809,0,55.08
1624983790.815,1,56.28
1624983790.919,0,71.93
1624983790.922,1,70.71
1624983791.025,0,49.09
1624983791.028,1,71.23
1624983791.131,0,49.14
1624983791.134,1,54.38
1624983791.238,0,48.39
1624983791.241,1,55.51
1624983791.344,0,47.69
1624983791.347,1,66.61
1624983791.451,0,49.16
1624983791.454,1,70.45
1624983791.557,0,48.93
1624983791.563,1,53.94
1624983791.666,0,48.33
1624983791.669,1,55.07
1624983791.773,0,47.62
1624983791.776,1,65.14
1624983791.879,0,50.5
1624983791.882,1,84.15
1624983791.984,0,54.96
1624983791.993,1,56.8
1624983792.096,0,64.96
1624983792.1,1,64.38
1624983792.203,0,80.24
1624983792.206,1,78.63
1624983792.309,0,74.99
1624983792.312,1,94.26
1624983792.415,0,49.16
1624983792.418,1,54.28
1624983792.523,0,48.74
1624983792.526,1,54.78
1624983792.629,0,47.5
1624983792.632,1,58.95
1624983792.735,0,48.25
1624983792.738,1,72.45
1624983792.841,0,50.26
1624983792.844,1,83.89
1624983792.947,0,56.52
1624983792.95,1,57.12
1624983793.056,0,64.24
1624983793.059,1,63.56
1624983793.162,0,109.68
1624983793.165,1,122.2
1624983793.268,0,49.12
1624983793.271,1,54.01
1624983793.376,0,48.66
1624983793.379,1,54.55
1624983793.483,0,47.05
1624983793.485,1,59.65
1624983793.589,0,50.4
1624983793.592,1,94.46
1624983793.697,0,55.56
1624983793.7,1,57.05
1624983793.803,0,62.34
1624983793.806,1,63.55
1624983793.909,0,97.94
1624983793.913,1,86.72
1624983794.018,0,116.03
1624983794.026,1,117.34
1624983794.129,0,49.18
1624983794.132,1,67.3
1624983794.238,0,48.68
1624983794.241,1,54.46
1624983794.344,0,48.01
1624983794.35,1,56.78
1624983794.454,0,48.23
1624983794.456,1,72.49
1624983794.559,0,50.67
1624983794.562,1,83.78
1624983794.665,0,56.33
1624983794.669,1,57.55
1624983794.772,0,57.32
1624983794.775,1,58.31
1624983794.88,0,88.34
1624983794.883,1,86.11
1624983794.986,0,50.74
1624983794.989,1,72.98
1624983795.092,0,48.94
1624983795.095,1,54.33
1624983795.201,0,48.55
1624983795.207,1,54.55
1624983795.31,0,47.59
1624983795.313,1,65.66
1624983795.416,0,51.79
1624983795.419,1,72.37
1624983795.522,0,57.49
1624983795.525,1,58.32
1624983795.63,0,66.53
1624983795.636,1,67.78
1624983795.738,0,74.41
1624983795.742,1,73.48
1624983795.845,0,57.87
1624983795.848,1,84.79
1624983795.951,0,48.72
1624983795.954,1,54.64
1624983796.057,0,48.07
1624983796.062,1,55.21
1624983796.166,0,47.72
1624983796.168,1,67.22
1624983796.271,0,51.91
1624983796.274,1,86.93
1624983796.377,0,55.82
1624983796.38,1,57.39
1624983796.484,0,70.61
1624983796.488,1,70.45
1624983796.591,0,102.02
1624983796.596,1,93.14
1624983796.699,0,49.13
1624983796.702,1,72.77
1624983796.806,0,48.94
1624983796.809,1,54.04
1624983796.912,0,47.91
1624983796.915,1,55.89
1624983797.018,0,47.97
1624983797.021,1,71.31
1624983797.127,0,53.19
1624983797.13,1,65.78
1624983797.235,0,58.18
1624983797.238,1,59.47
1624983797.341,0,88.73
1624983797.344,1,81.89
1624983797.448,0,103.27
1624983797.454,1,119.75
1624983797.557,0,49.1
1624983797.56,1,53.95
1624983797.663,0,48.97
1624983797.666,1,54.28
1624983797.77,0,48.33
1624983797.773,1,55.05
1624983797.876,0,47.33
1624983797.879,1,61.78
1624983797.982,0,49.8
1624983797.985,1,84.68
1624983798.09,0,53.34
1624983798.093,1,55.4
1624983798.196,0,62.07
1624983798.2,1,62.5
1624983798.303,0,101.57
1624983798.307,1,91.53
1624983798.41,0,82.49
1624983798.415,1,105.13
1624983798.518,0,48.97
1624983798.521,1,54.27
1624983798.624,0,48.42
1624983798.627,1,54.88
1624983798.732,0,47.23
1624983798.734,1,62.63
1624983798.839,0,49.79
1624983798.842,1,92.45
1624983798.945,0,52.15
1624983798.948,1,63.96
1624983799.053,0,57.32
1624983799.056,1,58.36
1624983799.159,0,69.52
1624983799.163,1,69.62
1624983799.266,0,102.15
1624983799.269,1,94.15
1624983799.373,0,49.16
1624983799.376,1,58.37
1624983799.479,0,48.87
1624983799.484,1,54.37
1624983799.587,0,48.45
1624983799.59,1,55.01
1624983799.695,0,47.56
1624983799.698,1,64.29
1624983799.801,0,50.69
1624983799.804,1,79.67
1624983799.907,0,57.25
1624983799.911,1,57.68
1624983800.015,0,67.71
1624983800.019,1,66.66
1624983800.122,0,83.31
1624983800.126,1,81.75
1624983800.229,0,49.06
1624983800.232,1,83.54
1624983800.336,0,48.71
1624983800.339,1,54.68
1624983800.444,0,47.17
1624983800.447,1,60.75
1624983800.55,0,48.96
1624983800.553,1,81.08
1624983800.658,0,53.74
1624983800.661,1,62.18
1624983800.764,0,57.43
1624983800.768,1,58.64
1624983800.871,0,74.07
1624983800.874,1,69.9
1624983800.979,0,102.88
1624983800.981,1,122.42
1624983801.084,0,48.88
1624983801.088,1,54.59
1624983801.192,0,48.29
1624983801.195,1,54.97
1624983801.3,0,47.4
1624983801.303,1,61.31
1624983801.406,0,49.84
1624983801.409,1,92.3
1624983801.512,0,55.34
1624983801.515,1,57.42
1624983801.621,0,61.03
1624983801.625,1,60.69
1624983801.728,0,92.5
1624983801.732,1,86.86
1624983801.835,0,56.34
1624983801.838,1,88.0
1624983801.941,0,49.1
1624983801.945,1,53.97
1624983802.049,0,48.3
1624983802.052,1,54.79
1624983802.155,0,47.85
1624983802.158,1,69.04
1624983802.263,0,52.57
1624983802.266,1,64.8
1624983802.369,0,59.9
1624983802.372,1,60.85
1624983802.475,0,68.98
1624983802.479,1,66.4
1624983802.583,0,104.03
1624983802.587,1,98.13
1624983802.69,0,49.23
1624983802.693,1,68.41
1624983802.796,0,49.13
1624983802.798,1,54.52
1624983802.905,0,47.81
1624983802.908,1,57.54
1624983803.011,0,48.26
1624983803.014,1,68.15
1624983803.117,0,50.33
1624983803.12,1,95.23
1624983803.225,0,53.65
1624983803.23,1,64.33
1624983803.333,0,58.24
1624983803.336,1,59.26
1624983803.439,0,72.02
1624983803.443,1,68.93
1624983803.546,0,81.94
1624983803.549,1,102.11
1624983803.652,0,48.93
1624983803.655,1,54.25
1624983803.759,0,48.39
1624983803.762,1,55.11
1624983803.867,0,47.51
1624983803.87,1,62.7
1624983803.973,0,49.99
1624983803.976,1,90.19
1624983804.079,0,55.63
1624983804.083,1,56.74
1624983804.188,0,67.58
1624983804.191,1,67.76
1624983804.294,0,112.8
1624983804.297,1,105.63
1624983804.4,0,49.12
1624983804.403,1,77.37
1624983804.509,0,48.75
1624983804.512,1,54.84
1624983804.615,0,48.15
1624983804.618,1,55.67
1624983804.721,0,47.97
1624983804.724,1,67.64
1624983804.83,0,52.68
1624983804.834,1,72.72
1624983804.937,0,57.27
1624983804.94,1,58.49
1624983805.044,0,59.99
1624983805.047,1,60.92
1624983805.151,0,92.8
1624983805.154,1,87.94
1624983805.257,0,49.19
1624983805.26,1,67.49
1624983805.363,0,48.76
1624983805.366,1,54.25
1624983805.472,0,48.17
1624983805.475,1,56.08
1624983805.578,0,47.75
1624983805.581,1,67.32
1624983805.684,0,51.31
1624983805.687,1,90.08
1624983805.793,0,55.96
1624983805.796,1,57.22
1624983805.899,0,64.64
1624983805.903,1,65.28
1624983806.006,0,84.03
1624983806.009,1,79.3
1624983806.114,0,61.37
1624983806.117,1,92.39
1624983806.219,0,48.97
1624983806.223,1,54.3
1624983806.326,0,47.97
1624983806.329,1,55.58
1624983806.435,0,48.16
1624983806.438,1,66.59
1624983806.541,0,51.3
1624983806.544,1,92.31
1624983806.648,0,54.5
1624983806.651,1,56.37
1624983806.756,0,59.41
1624983806.759,1,60.66
1624983806.862,0,76.84
1624983806.865,1,74.19
1624983806.968,0,90.99
1624983806.971,1,118.07
1624983807.076,0,49.12
1624983807.079,1,53.63
1624983807.183,0,48.84
1624983807.186,1,54.94
1624983807.289,0,47.59
1624983807.292,1,57.61
1624983807.397,0,48.13
1624983807.4,1,71.73
1624983807.503,0,53.51
1624983807.506,1,62.14
1624983807.609,0,58.53
1624983807.613,1,58.85
1624983807.718,0,74.47
1624983807.722,1,73.24
1624983807.825,0,96.22
1624983807.827,1,114.02
1624983807.93,0,49.12
1624983807.933,1,53.83
1624983808.039,0,48.65
1624983808.042,1,54.65
1624983808.145,0,47.51
1624983808.148,1,64.14
1624983808.251,0,50.12
1624983808.254,1,88.95
1624983808.359,0,53.83
1624983808.363,1,61.82
1624983808.466,0,61.13
1624983808.469,1,61.69
1624983808.572,0,84.08
1624983808.576,1,77.52
1624983808.681,0,93.03
1624983808.683,1,109.36
1624983808.786,0,49.05
1624983808.79,1,54.64
1624983808.893,0,48.45
1624983808.896,1,54.82
1624983809.002,0,47.53
1624983809.005,1,58.22
1624983809.108,0,48.89
1624983809.111,1,80.94
1624983809.214,0,54.58
1624983809.217,1,65.59
1624983809.322,0,58.17
1624983809.326,1,59.39
1624983809.429,0,81.29
1624983809.432,1,77.98
1624983809.535,0,85.17
1624983809.538,1,118.17
1624983809.644,0,49.03
1624983809.647,1,54.04
1624983809.75,0,48.41
1624983809.753,1,54.5
1624983809.857,0,47.24
1624983809.86,1,58.9
1624983809.965,0,49.22
1624983809.967,1,87.03
1624983810.07,0,53.5
1624983810.074,1,62.13
1624983810.177,0,56.67
1624983810.18,1,57.78
1624983810.285,0,75.23
1624983810.289,1,72.52
1624983810.392,0,107.5
1624983810.395,1,103.81
1624983810.498,0,49.16
1624983810.501,1,67.51
1624983810.607,0,48.87
1624983810.609,1,54.66
1624983810.713,0,48.26
1624983810.716,1,56.18
1624983810.819,0,47.72
1624983810.822,1,63.83
1624983810.928,0,50.63
1624983810.93,1,88.39
1624983811.033,0,54.28
1624983811.037,1,56.17
1624983811.14,0,63.47
1624983811.143,1,62.29
1624983811.249,0,106.01
1624983811.252,1,100.61
1624983811.355,0,49.16
1624983811.358,1,70.12
1624983811.461,0,49.13
1624983811.464,1,54.71
1624983811.57,0,102.1
1624983811.573,1,104.39
1624983811.676,0,49.03
1624983811.678,1,54.27
1624983811.782,0,48.74
1624983811.785,1,54.53
1624983811.891,0,48.17
1624983811.894,1,56.09
1624983811.997,0,47.77
1624983812.0,1,66.58
1624983812.103,0,50.86
1624983812.106,1,94.9
1624983812.212,0,55.65
1624983812.215,1,57.13
1624983812.318,0,56.89
1624983812.322,1,58.2
1624983812.425,0,85.71
1624983812.428,1,80.08
1624983812.532,0,108.38
1624983812.535,1,121.35
1624983812.638,0,48.96
1624983812.641,1,54.11
1624983812.745,0,48.58
1624983812.747,1,54.78
1624983812.853,0,47.23
1624983812.856,1,62.06
1624983812.959,0,50.53
1624983812.962,1,85.08
1624983813.065,0,56.61
1624983813.068,1,57.32
1624983813.175,0,62.3
1624983813.178,1,62.96
1624983813.281,0,106.59
1624983813.284,1,100.66
1624983813.387,0,49.18
1624983813.39,1,88.86
1624983813.495,0,48.97
1624983813.498,1,54.28
1624983813.601,0,47.81
1624983813.604,1,57.61
1624983813.707,0,47.83
1624983813.71,1,65.44
1624983813.815,0,51.01
1624983813.818,1,81.9
1624983813.921,0,56.57
1624983813.925,1,57.95
1624983814.028,0,61.52
1624983814.031,1,60.9
1624983814.136,0,80.48
1624983814.14,1,79.37
1624983814.243,0,49.27
1624983814.246,1,70.92
1624983814.349,0,48.84
1624983814.352,1,54.55
1624983814.458,0,48.29
1624983814.461,1,55.11
1624983814.564,0,47.62
1624983814.567,1,65.57
1624983814.67,0,50.41
1624983814.673,1,93.61
1624983814.779,0,54.57
1624983814.783,1,56.55
1624983814.885,0,62.25
1624983814.889,1,62.62
1624983814.992,0,67.1
1624983814.995,1,65.38
1624983815.099,0,110.36
1624983815.102,1,117.69
1624983815.205,0,49.16
1624983815.208,1,58.35
1624983815.311,0,49.1
1624983815.314,1,54.5
1624983815.421,0,48.71
1624983815.424,1,54.7
1624983815.527,0,47.75
1624983815.53,1,57.97
1624983815.633,0,48.1
1624983815.636,1,68.32
1624983815.741,0,52.2
1624983815.744,1,67.84
1624983815.847,0,56.48
1624983815.851,1,57.89
1624983815.954,0,63.29
1624983815.957,1,62.51
1624983816.062,0,100.75
1624983816.066,1,96.46
1624983816.168,0,49.28
1624983816.171,1,69.49
1624983816.274,0,48.91
1624983816.277,1,54.25
1624983816.385,0,48.42
1624983816.39,1,54.93
1624983816.494,0,47.72
1624983816.496,1,66.48
1624983816.599,0,50.52
1624983816.602,1,87.0
1624983816.705,0,55.54
1624983816.711,1,57.15
1624983816.814,0,57.64
1624983816.818,1,59.36
1624983816.921,0,95.26
1624983816.924,1,90.91
1624983817.027,0,77.94
1624983817.032,1,93.89
1624983817.135,0,49.29
1624983817.137,1,54.35
1624983817.241,0,48.62
1624983817.244,1,54.95
1624983817.347,0,47.46
1624983817.352,1,58.8
1624983817.456,0,48.68
1624983817.459,1,80.32
1624983817.561,0,53.32
1624983817.565,1,65.4
1624983817.668,0,56.99
1624983817.674,1,58.3
1624983817.777,0,79.63
1624983817.78,1,76.99
1624983817.883,0,102.01
1624983817.887,1,97.67
1624983817.99,0,49.2
1624983817.995,1,53.95
1624983818.098,0,48.71
1624983818.101,1,54.64
1624983818.204,0,47.26
1624983818.207,1,61.31
1624983818.31,0,48.58
1624983818.315,1,78.78
1624983818.418,0,54.49
1624983818.422,1,58.97
1624983818.525,0,62.35
1624983818.528,1,62.63
1624983818.631,0,76.8
1624983818.637,1,74.61
1624983818.74,0,55.46
1624983818.743,1,82.03
1624983818.846,0,48.91
1624983818.849,1,54.85
1624983818.952,0,48.53
1624983818.958,1,55.03
1624983819.061,0,47.26
1624983819.064,1,61.4
1624983819.167,0,49.52
1624983819.17,1,82.89
1624983819.273,0,54.29
1624983819.279,1,65.52
1624983819.382,0,57.56
1624983819.385,1,58.96
1624983819.488,0,72.59
1624983819.491,1,70.1
1624983819.595,0,111.84
1624983819.6,1,119.64
1624983819.703,0,49.1
1624983819.706,1,54.18
1624983819.809,0,48.62
1624983819.812,1,54.45
1624983819.915,0,47.26
1624983819.921,1,59.96
1624983820.024,0,49.36
1624983820.027,1,77.55
1624983820.13,0,53.04
1624983820.133,1,66.46
1624983820.236,0,55.93
1624983820.242,1,57.03
1624983820.345,0,71.18
1624983820.349,1,69.4
1624983820.451,0,102.17
1624983820.454,1,105.27
1624983820.557,0,49.29
1624983820.563,1,58.98
1624983820.666,0,49.1
1624983820.669,1,54.56
1624983820.772,0,48.65
1624983820.775,1,54.78
1624983820.879,0,47.59
1624983820.884,1,58.36
1624983820.987,0,48.41
1624983820.99,1,74.35
1624983821.093,0,52.48
1624983821.096,1,81.2
1624983821.201,0,56.05
1624983821.205,1,57.26
1624983821.308,0,75.97
1624983821.311,1,72.6
1624983821.414,0,108.83
1624983821.417,1,127.14
1624983821.522,0,49.23
1624983821.525,1,54.38
1624983821.629,0,48.46
1624983821.631,1,55.26
1624983821.735,0,47.28
1624983821.738,1,59.78
1624983821.844,0,49.46
1624983821.847,1,94.36
1624983821.95,0,53.94
1624983821.953,1,56.01
1624983822.056,0,63.72
1624983822.06,1,62.26
1624983822.166,0,70.44
1624983822.169,1,70.8
1624983822.272,0,84.16
1624983822.277,1,104.7
1624983822.379,0,49.04
1624983822.382,1,54.1
1624983822.488,0,47.78
1624983822.491,1,56.13
1624983822.594,0,47.49
1624983822.597,1,65.46
1624983822.7,0,51.52
1624983822.703,1,79.1
1624983822.806,0,57.02
1624983822.809,1,57.64
1624983822.915,0,68.88
1624983822.918,1,68.02
1624983823.021,0,90.71
1624983823.024,1,87.86
1624983823.127,0,49.23
1624983823.13,1,78.91
1624983823.235,0,49.04
1624983823.238,1,54.58
1624983823.342,0,48.36
1624983823.345,1,54.97
1624983823.448,0,47.97
1624983823.451,1,63.93
1624983823.554,0,50.56
1624983823.557,1,80.65
1624983823.66,0,57.87
1624983823.663,1,58.9
1624983823.766,0,59.99
1624983823.771,1,61.3
1624983823.874,0,78.46
1624983823.878,1,72.04
1624983823.983,0,72.2
1624983823.986,1,97.02
1624983824.089,0,48.94
1624983824.092,1,54.49
1624983824.195,0,47.97
1624983824.198,1,55.65
1624983824.302,0,47.77
1624983824.304,1,64.9
1624983824.408,0,50.44
1624983824.413,1,92.32
1624983824.516,0,55.29
1624983824.519,1,57.16
1624983824.622,0,60.47
1624983824.625,1,61.03
1624983824.729,0,84.94
1624983824.734,1,79.71
1624983824.837,0,64.73
1624983824.84,1,95.82
1624983824.943,0,49.04
1624983824.946,1,53.9
1624983825.049,0,48.65
1624983825.055,1,54.87
1624983825.16,0,47.29
1624983825.162,1,61.15
1624983825.266,0,50.07
1624983825.268,1,91.74
1624983825.371,0,53.26
1624983825.376,1,61.12
1624983825.479,0,65.05
1624983825.482,1,64.66
1624983825.586,0,77.89
1624983825.589,1,76.26
1624983825.692,0,85.16
1624983825.697,1,103.17
1624983825.8,0,49.04
1624983825.803,1,54.0
1624983825.906,0,48.46
1624983825.909,1,55.55
1624983826.013,0,47.58
1624983826.017,1,63.35
1624983826.12,0,50.13
1624983826.123,1,93.26
1624983826.226,0,55.67
1624983826.229,1,56.96
1624983826.332,0,60.66
1624983826.339,1,60.92
1624983826.442,0,92.33
1624983826.445,1,88.41
1624983826.548,0,72.43
1624983826.551,1,91.5
1624983826.654,0,49.23
1624983826.659,1,84.98
1624983826.768,0,49.13
1624983826.771,1,54.2
1624983826.875,0,48.55
1624983826.88,1,55.55
1624983826.983,0,47.68
1624983826.987,1,65.47
1624983827.09,0,49.66
1624983827.093,1,92.05
1624983827.196,0,57.32
1624983827.201,1,58.51
1624983827.304,0,67.0
1624983827.307,1,66.3
1624983827.41,0,116.43
1624983827.414,1,110.18
1624983827.516,0,49.33
1624983827.522,1,56.03
1624983827.625,0,48.55
1624983827.628,1,54.87
1624983827.731,0,47.29
1624983827.734,1,60.49
1624983827.838,0,48.91
1624983827.842,1,79.24
1624983827.945,0,53.35
1624983827.948,1,66.32
1624983828.053,0,58.46
1624983828.056,1,59.09
1624983828.159,0,69.65
1624983828.164,1,70.53
1624983828.267,0,96.86
1624983828.27,1,92.61
1624983828.373,0,49.49
1624983828.376,1,79.51
1624983828.478,0,49.13
1624983828.484,1,53.99
1624983828.589,0,48.84
1624983828.593,1,54.39
1624983828.697,0,47.97
1624983828.699,1,56.52
1624983828.803,0,48.33
1624983828.806,1,65.37
1624983828.914,0,50.64
1624983828.917,1,88.36
1624983829.02,0,56.15
1624983829.026,1,57.45
1624983829.129,0,67.93
1624983829.133,1,67.16
1624983829.236,0,95.66
1624983829.239,1,87.21
1624983829.342,0,49.23
1624983829.347,1,57.91
1624983829.45,0,49.04
1624983829.453,1,54.1
1624983829.557,0,48.46
1624983829.56,1,55.74
1624983829.663,0,47.49
1624983829.668,1,63.17
1624983829.771,0,49.75
1624983829.774,1,93.3
1624983829.877,0,55.48
1624983829.88,1,56.87
1624983829.983,0,67.08
1624983829.989,1,65.61
1624983830.092,0,79.78
1624983830.097,1,74.05
1624983830.2,0,95.35
1624983830.202,1,114.31
1624983830.305,0,49.33
1624983830.31,1,54.1
1624983830.414,0,48.75
1624983830.417,1,54.58
1624983830.52,0,47.84
1624983830.523,1,65.08
1624983830.628,0,51.31
1624983830.631,1,84.36
1624983830.734,0,55.77
1624983830.737,1,57.16
1624983830.841,0,62.76
1624983830.844,1,63.02
1624983830.947,0,69.79
1624983830.952,1,62.34
1624983831.059,0,103.56
1624983831.062,1,125.23
1624983831.165,0,48.94
1624983831.168,1,53.52
1624983831.271,0,47.01
1624983831.274,1,57.2
1624983831.377,0,52.67
1624983831.38,1,81.48
1624983831.485,0,56.8
1624983831.488,1,58.32
1624983831.591,0,63.62
1624983831.595,1,64.27
1624983831.698,0,114.01
1624983831.702,1,98.02
1624983831.808,0,49.23
1624983831.811,1,63.98
1624983831.914,0,49.04
1624983831.917,1,54.29
1624983832.02,0,48.75
1624983832.023,1,55.26
1624983832.127,0,47.2
1624983832.129,1,59.99
1624983832.233,0,48.97
1624983832.236,1,88.24
1624983832.338,0,53.65
1624983832.342,1,59.58
1624983832.445,0,56.81
1624983832.448,1,58.42
1624983832.551,0,74.24
1624983832.556,1,73.39
1624983832.659,0,102.04
1624983832.663,1,118.1
1624983832.767,0,49.13
1624983832.77,1,54.39
1624983832.873,0,48.75
1624983832.877,1,54.78
1624983832.98,0,47.39
1624983832.984,1,59.71
1624983833.087,0,48.68
1624983833.09,1,78.44
1624983833.193,0,53.65
1624983833.198,1,65.65
1624983833.301,0,58.92
1624983833.306,1,59.67
1624983833.409,0,62.18
1624983833.412,1,63.03
1624983833.515,0,121.57
1624983833.519,1,138.24
1624983833.622,0,49.23
1624983833.625,1,54.77
1624983833.729,0,48.84
1624983833.731,1,54.87
1624983833.835,0,47.97
1624983833.84,1,57.39
1624983833.943,0,48.68
1624983833.946,1,80.07
1624983834.049,0,54.61
1624983834.053,1,56.11
1624983834.156,0,68.41
1624983834.161,1,67.54
1624983834.264,0,113.64
1624983834.267,1,103.43
1624983834.372,0,49.23
1624983834.375,1,65.22
1624983834.478,0,49.04
1624983834.482,1,53.9
1624983834.586,0,48.07
1624983834.589,1,55.74
1624983834.692,0,48.13
1624983834.695,1,70.08
1624983834.798,0,50.36
1624983834.803,1,89.06
1624983834.906,0,55.57
1624983834.911,1,56.97
1624983835.014,0,63.25
1624983835.017,1,63.98
1624983835.12,0,76.94
1624983835.125,1,75.62
1624983835.228,0,49.33
1624983835.231,1,72.18
1624983835.334,0,49.04
1624983835.337,1,54.49
1624983835.44,0,48.17
1624983835.445,1,55.94
1624983835.549,0,47.97
1624983835.552,1,63.94
1624983835.655,0,51.03
1624983835.657,1,80.42
1624983835.76,0,58.54
1624983835.766,1,59.18
1624983835.869,0,75.33
1624983835.872,1,71.58
1624983835.977,0,93.6
1624983835.98,1,89.87
1624983836.083,0,49.58
1624983836.087,1,78.37
1624983836.19,0,48.94
1624983836.193,1,54.57
1624983836.296,0,47.59
1624983836.299,1,58.75
1624983836.403,0,48.68
1624983836.407,1,81.61
1624983836.51,0,54.32
1624983836.515,1,63.43
1624983836.618,0,61.22
1624983836.621,1,61.88
1624983836.724,0,63.03
1624983836.729,1,65.03
1624983836.832,0,74.89
1624983836.836,1,72.72
1624983836.939,0,49.2
1624983836.942,1,75.58
1624983837.045,0,49.04
1624983837.05,1,54.68
1624983837.153,0,48.36
1624983837.156,1,55.26
1624983837.26,0,47.49
1624983837.262,1,63.45
1624983837.365,0,48.7
1624983837.371,1,79.41
1624983837.474,0,55.87
1624983837.477,1,57.35
1624983837.58,0,58.63
1624983837.584,1,59.64
1624983837.687,0,68.91
1624983837.692,1,67.83
1624983837.795,0,92.31
1624983837.798,1,104.52
1624983837.901,0,49.23
1624983837.904,1,54.19
1624983838.007,0,48.75
1624983838.013,1,54.39
1624983838.116,0,47.1
1624983838.119,1,59.9
1624983838.222,0,49.26
1624983838.225,1,83.72
1624983838.328,0,53.36
1624983838.334,1,65.64
1624983838.437,0,56.06
1624983838.44,1,57.27
1624983838.543,0,74.62
1624983838.547,1,73.38
1624983838.65,0,106.76
1624983838.655,1,124.48
1624983838.757,0,49.13
1624983838.76,1,54.39
1624983838.864,0,48.94
1624983838.867,1,54.78
1624983838.97,0,48.36
1624983838.975,1,55.46
1624983839.079,0,47.49
1624983839.081,1,62.49
1624983839.185,0,50.52
1624983839.187,1,91.15
1624983839.29,0,54.71
1624983839.297,1,57.74
1624983839.4,0,61.6
1624983839.403,1,62.46
1624983839.506,0,86.97
1624983839.509,1,82.87
1624983839.612,0,85.42
1624983839.618,1,100.99
1624983839.72,0,49.23
1624983839.723,1,54.2
1624983839.827,0,48.75
1624983839.83,1,54.68
1624983839.933,0,47.68
1624983839.938,1,58.65
1624983840.042,0,48.99
1624983840.045,1,78.35
1624983840.147,0,53.07
1624983840.151,1,64.98
1624983840.253,0,55.77
1624983840.26,1,57.06
1624983840.363,0,60.08
1624983840.366,1,60.06
1624983840.472,0,86.17
1624983840.476,1,82.29
1624983840.579,0,79.56
1624983840.582,1,102.27
1624983840.685,0,49.13
1624983840.688,1,54.67
1624983840.794,0,48.84
1624983840.797,1,54.78
1624983840.9,0,47.29
1624983840.903,1,60.67
1624983841.006,0,49.56
1624983841.009,1,84.98
1624983841.114,0,52.58
1624983841.118,1,65.36
1624983841.22,0,58.56
1624983841.225,1,59.19
1624983841.328,0,72.93
1624983841.332,1,70.61
1624983841.435,0,109.69
1624983841.438,1,121.17
1624983841.541,0,49.13
1624983841.544,1,54.19
1624983841.648,0,48.55
1624983841.651,1,54.68
1624983841.757,0,47.59
1624983841.76,1,59.52
1624983841.863,0,48.23
1624983841.866,1,74.53
1624983841.969,0,52.29
1624983841.972,1,83.31
1624983842.078,0,54.42
1624983842.081,1,56.12
1624983842.184,0,62.58
1624983842.187,1,62.66
1624983842.292,0,102.96
1624983842.295,1,94.05
1624983842.399,0,84.8
1624983842.404,1,105.23
1624983842.507,0,49.13
1624983842.51,1,53.9
1624983842.614,0,48.55
1624983842.617,1,54.97
1624983842.72,0,47.78
1624983842.725,1,58.36
1624983842.829,0,47.96
1624983842.832,1,69.34
1624983842.934,0,52.39
1624983842.937,1,68.64
1624983843.04,0,54.52
1624983843.047,1,56.6
1624983843.15,0,61.24
1624983843.153,1,61.9
1624983843.256,0,73.02
1624983843.26,1,71.68
1624983843.363,0,74.6
1624983843.367,1,93.56
1624983843.47,0,49.04
1624983843.473,1,54.0
1624983843.577,0,48.46
1624983843.58,1,55.45
1624983843.683,0,47.68
1624983843.688,1,64.23
1624983843.791,0,48.99
1624983843.794,1,82.28
1624983843.897,0,53.37
1624983843.9,1,60.83
1624983844.003,0,57.03
1624983844.01,1,58.42
1624983844.113,0,66.8
1624983844.116,1,66.19
1624983844.219,0,96.51
1624983844.223,1,90.52
1624983844.326,0,82.07
1624983844.33,1,98.72
1624983844.433,0,49.05
1624983844.436,1,54.39
1624983844.54,0,48.19
1624983844.543,1,56.34
1624983844.647,0,47.29
1624983844.651,1,63.2
1624983844.754,0,48.9
1624983844.757,1,85.36
1624983844.86,0,53.84
1624983844.864,1,61.71
1624983844.966,0,56.93
1624983844.973,1,58.13
1624983845.076,0,58.84
1624983845.079,1,60.17
1624983845.182,0,102.79
1624983845.185,1,123.66
1624983845.288,0,49.13
1624983845.293,1,53.74
1624983845.397,0,48.84
1624983845.399,1,54.99
1624983845.503,0,47.2
1624983845.506,1,59.71
1624983845.609,0,48.71
1624983845.614,1,80.18
1624983845.717,0,53.96
1624983845.72,1,55.84
1624983845.823,0,63.18
1624983845.827,1,63.92
1624983845.93,0,84.58
1624983845.936,1,80.39
1624983846.039,0,91.25
1624983846.042,1,110.56
1624983846.144,0,49.23
1624983846.147,1,54.6
1624983846.251,0,48.66
1624983846.256,1,55.08
1624983846.359,0,47.42
1624983846.362,1,59.04
1624983846.466,0,49.09
1624983846.468,1,80.67
1624983846.571,0,56.16
1624983846.577,1,57.76
1624983846.68,0,60.19
1624983846.683,1,61.22
1624983846.786,0,85.45
1624983846.79,1,80.58
1624983846.893,0,75.45
1624983846.898,1,94.99
1624983847.002,0,49.23
1624983847.005,1,53.71
1624983847.108,0,48.75
1624983847.111,1,54.97
1624983847.214,0,47.59
1624983847.219,1,59.05
1624983847.322,0,48.91
1624983847.325,1,71.46
1624983847.428,0,50.07
1624983847.431,1,87.45
1624983847.534,0,55.1
1624983847.54,1,56.89
1624983847.643,0,58.18
1624983847.646,1,59.4
1624983847.749,0,80.46
1624983847.753,1,77.55
1624983847.856,0,107.31
1624983847.86,1,112.97
1624983847.963,0,49.13
1624983847.966,1,54.29
1624983848.069,0,48.94
1624983848.072,1,54.41
1624983848.176,0,48.36
1624983848.181,1,56.52
1624983848.284,0,47.97
1624983848.287,1,68.09
1624983848.39,0,51.62
1624983848.393,1,77.85
1624983848.496,0,56.84
1624983848.502,1,57.95
1624983848.607,0,63.07
1624983848.611,1,61.03
1624983848.716,0,101.15
1624983848.719,1,95.63
1624983848.822,0,54.59
1624983848.825,1,82.64
1624983848.928,0,48.94
1624983848.931,1,54.7
1624983849.037,0,47.5
1624983849.04,1,58.45
1624983849.143,0,48.81
1624983849.147,1,80.36
1624983849.25,0,52.49
1624983849.253,1,72.37
1624983849.358,0,55.39
1624983849.361,1,57.08
1624983849.464,0,60.28
1624983849.467,1,61.69
1624983849.57,0,83.92
1624983849.574,1,75.89
1624983849.678,0,82.47
1624983849.681,1,100.84
1624983849.784,0,49.04
1624983849.787,1,54.49
1624983849.891,0,48.46
1624983849.893,1,54.97
1624983849.999,0,47.49
1624983850.002,1,62.81
1624983850.105,0,50.04
1624983850.108,1,90.07
1624983850.213,0,55.1
1624983850.216,1,56.42
1624983850.321,0,66.71
1624983850.324,1,66.41
1624983850.427,0,108.08
1624983850.43,1,101.21
1624983850.533,0,55.1
1624983850.536,1,92.25
1624983850.641,0,49.13
1624983850.644,1,54.0
1624983850.747,0,48.58
1624983850.751,1,55.67
1624983850.854,0,47.68
1624983850.857,1,63.28
1624983850.963,0,50.24
1624983850.966,1,93.08
1624983851.068,0,55.58
1624983851.072,1,57.57
1624983851.175,0,62.68
1624983851.178,1,62.19
1624983851.283,0,82.19
1624983851.287,1,78.39
1624983851.39,0,67.03
1624983851.393,1,100.05
1624983851.496,0,49.13
1624983851.499,1,54.71
1624983851.604,0,48.84
1624983851.607,1,55.08
1624983851.711,0,47.79
1624983851.714,1,57.58
1624983851.817,0,47.97
1624983851.82,1,67.6
1624983851.925,0,52.01
1624983851.928,1,65.39
1624983852.031,0,55.97
1624983852.034,1,57.29
1624983852.137,0,69.92
1624983852.141,1,67.64
1624983852.246,0,104.71
1624983852.25,1,96.54
1624983852.353,0,49.24
1624983852.355,1,62.28
1624983852.458,0,48.96
1624983852.461,1,54.2
1624983852.567,0,48.27
1624983852.57,1,55.67
1624983852.673,0,47.88
1624983852.676,1,62.33
1624983852.779,0,50.55
1624983852.782,1,94.01
1624983852.887,0,55.58
1624983852.89,1,56.9
1624983852.993,0,77.81
1624983852.997,1,75.81
1624983853.1,0,97.18
1624983853.103,1,87.34
1624983853.208,0,51.52
1624983853.211,1,79.21
1624983853.314,0,49.13
1624983853.317,1,54.49
1624983853.421,0,48.56
1624983853.424,1,55.06
1624983853.529,0,47.29
1624983853.532,1,60.39
1624983853.635,0,50.65
1624983853.638,1,87.76
1624983853.741,0,57.3
1624983853.745,1,58.14
1624983853.85,0,61.27
1624983853.853,1,61.8
1624983853.956,0,91.41
1624983853.962,1,84.29
1624983854.065,0,65.37
1624983854.068,1,95.9
1624983854.171,0,49.04
1624983854.174,1,54.6
1624983854.277,0,47.42
1624983854.281,1,57.78
1624983854.385,0,48.24
1624983854.387,1,71.85
1624983854.491,0,53.55
1624983854.494,1,66.06
1624983854.597,0,58.94
1624983854.603,1,59.87
1624983854.706,0,96.78
1624983854.709,1,88.96
1624983854.812,0,53.65
1624983854.815,1,78.96
1624983854.918,0,49.04
1624983854.923,1,54.21
1624983855.026,0,48.48
1624983855.029,1,55.07
1624983855.134,0,47.39
1624983855.136,1,61.73
1624983855.239,0,49.95
1624983855.244,1,92.09
1624983855.347,0,57.42
1624983855.35,1,58.15
1624983855.454,0,64.7
1624983855.457,1,63.99
1624983855.56,0,98.55
1624983855.567,1,93.25
1624983855.67,0,49.23
1624983855.673,1,70.63
1624983855.776,0,48.87
1624983855.779,1,54.7
1624983855.883,0,48.17
1624983855.888,1,57.12
1624983855.991,0,48.81
1624983855.994,1,78.16
1624983856.097,0,54.54
1624983856.1,1,62.77
1624983856.203,0,58.47
1624983856.207,1,59.67
1624983856.31,0,85.67
1624983856.313,1,79.22
1624983856.416,0,81.27
1624983856.419,1,100.14
1624983856.522,0,48.94
1624983856.525,1,54.5
1624983856.628,0,47.32
1624983856.632,1,58.38
1624983856.737,0,48.71
1624983856.74,1,75.67
1624983856.843,0,55.4
1624983856.846,1,56.99
1624983856.949,0,60.78
1624983856.955,1,61.89
1624983857.058,0,82.3
1624983857.061,1,80.2
1624983857.164,0,59.51
1624983857.167,1,88.87
1624983857.27,0,48.95
1624983857.273,1,54.61
1624983857.378,0,48.48
1624983857.383,1,54.88
1624983857.486,0,47.88
1624983857.489,1,68.87
1624983857.592,0,50.25
1624983857.595,1,85.74
1624983857.699,0,53.36
1624983857.705,1,55.36
1624983857.808,0,63.26
1624983857.811,1,63.82
1624983857.914,0,97.51
1624983857.918,1,90.64
1624983858.021,0,50.74
1624983858.024,1,72.26
1624983858.128,0,49.04
1624983858.131,1,54.0
1624983858.235,0,48.56
1624983858.238,1,55.18
1624983858.341,0,47.2
1624983858.344,1,60.86
1624983858.447,0,49.29
1624983858.45,1,84.37
1624983858.553,0,55.39
1624983858.556,1,58.61
1624983858.661,0,62.49
1624983858.665,1,62.74
1624983858.768,0,95.15
1624983858.771,1,88.44
1624983858.874,0,91.38
1624983858.88,1,112.36
1624983858.983,0,49.12
1624983858.985,1,54.27
1624983859.089,0,48.55
1624983859.092,1,54.96
1624983859.195,0,47.2
1624983859.198,1,57.57
1624983859.303,0,48.7
1624983859.309,1,78.62
1624983859.412,0,53.16
1624983859.415,1,58.9
1624983859.518,0,63.62
1624983859.522,1,63.81
1624983859.625,0,109.08
1624983859.628,1,99.66
1624983859.733,0,49.23
1624983859.736,1,72.68
1624983859.839,0,48.94
1624983859.842,1,54.68
1624983859.946,0,47.97
1624983859.949,1,56.71
1624983860.052,0,49.18
1624983860.055,1,81.7
1624983860.158,0,57.38
1624983860.162,1,58.42
1624983860.266,0,61.7
1624983860.269,1,62.55
1624983860.372,0,95.36
1624983860.376,1,92.54
1624983860.479,0,64.27
1624983860.482,1,108.51
1624983860.587,0,48.94
1624983860.59,1,54.19
1624983860.693,0,47.78
1624983860.696,1,56.91
1624983860.8,0,48.42
1624983860.802,1,69.79
1624983860.907,0,51.23
1624983860.91,1,78.31
1624983861.013,0,57.12
1624983861.017,1,58.32
1624983861.12,0,63.17
1624983861.123,1,61.59
1624983861.228,0,109.85
1624983861.231,1,107.15
1624983861.335,0,59.86
1624983861.344,1,93.85
1624983861.449,0,49.13
1624983861.452,1,54.49
1624983861.555,0,48.36
1624983861.558,1,55.26
1624983861.662,0,47.96
1624983861.665,1,63.27
1624983861.77,0,49.36
1624983861.773,1,92.13
1624983861.876,0,55.57
1624983861.879,1,56.89
1624983861.982,0,65.75
1624983861.986,1,64.0
1624983862.09,0,94.62
1624983862.094,1,88.29
1624983862.197,0,65.7
1624983862.201,1,84.43
1624983862.304,0,49.13
1624983862.306,1,54.1
1624983862.412,0,47.97
1624983862.414,1,56.81
1624983862.518,0,51.54
1624983862.521,1,57.85
1624983862.624,0,48.65
1624983862.626,1,54.68
1624983862.732,0,47.29
1624983862.735,1,60.38
1624983862.84,0,48.8
1624983862.843,1,79.79
1624983862.946,0,54.51
1624983862.949,1,56.22
1624983863.053,0,59.89
1624983863.06,1,59.75
1624983863.163,0,76.67
1624983863.166,1,75.41
1624983863.269,0,74.03
1624983863.272,1,100.71
1624983863.375,0,49.13
1624983863.378,1,54.48
1624983863.481,0,48.55
1624983863.484,1,55.55
1624983863.588,0,47.29
1624983863.598,1,61.13
1624983863.701,0,50.45
1624983863.704,1,93.75
1624983863.807,0,54.71
1624983863.81,1,59.87
1624983863.916,0,59.5
1624983863.919,1,60.34
1624983864.022,0,79.31
1624983864.026,1,75.84
1624983864.129,0,94.54
1624983864.132,1,115.36
1624983864.236,0,49.33
1624983864.239,1,54.49
1624983864.344,0,48.84
1624983864.347,1,55.16
1624983864.45,0,47.58
1624983864.455,1,62.6
1624983864.558,0,50.32
1624983864.561,1,90.57
1624983864.664,0,55.38
1624983864.667,1,56.98
1624983864.77,0,65.26
1624983864.774,1,63.4
1624983864.879,0,85.13
1624983864.884,1,80.44
1624983864.987,0,89.42
1624983864.99,1,101.76
1624983865.093,0,49.13
1624983865.096,1,53.81
1624983865.2,0,48.65
1624983865.203,1,55.26
1624983865.306,0,47.39
1624983865.312,1,63.09
1624983865.416,0,49.36
1624983865.418,1,87.27
1624983865.521,0,55.77
1624983865.525,1,57.07
1624983865.628,0,61.79
1624983865.631,1,62.05
1624983865.734,0,93.87
1624983865.74,1,86.22
1624983865.843,0,93.0
1624983865.846,1,110.14
1624983865.949,0,49.13
1624983865.952,1,54.49
1624983866.056,0,48.55
1624983866.059,1,55.26
1624983866.162,0,47.49
1624983866.167,1,59.61
1624983866.271,0,48.23
1624983866.274,1,74.7
1624983866.377,0,53.55
1624983866.38,1,66.03
1624983866.483,0,57.76
1624983866.488,1,58.51
1624983866.591,0,82.06
1624983866.595,1,79.25
1624983866.698,0,97.38
1624983866.701,1,112.65
1624983866.803,0,49.33
1624983866.809,1,54.29
1624983866.912,0,48.84
1624983866.915,1,55.26
1624983867.019,0,47.58
1624983867.022,1,63.67
1624983867.125,0,49.56
1624983867.129,1,95.03
1624983867.232,0,55.76
1624983867.236,1,57.37
1624983867.339,0,61.92
1624983867.342,1,62.27
1624983867.445,0,65.45
1624983867.451,1,65.7
1624983867.554,0,113.22
1624983867.557,1,120.91
1624983867.66,0,49.33
1624983867.663,1,54.0
1624983867.766,0,48.94
1624983867.771,1,55.07
1624983867.875,0,47.88
1624983867.877,1,57.2
1624983867.981,0,48.99
1624983867.984,1,80.67
1624983868.087,0,53.89
1624983868.093,1,58.24
1624983868.196,0,60.54
1624983868.199,1,61.6
1624983868.302,0,101.1
1624983868.306,1,95.42
1624983868.409,0,59.58
1624983868.413,1,82.43
1624983868.516,0,49.12
1624983868.519,1,53.93
1624983868.623,0,48.75
1624983868.626,1,54.96
1624983868.729,0,47.32
1624983868.734,1,59.36
1624983868.837,0,49.71
1624983868.84,1,90.45
1624983868.943,0,55.28
1624983868.946,1,57.05
1624983869.049,0,55.75
1624983869.055,1,57.54
1624983869.158,0,59.51
1624983869.162,1,60.24
1624983869.265,0,98.34
1624983869.268,1,94.66
1624983869.371,0,67.88
1624983869.376,1,89.21
1624983869.479,0,49.19
1624983869.482,1,54.59
1624983869.585,0,48.74
1624983869.588,1,54.85
1624983869.692,0,47.96
1624983869.697,1,57.2
1624983869.8,0,48.62
1624983869.803,1,78.76
1624983869.906,0,53.2
1624983869.909,1,65.34
1624983870.012,0,59.07
1624983870.018,1,60.3
1624983870.121,0,73.22
1624983870.125,1,71.25
1624983870.228,0,110.09
1624983870.231,1,105.23
1624983870.334,0,49.26
1624983870.339,1,53.85
1624983870.442,0,48.9
1624983870.445,1,54.21
1624983870.549,0,47.82
1624983870.552,1,58.23
1624983870.655,0,48.36
1624983870.66,1,72.45
1624983870.763,0,52.62
1624983870.766,1,80.22
1624983870.869,0,56.24
1624983870.872,1,57.85
1624983870.975,0,62.14
1624983870.981,1,62.77
1624983871.084,0,68.88
1624983871.088,1,68.43
1624983871.191,0,107.75
1624983871.194,1,124.67
1624983871.297,0,49.35
1624983871.302,1,56.36
1624983871.405,0,49.01
1624983871.408,1,54.7
1624983871.511,0,47.9
1624983871.514,1,57.53
1624983871.617,0,48.51
1624983871.622,1,74.07
1624983871.725,0,53.22
1624983871.728,1,65.51
1624983871.831,0,57.5
1624983871.835,1,59.49
1624983871.938,0,75.64
1624983871.944,1,74.3
1624983872.047,0,111.07
1624983872.05,1,108.64
1624983872.153,0,49.27
1624983872.156,1,54.14
1624983872.26,0,48.81
1624983872.264,1,54.2
1624983872.368,0,47.33
1624983872.37,1,62.53
1624983872.474,0,49.64
1624983872.477,1,85.6
1624983872.579,0,54.45
1624983872.585,1,63.76
1624983872.688,0,57.1
1624983872.691,1,58.31
1624983872.794,0,73.96
1624983872.798,1,71.67
1624983872.901,0,109.5
1624983872.906,1,124.18
1624983873.009,0,49.14
1624983873.012,1,53.96
1624983873.116,0,48.78
1624983873.119,1,54.77
1624983873.222,0,47.49
1624983873.227,1,58.96
1624983873.33,0,48.68
1624983873.333,1,70.18
1624983873.436,0,53.61
1624983873.439,1,63.22
1624983873.542,0,59.47
1624983873.548,1,60.3
1624983873.651,0,72.13
1624983873.654,1,72.55
1624983873.757,0,107.7
1624983873.76,1,124.68
1624983873.863,0,49.28
1624983873.869,1,54.04
1624983873.972,0,48.87
1624983873.975,1,54.55
1624983874.078,0,47.43
1624983874.081,1,59.07
1624983874.184,0,48.75
1624983874.189,1,76.85
1624983874.292,0,53.9
1624983874.295,1,64.57
1624983874.398,0,57.85
1624983874.402,1,58.1
1624983874.505,0,76.73
1624983874.511,1,75.25
1624983874.614,0,95.91
1624983874.617,1,113.17
1624983874.72,0,49.32
1624983874.723,1,53.8
1624983874.826,0,48.91
1624983874.832,1,54.62
1624983874.935,0,47.94
1624983874.938,1,55.65
1624983875.044,0,48.65
1624983875.047,1,76.36
1624983875.15,0,54.09
1624983875.153,1,63.69
1624983875.256,0,64.01
1624983875.26,1,62.11
1624983875.365,0,72.89
1624983875.369,1,70.58
1624983875.472,0,94.47
1624983875.474,1,108.29
1624983875.577,0,48.94
1624983875.58,1,54.33
1624983875.686,0,48.07
1624983875.689,1,56.86
1624983875.792,0,47.99
1624983875.795,1,69.72
1624983875.898,0,52.94
1624983875.901,1,78.88
1624983876.007,0,56.06
1624983876.01,1,57.65
1624983876.113,0,65.56
1624983876.117,1,64.98
1624983876.22,0,98.35
1624983876.224,1,89.13
1624983876.328,0,54.62
1624983876.33,1,75.81
1624983876.433,0,48.98
1624983876.436,1,54.5
1624983876.54,0,48.56
1624983876.543,1,54.69
1624983876.649,0,47.72
1624983876.652,1,58.21
1624983876.755,0,48.48
1624983876.758,1,73.5
1624983876.861,0,52.65
1624983876.864,1,69.07
1624983876.969,0,57.71
1624983876.973,1,58.99
1624983877.076,0,63.19
1624983877.079,1,63.04
1624983877.182,0,112.55
1624983877.185,1,102.14
1624983877.29,0,51.92
1624983877.293,1,83.61
1624983877.396,0,48.97
1624983877.399,1,54.49
1624983877.502,0,47.4
1624983877.505,1,56.95
1624983877.611,0,48.16
1624983877.614,1,69.6
1624983877.717,0,52.33
1624983877.72,1,68.33
1624983877.823,0,57.76
1624983877.827,1,58.49
1624983877.932,0,67.29
1624983877.935,1,67.18
1624983878.038,0,118.69
1624983878.041,1,116.38
1624983878.144,0,49.26
1624983878.147,1,54.4
1624983878.253,0,48.85
1624983878.256,1,54.94
1624983878.359,0,48.25
1624983878.362,1,56.15
1624983878.465,0,47.65
1624983878.468,1,62.77
1624983878.574,0,48.69
1624983878.577,1,79.04
1624983878.68,0,54.48
1624983878.683,1,55.86
1624983878.786,0,64.01
1624983878.79,1,63.12
1624983878.895,0,65.21
1624983878.898,1,65.3
1624983879.001,0,94.87
1624983879.004,1,93.73
1624983879.107,0,49.26
1624983879.11,1,69.23
1624983879.216,0,49.07
1624983879.219,1,54.59
1624983879.322,0,48.07
1624983879.325,1,57.24
1624983879.429,0,48.07
1624983879.431,1,67.08
1624983879.537,0,50.99
1624983879.54,1,85.51
1624983879.642,0,56.11
1624983879.646,1,57.62
1624983879.749,0,60.02
1624983879.752,1,59.56
1624983879.858,0,108.01
1624983879.861,1,98.55
1624983879.964,0,54.03
1624983879.967,1,79.53
1624983880.07,0,49.29
1624983880.073,1,53.93
1624983880.18,0,48.8
1624983880.183,1,54.86
1624983880.286,0,47.85
1624983880.289,1,56.52
1624983880.392,0,48.42
1624983880.395,1,71.78
1624983880.5,0,53.69
1624983880.503,1,66.2
1624983880.605,0,59.12
1624983880.609,1,60.44
1624983880.712,0,77.99
1624983880.715,1,71.78
1624983880.82,0,110.97
1624983880.824,1,102.85
1624983880.927,0,49.26
1624983880.93,1,54.46
1624983881.033,0,48.56
1624983881.036,1,55.03
1624983881.141,0,47.33
1624983881.144,1,60.7
1624983881.247,0,48.62
1624983881.25,1,72.43
1624983881.353,0,55.12
1624983881.356,1,66.43
1624983881.462,0,54.37
1624983881.465,1,55.74
1624983881.568,0,59.73
1624983881.572,1,60.37
1624983881.675,0,94.64
1624983881.678,1,86.39
1624983881.784,0,92.1
1624983881.79,1,104.21
1624983881.893,0,49.26
1624983881.896,1,53.94
1624983881.999,0,49.03
1624983882.002,1,55.16
1624983882.105,0,48.29
1624983882.11,1,56.9
1624983882.214,0,47.45
1624983882.217,1,65.27
1624983882.32,0,50.96
1624983882.323,1,85.08
1624983882.426,0,54.14
1624983882.432,1,56.09
1624983882.535,0,56.9
1624983882.538,1,58.0
1624983882.641,0,83.0
1624983882.645,1,79.72
1624983882.748,0,91.74
1624983882.752,1,110.58
1624983882.855,0,49.29
1624983882.858,1,54.4
1624983882.962,0,48.74
1624983882.965,1,55.53
1624983883.068,0,48.1
1624983883.073,1,58.22
1624983883.176,0,48.57
1624983883.179,1,79.65
1624983883.282,0,54.27
1624983883.286,1,65.65
1624983883.389,0,58.06
1624983883.394,1,59.38
1624983883.497,0,67.86
1624983883.501,1,67.34
1624983883.604,0,96.92
1624983883.608,1,90.54
1624983883.711,0,65.41
1624983883.715,1,95.55
1624983883.818,0,48.99
1624983883.821,1,54.79
1624983883.925,0,48.29
1624983883.928,1,56.69
1624983884.031,0,47.84
1624983884.036,1,67.05
1624983884.139,0,51.4
1624983884.142,1,80.52
1624983884.245,0,56.65
1624983884.249,1,57.95
1624983884.352,0,65.03
1624983884.358,1,65.06
1624983884.461,0,109.3
1624983884.464,1,105.27
1624983884.567,0,49.27
1624983884.57,1,53.9
1624983884.673,0,49.13
1624983884.678,1,54.26
1624983884.782,0,48.17
1624983884.785,1,57.05
1624983884.888,0,48.58
1624983884.891,1,73.43
1624983884.995,0,52.29
1624983884.999,1,71.89
1624983885.102,0,56.81
1624983885.105,1,58.38
1624983885.208,0,65.73
1624983885.212,1,65.31
1624983885.315,0,83.74
1624983885.321,1,80.93
1624983885.424,0,100.89
1624983885.426,1,117.62
1624983885.529,0,49.34
1624983885.532,1,54.67
1624983885.636,0,49.16
1624983885.641,1,54.89
1624983885.744,0,48.41
1624983885.747,1,55.82
1624983885.851,0,48.0
1624983885.854,1,68.42
1624983885.956,0,49.98
1624983885.962,1,93.42
1624983886.065,0,57.0
1624983886.068,1,58.41
1624983886.171,0,71.29
1624983886.175,1,70.7
1624983886.278,0,80.19
1624983886.283,1,78.68
1624983886.386,0,60.07
1624983886.389,1,86.28
1624983886.492,0,49.16
1624983886.494,1,54.11
1624983886.6,0,48.59
1624983886.604,1,55.24
1624983886.707,0,48.1
1624983886.71,1,70.29
1624983886.813,0,49.9
1624983886.816,1,93.49
1624983886.919,0,54.69
1624983886.924,1,61.16
1624983887.027,0,60.81
1624983887.031,1,61.53
1624983887.134,0,79.26
1624983887.137,1,77.28
1624983887.24,0,97.46
1624983887.245,1,114.16
1624983887.348,0,49.18
1624983887.351,1,54.59
1624983887.455,0,48.78
1624983887.457,1,55.05
1624983887.561,0,48.07
1624983887.566,1,57.71
1624983887.669,0,49.47
1624983887.672,1,84.41
1624983887.775,0,54.07
1624983887.778,1,55.93
1624983887.882,0,59.49
1624983887.887,1,60.4
1624983887.99,0,80.45
1624983887.993,1,78.56
1624983888.096,0,80.95
1624983888.099,1,91.11
1624983888.205,0,49.31
1624983888.208,1,54.27
1624983888.311,0,48.91
1624983888.314,1,54.62
1624983888.417,0,48.23
1624983888.42,1,56.65
1624983888.526,0,47.75
1624983888.528,1,68.4
1624983888.631,0,53.65
1624983888.635,1,60.92
1624983888.738,0,58.57
1624983888.741,1,58.79
1624983888.847,0,96.68
1624983888.851,1,90.95
1624983888.954,0,65.9
1624983888.956,1,98.51
1624983889.059,0,49.16
1624983889.062,1,54.56
1624983889.166,0,48.93
1624983889.17,1,54.64
1624983889.274,0,47.29
1624983889.277,1,59.25
1624983889.38,0,48.89
1624983889.383,1,79.89
1624983889.486,0,52.89
1624983889.491,1,65.12
1624983889.594,0,58.06
1624983889.598,1,59.27
1624983889.701,0,74.99
1624983889.704,1,73.4
1624983889.807,0,70.66
1624983889.812,1,94.15
1624983889.918,0,49.19
1624983889.921,1,54.06
1624983890.024,0,48.74
1624983890.027,1,54.93
1624983890.131,0,47.46
1624983890.134,1,59.43
1624983890.239,0,48.56
1624983890.242,1,80.09
1624983890.344,0,52.18
1624983890.347,1,73.27
1624983890.45,0,57.43
1624983890.454,1,58.63
1624983890.557,0,68.76
1624983890.561,1,68.0
1624983890.663,0,116.1
1624983890.667,1,110.32
1624983890.769,0,51.18
1624983890.774,1,77.31
1624983890.877,0,48.71
1624983890.88,1,54.43
1624983890.986,0,47.98
1624983890.989,1,56.58
1624983891.093,0,47.97
1624983891.095,1,68.48
1624983891.198,0,49.81
1624983891.201,1,88.48
1624983891.304,0,57.85
1624983891.307,1,58.58
1624983891.411,0,72.82
1624983891.416,1,71.19
1624983891.519,0,96.64
1624983891.522,1,113.45
1624983891.625,0,49.16
1624983891.628,1,54.46
1624983891.731,0,48.49
1624983891.737,1,55.09
1624983891.841,0,47.81
1624983891.844,1,66.95
1624983891.947,0,51.56
1624983891.95,1,78.2
1624983892.053,0,54.19
1624983892.058,1,55.48
1624983892.164,0,67.64
1624983892.167,1,66.26
1624983892.27,0,100.86
1624983892.274,1,95.75
1624983892.376,0,53.94
1624983892.379,1,78.18
1624983892.482,0,49.16
1624983892.485,1,54.37
1624983892.591,0,48.62
1624983892.594,1,54.99
1624983892.698,0,47.33
1624983892.7,1,61.48
1624983892.803,0,49.67
1624983892.808,1,85.43
1624983892.91,0,54.71
1624983892.914,1,60.09
1624983893.017,0,59.24
1624983893.021,1,59.69
1624983893.124,0,67.28
1624983893.127,1,67.27
1624983893.23,0,96.79
1624983893.233,1,118.52
1624983893.336,0,49.22
1624983893.341,1,54.24
1624983893.445,0,48.74
1624983893.448,1,55.11
1624983893.551,0,47.56
1624983893.554,1,58.7
1624983893.658,0,48.66
1624983893.662,1,76.6
1624983893.765,0,53.75
1624983893.769,1,65.25
1624983893.876,0,58.64
1624983893.88,1,59.2
1624983893.983,0,71.79
1624983893.986,1,70.93
1624983894.089,0,93.17
1624983894.092,1,105.07
1624983894.195,0,49.39
1624983894.198,1,59.04
1624983894.303,0,49.0
1624983894.306,1,54.82
1624983894.409,0,48.1
1624983894.414,1,56.24
1624983894.517,0,49.44
1624983894.52,1,87.82
1624983894.623,0,53.48
1624983894.626,1,65.45
1624983894.731,0,56.17
1624983894.735,1,57.55
1624983894.838,0,66.07
1624983894.841,1,65.88
1624983894.944,0,120.75
1624983894.947,1,125.76
1624983895.05,0,49.31
1624983895.053,1,54.15
1624983895.16,0,48.72
1624983895.162,1,55.11
1624983895.266,0,48.04
1624983895.269,1,66.94
1624983895.371,0,52.02
1624983895.374,1,78.04
1624983895.477,0,58.53
1624983895.481,1,59.53
1624983895.584,0,80.66
1624983895.589,1,76.96
1624983895.692,0,89.46
1624983895.694,1,110.63
1624983895.797,0,49.29
1624983895.8,1,54.51
1624983895.904,0,48.74
1624983895.909,1,54.93
1624983896.013,0,47.46
1624983896.018,1,59.78
1624983896.122,0,48.93
1624983896.125,1,78.85
1624983896.227,0,54.48
1624983896.231,1,55.96
1624983896.334,0,65.2
1624983896.337,1,64.14
1624983896.44,0,112.13
1624983896.443,1,104.7
1624983896.546,0,49.33
1624983896.551,1,76.65
1624983896.654,0,48.9
1624983896.657,1,54.69
1624983896.76,0,48.1
1624983896.763,1,58.12
1624983896.867,0,47.87
1624983896.873,1,69.82
1624983896.975,0,52.75
1624983896.978,1,65.73
1624983897.081,0,56.17
1624983897.085,1,57.88
1624983897.188,0,71.9
1624983897.194,1,69.62
1624983897.297,0,110.89
1624983897.3,1,111.14
1624983897.403,0,49.35
1624983897.406,1,54.41
1624983897.51,0,48.87
1624983897.514,1,54.44
1624983897.618,0,48.29
1624983897.622,1,56.6
1624983897.726,0,48.01
1624983897.728,1,67.69
1624983897.831,0,50.38
1624983897.835,1,93.75
1624983897.939,0,57.88
1624983897.942,1,59.58
1624983898.045,0,66.49
1624983898.049,1,66.18
1624983898.152,0,112.88
1624983898.156,1,116.44
1624983898.261,0,49.32
1624983898.264,1,54.48
1624983898.367,0,48.68
1624983898.37,1,54.94
1624983898.474,0,47.91
1624983898.477,1,58.51
1624983898.581,0,48.55
1624983898.584,1,68.89
1624983898.69,0,52.93
1624983898.693,1,65.44
1624983898.796,0,56.15
1624983898.799,1,57.62
1624983898.902,0,72.32
1624983898.905,1,67.97
1624983899.011,0,115.78
1624983899.014,1,122.04
1624983899.117,0,49.47
1624983899.12,1,64.97
1624983899.223,0,49.19
1624983899.228,1,54.31
1624983899.332,0,48.33
1624983899.335,1,55.57
1624983899.439,0,47.97
1624983899.442,1,68.11
1624983899.545,0,51.21
1624983899.548,1,95.38
1624983899.653,0,54.0
1624983899.657,1,60.83
1624983899.76,0,62.29
1624983899.763,1,62.25
1624983899.866,0,106.85
1624983899.869,1,105.75
1624983899.974,0,57.02
1624983899.977,1,91.46
1624983900.08,0,49.26
1624983900.083,1,54.01
1624983900.186,0,48.9
1624983900.189,1,54.72
1624983900.295,0,47.33
1624983900.298,1,60.67
1624983900.401,0,50.79
1624983900.404,1,87.14
1624983900.507,0,56.93
1624983900.51,1,57.24
1624983900.616,0,68.75
1624983900.62,1,67.86
1624983900.722,0,112.23
1624983900.725,1,118.22
1624983900.828,0,49.22
1624983900.832,1,61.88
1624983900.937,0,48.84
1624983900.94,1,55.1
1624983901.043,0,48.07
1624983901.046,1,56.28
1624983901.15,0,48.13
1624983901.153,1,66.53
1624983901.258,0,50.36
1624983901.26,1,86.88
1624983901.363,0,54.31
1624983901.367,1,55.89
1624983901.47,0,67.17
1624983901.474,1,65.46
1624983901.579,0,97.99
1624983901.582,1,90.96
1624983901.685,0,73.12
1624983901.688,1,91.39
1624983901.791,0,49.3
1624983901.793,1,54.43
1624983901.899,0,49.19
1624983901.902,1,55.2
1624983902.006,0,48.13
1624983902.009,1,56.51
1624983902.112,0,47.75
1624983902.115,1,63.34
1624983902.22,0,50.12
1624983902.223,1,94.12
1624983902.326,0,55.78
1624983902.33,1,57.36
1624983902.433,0,63.14
1624983902.437,1,62.67
1624983902.541,0,90.8
1624983902.544,1,88.03
1624983902.647,0,49.32
1624983902.65,1,72.01
1624983902.753,0,49.23
1624983902.756,1,54.27
1624983902.862,0,48.84
1624983902.865,1,55.33
1624983902.968,0,47.33
1624983902.971,1,60.47
1624983903.075,0,48.46
1624983903.077,1,66.62
1624983903.183,0,51.63
1624983903.185,1,76.86
1624983903.288,0,55.49
1624983903.292,1,57.37
1624983903.395,0,57.62
1624983903.399,1,58.25
1624983903.503,0,69.98
1624983903.507,1,69.93
1624983903.61,0,107.95
1624983903.613,1,123.44
1624983903.716,0,49.26
1624983903.719,1,54.4
1624983903.825,0,48.84
1624983903.828,1,55.0
1624983903.931,0,47.87
1624983903.934,1,60.02
1624983904.038,0,48.95
1624983904.04,1,74.69
1624983904.145,0,53.72
1624983904.148,1,65.78
1624983904.251,0,62.01
1624983904.255,1,62.18
1624983904.358,0,91.68
1624983904.361,1,79.48
1624983904.467,0,49.43
1624983904.469,1,70.04
1624983904.572,0,48.85
1624983904.575,1,53.89
1624983904.679,0,47.3
1624983904.682,1,60.02
1624983904.787,0,53.21
1624983904.79,1,65.07
1624983904.893,0,57.0
1624983904.897,1,58.37
1624983905.0,0,80.47
1624983905.003,1,74.3
1624983905.108,0,102.84
1624983905.111,1,121.53
1624983905.214,0,49.48
1624983905.217,1,54.22
1624983905.32,0,49.01
1624983905.323,1,54.44
1624983905.429,0,48.31
1624983905.432,1,56.6
1624983905.535,0,49.24
1624983905.538,1,82.36
1624983905.641,0,56.87
1624983905.644,1,57.7
1624983905.749,0,63.67
1624983905.753,1,63.74
1624983905.856,0,97.24
1624983905.859,1,94.53
1624983905.962,0,55.47
1624983905.965,1,106.64
1624983906.07,0,49.06
1624983906.073,1,54.88
1624983906.176,0,47.56
1624983906.179,1,61.94
1624983906.283,0,49.53
1624983906.285,1,74.65
1624983906.391,0,53.13
1624983906.394,1,66.4
1624983906.497,0,59.89
1624983906.501,1,60.24
1624983906.604,0,69.01
1624983906.607,1,66.57
1624983906.712,0,108.97
1624983906.715,1,115.38
1624983906.818,0,49.48
1624983906.821,1,59.1
1624983906.925,0,49.27
1624983906.927,1,54.47
1624983907.033,0,48.91
1624983907.036,1,55.29
1624983907.139,0,47.43
1624983907.142,1,61.43
1624983907.245,0,48.61
1624983907.248,1,74.7
1624983907.353,0,53.44
1624983907.356,1,66.01
1624983907.459,0,64.18
1624983907.463,1,63.76
1624983907.566,0,90.73
1624983907.57,1,81.34
1624983907.674,0,92.93
1624983907.677,1,109.62
1624983907.78,0,49.16
1624983907.784,1,54.18
1624983907.889,0,48.39
1624983907.892,1,55.63
1624983907.996,0,48.01
1624983907.999,1,67.4
1624983908.102,0,50.94
1624983908.104,1,87.56
1624983908.207,0,59.97
1624983908.211,1,59.97
1624983908.316,0,63.8
1624983908.32,1,63.88
1624983908.423,0,100.61
1624983908.427,1,94.56
1624983908.53,0,53.22
1624983908.532,1,92.26
1624983908.637,0,49.29
1624983908.64,1,54.14
1624983908.743,0,48.9
1624983908.747,1,55.47
1624983908.85,0,47.52
1624983908.853,1,60.47
1624983908.958,0,48.97
1624983908.961,1,84.87
1624983909.064,0,53.72
1624983909.067,1,62.01
1624983909.17,0,62.58
1624983909.174,1,61.33
1624983909.279,0,79.39
1624983909.283,1,77.49
1624983909.386,0,93.25
1624983909.388,1,116.87
1624983909.493,0,49.35
1624983909.496,1,54.67
1624983909.6,0,48.71
1624983909.603,1,55.68
1624983909.707,0,47.49
1624983909.71,1,60.47
1624983909.813,0,49.38
1624983909.816,1,71.4
1624983909.921,0,51.02
1624983909.924,1,79.28
1624983910.027,0,55.11
1624983910.03,1,57.0
1624983910.133,0,68.79
1624983910.137,1,66.1
1624983910.242,0,101.36
1624983910.245,1,93.56
1624983910.348,0,70.77
1624983910.352,1,95.14
1624983910.455,0,49.35
1624983910.458,1,54.28
1624983910.563,0,48.78
1624983910.566,1,55.64
1624983910.67,0,47.4
1624983910.673,1,59.63
1624983910.777,0,49.79
1624983910.78,1,82.28
1624983910.884,0,53.74
1624983910.887,1,65.19
1624983910.99,0,63.56
1624983910.993,1,62.85
1624983911.097,0,69.15
1624983911.101,1,66.16
1624983911.205,0,81.29
1624983911.207,1,103.81
1624983911.31,0,49.29
1624983911.313,1,54.43
1624983911.417,0,48.87
1624983911.419,1,54.86
1624983911.526,0,47.61
1624983911.528,1,62.48
1624983911.631,0,48.97
1624983911.634,1,79.38
1624983911.737,0,52.99
1624983911.74,1,80.04
1624983911.846,0,56.13
1624983911.85,1,57.62
1624983911.953,0,64.52
1624983911.957,1,64.32
1624983912.06,0,91.08
1624983912.064,1,86.98
1624983912.167,0,78.53
1624983912.17,1,100.6
1624983912.272,0,49.25
1624983912.275,1,54.84
1624983912.379,0,48.58
1624983912.381,1,55.1
1624983912.488,0,47.72
1624983912.49,1,59.18
1624983912.594,0,48.74
1624983912.597,1,73.43
1624983912.701,0,53.48
1624983912.704,1,81.55
1624983912.808,0,55.5
1624983912.812,1,57.18
1624983912.915,0,67.69
1624983912.918,1,67.12
1624983913.021,0,92.21
1624983913.025,1,81.95
1624983913.129,0,64.29
1624983913.132,1,91.33
1624983913.235,0,49.26
1624983913.238,1,54.57
1624983913.341,0,48.1
1624983913.344,1,56.0
1624983913.45,0,48.37
1624983913.453,1,65.77
1624983913.556,0,51.88
1624983913.56,1,85.16
1624983913.663,0,46.63
1624983913.666,1,48.58
1624983913.771,0,49.29
1624983913.774,1,85.0
1624983913.877,0,53.74
1624983913.88,1,61.16
1624983913.983,0,59.84
1624983913.987,1,59.53
1624983914.092,0,76.06
1624983914.096,1,74.64
1624983914.199,0,108.38
1624983914.202,1,107.15
1624983914.306,0,49.5
1624983914.309,1,72.42
1624983914.413,0,49.15
1624983914.416,1,54.66
1624983914.52,0,48.04
1624983914.523,1,57.87
1624983914.626,0,49.32
1624983914.629,1,75.93
1624983914.734,0,54.42
1624983914.738,1,62.63
1624983914.841,0,62.93
1624983914.844,1,62.89
1624983914.947,0,85.97
1624983914.951,1,77.95
1624983915.055,0,90.44
1624983915.058,1,108.68
1624983915.161,0,49.36
1624983915.165,1,54.38
1624983915.269,0,49.0
1624983915.272,1,54.97
1624983915.376,0,48.49
1624983915.379,1,56.59
1624983915.483,0,47.79
1624983915.485,1,66.71
1624983915.588,0,51.43
1624983915.591,1,88.27
1624983915.697,0,54.73
1624983915.701,1,56.62
1624983915.804,0,64.32
1624983915.807,1,65.05
1624983915.91,0,90.14
1624983915.914,1,83.18
1624983916.018,0,81.52
1624983916.021,1,97.54
1624983916.123,0,49.45
1624983916.126,1,54.75
1624983916.23,0,48.55
1624983916.233,1,55.19
1624983916.339,0,47.75
1624983916.342,1,65.99
1624983916.445,0,50.98
1624983916.447,1,87.81
1624983916.551,0,56.21
1624983916.554,1,57.1
1624983916.66,0,63.07
1624983916.663,1,63.53
1624983916.766,0,88.52
1624983916.77,1,85.62
1624983916.873,0,54.45
1624983916.876,1,83.5
1624983916.98,0,49.26
1624983916.983,1,54.19
1624983917.087,0,48.87
1624983917.09,1,55.4
1624983917.193,0,47.72
1624983917.196,1,59.26
1624983917.301,0,49.16
1624983917.304,1,75.54
1624983917.407,0,53.21
1624983917.41,1,84.65
1624983917.515,0,55.88
1624983917.518,1,57.05
1624983917.622,0,64.31
1624983917.626,1,64.79
1624983917.729,0,95.03
1624983917.732,1,87.7
1624983917.835,0,54.11
1624983917.838,1,96.73
1624983917.943,0,49.42
1624983917.946,1,54.85
1624983918.05,0,48.93
1624983918.052,1,54.94
1624983918.156,0,47.62
1624983918.159,1,58.95
1624983918.265,0,48.89
1624983918.268,1,76.72
1624983918.37,0,54.37
1624983918.375,1,56.09
1624983918.478,0,61.69
1624983918.482,1,61.67
1624983918.585,0,89.7
1624983918.589,1,88.74
1624983918.692,0,82.18
1624983918.695,1,107.29
1624983918.797,0,49.53
1624983918.8,1,54.41
1624983918.906,0,48.94
1624983918.909,1,55.54
1624983919.013,0,47.66
1624983919.016,1,63.22
1624983919.119,0,49.37
1624983919.121,1,70.77
1624983919.227,0,50.92
1624983919.23,1,88.38
1624983919.333,0,56.25
1624983919.336,1,57.95
1624983919.439,0,67.56
1624983919.443,1,64.59
1624983919.548,0,94.3
1624983919.551,1,90.35
1624983919.654,0,77.7
1624983919.657,1,95.02
1624983919.76,0,49.23
1624983919.763,1,54.66
1624983919.869,0,48.71
1624983919.872,1,55.57
1624983919.975,0,48.17
1624983919.978,1,69.23
1624983920.081,0,50.74
1624983920.084,1,84.61
1624983920.189,0,53.6
1624983920.192,1,64.96
1624983920.295,0,60.19
1624983920.299,1,60.53
1624983920.402,0,72.96
1624983920.405,1,69.12
1624983920.51,0,94.12
1624983920.513,1,110.32
1624983920.616,0,49.39
1624983920.619,1,54.63
1624983920.723,0,48.81
1624983920.726,1,54.9
1624983920.831,0,47.62
1624983920.834,1,58.83
1624983920.937,0,48.45
1624983920.94,1,73.69
1624983921.043,0,53.69
1624983921.046,1,65.08
1624983921.152,0,57.78
1624983921.155,1,58.76
1624983921.258,0,60.28
1624983921.262,1,61.49
1624983921.365,0,110.61
1624983921.368,1,132.47
1624983921.473,0,49.51
1624983921.476,1,54.74
1624983921.579,0,49.09
1624983921.583,1,54.88
1624983921.686,0,47.75
1624983921.689,1,58.42
1624983921.794,0,49.03
1624983921.797,1,79.89
1624983921.9,0,54.97
1624983921.903,1,61.13
1624983922.006,0,56.37
1624983922.009,1,57.3
1624983922.114,0,80.1
1624983922.118,1,75.79
1624983922.22,0,108.8
1624983922.223,1,113.61
1624983922.326,0,49.29
1624983922.329,1,66.5
1624983922.435,0,49.27
1624983922.438,1,55.17
1624983922.542,0,48.17
1624983922.545,1,56.74
1624983922.648,0,48.36
1624983922.651,1,66.43
1624983922.756,0,50.57
1624983922.759,1,82.82
1624983922.862,0,57.41
1624983922.866,1,58.32
1624983922.969,0,67.62
1624983922.972,1,65.82
1624983923.077,0,73.1
1624983923.081,1,71.19
1624983923.184,0,89.98
1624983923.191,1,86.61
1624983923.294,0,49.55
1624983923.296,1,64.92
1624983923.4,0,49.13
1624983923.403,1,54.91
1624983923.506,0,48.55
1624983923.511,1,56.76
1624983923.615,0,48.1
1624983923.617,1,66.87
1624983923.72,0,52.32
1624983923.723,1,69.21
1624983923.827,0,54.6
1624983923.833,1,56.27
1624983923.936,0,70.73
1624983923.939,1,69.39
1624983924.042,0,115.0
1624983924.045,1,127.09
1624983924.148,0,49.44
1624983924.151,1,54.47
1624983924.254,0,49.03
1624983924.257,1,54.53
1624983924.361,0,48.36
1624983924.364,1,56.84
1624983924.468,0,48.13
1624983924.47,1,69.77
1624983924.573,0,50.76
1624983924.578,1,90.83
1624983924.682,0,54.85
1624983924.685,1,56.63
1624983924.788,0,62.21
1624983924.792,1,63.14
1624983924.895,0,69.19
1624983924.904,1,67.92
1624983925.007,0,108.71
1624983925.01,1,102.47
1624983925.113,0,49.43
1624983925.116,1,58.73
1624983925.219,0,49.02
1624983925.222,1,55.19
1624983925.326,0,47.56
1624983925.329,1,59.67
1624983925.434,0,48.67
1624983925.437,1,73.45
1624983925.54,0,53.15
1624983925.543,1,66.13
1624983925.646,0,58.26
1624983925.651,1,59.06
1624983925.754,0,75.62
1624983925.758,1,73.13
1624983925.861,0,86.48
1624983925.863,1,108.07
1624983925.966,0,49.4
1624983925.969,1,54.61
1624983926.073,0,48.82
1624983926.076,1,55.18
1624983926.18,0,47.56
1624983926.183,1,60.43
1624983926.286,0,51.53
1624983926.289,1,81.31
1624983926.392,0,55.49
1624983926.396,1,56.97
1624983926.499,0,67.73
1624983926.504,1,66.38
1624983926.607,0,121.53
1624983926.61,1,119.23
1624983926.713,0,49.54
1624983926.716,1,54.86
1624983926.82,0,49.32
1624983926.823,1,55.06
1624983926.928,0,48.39
1624983926.934,1,55.88
1624983927.038,0,48.62
1624983927.041,1,75.39
1624983927.143,0,52.01
1624983927.146,1,83.1
1624983927.249,0,57.19
1624983927.253,1,58.32
1624983927.356,0,68.32
1624983927.36,1,67.83
1624983927.463,0,118.4
1624983927.466,1,105.64
1624983927.57,0,49.45
1624983927.573,1,54.5
1624983927.676,0,49.27
1624983927.679,1,55.16
1624983927.783,0,48.74
1624983927.787,1,56.35
1624983927.891,0,48.17
1624983927.894,1,68.4
1624983927.997,0,51.14
1624983928.0,1,81.13
1624983928.103,0,54.47
1624983928.106,1,59.86
1624983928.212,0,61.13
1624983928.216,1,61.58
1624983928.318,0,81.52
1624983928.322,1,78.65
1624983928.425,0,108.3
1624983928.428,1,134.01
1624983928.533,0,49.37
1624983928.536,1,54.28
1624983928.64,0,48.74
1624983928.643,1,55.6
1624983928.746,0,47.59
1624983928.749,1,60.6
1624983928.854,0,49.54
1624983928.857,1,84.25
1624983928.96,0,53.81
1624983928.963,1,62.58
1624983929.066,0,55.98
1624983929.074,1,57.7
1624983929.177,0,69.59
1624983929.181,1,69.4
1624983929.284,0,102.87
1624983929.287,1,120.38
1624983929.389,0,49.42
1624983929.392,1,54.66
1624983929.496,0,49.16
1624983929.502,1,54.75
1624983929.605,0,48.1
1624983929.608,1,58.03
1624983929.712,0,48.55
1624983929.714,1,76.61
1624983929.817,0,53.96
1624983929.821,1,62.2
1624983929.924,0,56.1
1624983929.927,1,58.1
1624983930.03,0,64.15
1624983930.033,1,64.2
1624983930.138,0,74.33
1624983930.141,1,71.64
1624983930.246,0,90.12
1624983930.248,1,106.39
1624983930.351,0,49.31
1624983930.354,1,54.81
1624983930.46,0,48.82
1624983930.462,1,55.76
1624983930.566,0,47.56
1624983930.569,1,61.76
1624983930.672,0,49.84
1624983930.675,1,82.17
1624983930.78,0,54.96
1624983930.784,1,61.03
1624983930.887,0,61.94
1624983930.891,1,62.21
1624983930.994,0,104.29
1624983930.998,1,97.87
1624983931.101,0,53.62
1624983931.104,1,78.37
1624983931.207,0,49.22
1624983931.21,1,54.64
1624983931.313,0,48.42
1624983931.318,1,55.31
1624983931.423,0,47.81
1624983931.426,1,63.88
1624983931.528,0,51.83
1624983931.531,1,74.35
1624983931.634,0,57.59
1624983931.638,1,58.03
1624983931.743,0,65.98
1624983931.746,1,65.29
1624983931.851,0,90.27
1624983931.854,1,86.73
1624983931.957,0,86.83
1624983931.96,1,107.03
1624983932.064,0,49.38
1624983932.067,1,54.22
1624983932.171,0,48.78
1624983932.174,1,55.56
1624983932.277,0,47.84
1624983932.281,1,62.27
1624983932.386,0,50.18
1624983932.388,1,93.9
1624983932.491,0,54.62
1624983932.495,1,56.5
1624983932.598,0,61.75
1624983932.601,1,60.49
1624983932.706,0,81.52
1624983932.71,1,81.13
1624983932.813,0,59.34
1624983932.816,1,85.27
1624983932.919,0,49.4
1624983932.922,1,54.85
1624983933.028,0,49.09
1624983933.032,1,54.88
1624983933.135,0,48.27
1624983933.138,1,57.83
1624983933.242,0,48.9
1624983933.245,1,75.82
1624983933.349,0,53.94
1624983933.354,1,64.12
1624983933.457,0,57.28
1624983933.461,1,58.68
1624983933.563,0,70.25
1624983933.567,1,69.4
1624983933.67,0,86.72
1624983933.675,1,86.01
1624983933.778,0,67.44
1624983933.781,1,99.63
1624983933.884,0,49.13
1624983933.887,1,55.03
1624983933.991,0,48.74
1624983933.996,1,55.86
1624983934.099,0,47.81
1624983934.102,1,64.52
1624983934.205,0,49.19
1624983934.208,1,82.67
1624983934.312,0,54.4
1624983934.318,1,56.36
1624983934.421,0,60.95
1624983934.424,1,61.59
1624983934.527,0,71.78
1624983934.53,1,70.28
1624983934.633,0,92.09
1624983934.638,1,106.81
1624983934.741,0,49.35
1624983934.744,1,54.94
1624983934.847,0,48.81
1624983934.85,1,55.47
1624983934.954,0,47.53
1624983934.96,1,61.77
1624983935.063,0,49.62
1624983935.066,1,85.44
1624983935.169,0,52.71
1624983935.172,1,65.01
1624983935.275,0,55.08
1624983935.281,1,56.99
1624983935.384,0,60.49
1624983935.387,1,61.3
1624983935.49,0,69.34
1624983935.494,1,70.6
1624983935.597,0,99.82
1624983935.601,1,118.99
1624983935.704,0,49.49
1624983935.707,1,54.84
1624983935.81,0,49.1
1624983935.813,1,54.98
1624983935.917,0,48.65
1624983935.922,1,55.88
1624983936.025,0,48.42
1624983936.028,1,73.05
1624983936.131,0,53.71
1624983936.134,1,66.3
1624983936.237,0,55.47
1624983936.243,1,56.86
1624983936.346,0,65.37
1624983936.349,1,65.52
1624983936.452,0,112.94
1624983936.455,1,108.47
1624983936.558,0,49.58
1624983936.564,1,54.92
1624983936.667,0,48.93
1624983936.67,1,55.47
1624983936.773,0,48.26
1624983936.776,1,57.98
1624983936.88,0,48.41
1624983936.884,1,70.46
1624983936.987,0,52.42
1624983936.99,1,77.31
1624983937.093,0,55.33
1624983937.096,1,57.0
1624983937.2,0,63.25
1624983937.206,1,63.52
1624983937.309,0,85.27
1624983937.313,1,81.43
1624983937.416,0,92.08
1624983937.419,1,113.63
1624983937.522,0,49.54
1624983937.527,1,55.14
1624983937.63,0,49.26
1624983937.633,1,55.05
1624983937.736,0,47.97
1624983937.739,1,58.56
1624983937.842,0,48.89
1624983937.847,1,75.94
1624983937.95,0,52.87
1624983937.953,1,75.67
1624983938.056,0,57.53
1624983938.059,1,58.76
1624983938.163,0,66.29
1624983938.168,1,67.73
1624983938.271,0,113.02
1624983938.274,1,111.3
1624983938.377,0,49.51
1624983938.38,1,54.76
1624983938.484,0,49.32
1624983938.489,1,55.04
1624983938.592,0,48.46
1624983938.595,1,57.15
1624983938.698,0,48.33
1624983938.701,1,68.3
1624983938.805,0,50.92
1624983938.809,1,85.21
1624983938.912,0,57.19
1624983938.916,1,58.47
1624983939.019,0,64.25
1624983939.022,1,65.0
1624983939.125,0,69.1
1624983939.131,1,68.88
1624983939.234,0,111.96
1624983939.237,1,128.67
1624983939.34,0,49.53
1624983939.343,1,55.23
1624983939.446,0,49.35
1624983939.452,1,55.35
1624983939.555,0,48.39
1624983939.558,1,57.84
1624983939.662,0,49.44
1624983939.665,1,81.61
1624983939.768,0,53.12
1624983939.773,1,66.17
1624983939.876,0,59.28
1624983939.88,1,60.7
1624983939.982,0,74.46
1624983939.986,1,72.76
1624983940.089,0,96.06
1624983940.094,1,117.46
1624983940.197,0,49.52
1624983940.2,1,54.63
1624983940.303,0,49.06
1624983940.306,1,55.61
1624983940.409,0,47.89
1624983940.414,1,59.17
1624983940.517,0,49.1
1624983940.52,1,83.12
1624983940.623,0,54.71
1624983940.626,1,63.93
1624983940.729,0,55.85
1624983940.736,1,58.12
1624983940.839,0,66.4
1624983940.842,1,67.15
1624983940.945,0,96.61
1624983940.949,1,93.71
1624983941.052,0,61.21
1624983941.056,1,84.68
1624983941.159,0,49.34
1624983941.162,1,55.32
1624983941.265,0,48.26
1624983941.268,1,58.38
1624983941.371,0,48.62
1624983941.377,1,71.88
1624983941.48,0,53.19
1624983941.483,1,65.81
1624983941.586,0,56.17
1624983941.589,1,57.78
1624983941.692,0,62.47
1624983941.698,1,63.09
1624983941.801,0,93.76
1624983941.805,1,87.62
1624983941.908,0,58.93
1624983941.911,1,91.2
1624983942.014,0,49.41
1624983942.019,1,54.53
1624983942.123,0,48.71
1624983942.126,1,55.54
1624983942.229,0,47.81
1624983942.232,1,64.84
1624983942.335,0,50.63
1624983942.34,1,93.14
1624983942.443,0,56.83
1624983942.447,1,58.65
1624983942.55,0,71.19
1624983942.553,1,70.79
1624983942.656,0,85.27
1624983942.661,1,83.73
1624983942.765,0,60.39
1624983942.767,1,84.95
1624983942.87,0,49.48
1624983942.874,1,55.07
1624983942.979,0,49.18
1624983942.983,1,55.57
1624983943.086,0,48.4
1624983943.089,1,57.49
1624983943.192,0,48.26
1624983943.195,1,71.44
1624983943.298,0,50.2
1624983943.303,1,92.91
1624983943.406,0,53.65
1624983943.41,1,60.4
1624983943.512,0,57.25
1624983943.516,1,59.06
1624983943.619,0,78.35
1624983943.625,1,75.55
1624983943.728,0,114.93
1624983943.731,1,117.99
1624983943.833,0,49.55
1624983943.836,1,54.8
1624983943.94,0,49.39
1624983943.946,1,55.2
1624983944.05,0,48.2
1624983944.053,1,57.03
1624983944.158,0,48.1
1624983944.161,1,67.86
1624983944.264,0,50.35
1624983944.267,1,88.2
1624983944.37,0,56.1
1624983944.373,1,57.32
1624983944.478,0,58.55
1624983944.482,1,59.78
1624983944.585,0,98.27
1624983944.589,1,91.72
1624983944.691,0,66.09
1624983944.694,1,94.83
1624983944.799,0,49.35
1624983944.802,1,55.14
1624983944.906,0,48.68
1624983944.909,1,55.65
1624983945.012,0,48.04
1624983945.015,1,63.88
1624983945.12,0,51.13
1624983945.123,1,91.2
1624983945.226,0,56.4
1624983945.23,1,57.7
1624983945.333,0,71.65
1624983945.337,1,69.97
1624983945.441,0,112.39
1624983945.444,1,106.79
1624983945.547,0,49.61
1624983945.551,1,72.23
1624983945.654,0,49.32
1624983945.657,1,55.11
1624983945.762,0,48.71
1624983945.765,1,56.03
1624983945.868,0,47.81
1624983945.872,1,63.21
1624983945.975,0,51.14
1624983945.978,1,90.42
1624983946.083,0,56.2
1624983946.086,1,57.61
1624983946.189,0,62.19
1624983946.194,1,62.45
1624983946.297,0,80.26
1624983946.3,1,77.83
1624983946.404,0,96.86
1624983946.406,1,117.51
1624983946.509,0,49.44
1624983946.514,1,54.46
1624983946.617,0,48.81
1624983946.62,1,55.47
1624983946.725,0,48.01
1624983946.728,1,59.78
1624983946.831,0,50.6
1624983946.835,1,93.37
1624983946.938,0,53.46
1624983946.941,1,64.54
1624983947.045,0,56.56
1624983947.049,1,58.26
1624983947.152,0,68.55
1624983947.157,1,67.18
1624983947.26,0,110.93
1624983947.263,1,104.44
1624983947.366,0,49.74
1624983947.369,1,79.39
1624983947.472,0,49.71
1624983947.477,1,54.58
1624983947.58,0,49.26
1624983947.583,1,54.96
1624983947.689,0,48.68
1624983947.692,1,56.49
1624983947.795,0,47.99
1624983947.798,1,65.86
1624983947.901,0,50.85
1624983947.904,1,93.27
1624983948.008,0,55.33
1624983948.012,1,57.3
1624983948.114,0,62.47
1624983948.119,1,62.92
1624983948.222,0,81.54
1624983948.225,1,77.19
1624983948.329,0,78.87
1624983948.332,1,100.78
1624983948.435,0,49.54
1624983948.439,1,55.04
1624983948.543,0,48.97
1624983948.546,1,55.53
1624983948.65,0,47.61
1624983948.653,1,62.34
1624983948.756,0,49.55
1624983948.76,1,84.7
1624983948.863,0,54.96
1624983948.866,1,56.55
1624983948.971,0,60.88
1624983948.974,1,61.3
1624983949.077,0,79.04
1624983949.082,1,76.68
1624983949.185,0,99.5
1624983949.187,1,117.57
1624983949.292,0,49.68
1624983949.295,1,54.23
1624983949.399,0,49.1
1624983949.402,1,55.66
1624983949.506,0,47.78
1624983949.509,1,59.93
1624983949.613,0,48.97
1624983949.616,1,69.82
1624983949.718,0,51.08
1624983949.723,1,86.21
1624983949.826,0,55.74
1624983949.829,1,57.24
1624983949.933,0,64.91
1624983949.937,1,64.81
1624983950.04,0,74.34
1624983950.044,1,73.71
1624983950.147,0,49.49
1624983950.15,1,54.72
1624983950.254,0,48.21
1624983950.257,1,53.72
1624983950.36,0,48.02
1624983950.364,1,67.23
1624983950.467,0,55.56
1624983950.471,1,56.92
1624983950.575,0,72.93
1624983950.578,1,71.72
1624983950.681,0,49.56
1624983950.685,1,65.89
1624983950.788,0,48.68
1624983950.791,1,53.97
1624983950.898,0,47.54
1624983950.9,1,61.58
1624983951.003,0,51.85
1624983951.006,1,68.34
1624983951.109,0,63.39
1624983951.113,1,63.69
1624983951.217,0,84.11
1624983951.22,1,105.6
1624983951.323,0,49.19
1624983951.327,1,54.22
1624983951.43,0,47.21
1624983951.433,1,56.09
1624983951.538,0,48.81
1624983951.541,1,71.75
1624983951.644,0,55.31
1624983951.648,1,57.19
1624983951.751,0,66.56
1624983951.755,1,64.65
1624983951.859,0,50.43
1624983951.862,1,80.7
1624983951.965,0,48.78
1624983951.969,1,53.61
1624983952.072,0,48.07
1624983952.075,1,64.03
1624983952.18,0,52.29
1624983952.182,1,65.54
1624983952.285,0,55.46
1624983952.29,1,57.42
1624983952.393,0,69.25
1624983952.396,1,65.45
1624983952.502,0,131.42
1624983952.505,1,139.51
1624983952.608,0,49.58
1624983952.611,1,54.9
1624983952.714,0,49.22
1624983952.717,1,55.51
1624983952.822,0,48.58
1624983952.825,1,58.42
1624983952.928,0,48.74
1624983952.931,1,80.36
1624983953.034,0,55.43
1624983953.037,1,56.76
1624983953.143,0,66.01
1624983953.146,1,66.83
1624983953.249,0,77.32
1624983953.253,1,74.7
1624983953.356,0,86.21
1624983953.358,1,114.17
1624983953.463,0,49.46
1624983953.466,1,54.96
1624983953.57,0,48.96
1624983953.574,1,55.87
1624983953.677,0,47.69
1624983953.68,1,60.93
1624983953.785,0,49.53
1624983953.787,1,85.0
1624983953.89,0,54.73
1624983953.895,1,59.54
1624983953.997,0,64.72
1624983954.001,1,62.22
1624983954.107,0,81.1
1624983954.111,1,78.17
1624983954.214,0,68.5
1624983954.216,1,94.51
1624983954.319,0,49.42
1624983954.322,1,54.73
1624983954.427,0,49.03
1624983954.43,1,55.4
1624983954.533,0,47.74
1624983954.536,1,63.65
1624983954.639,0,51.07
1624983954.642,1,93.72
1624983954.748,0,54.41
1624983954.751,1,56.28
1624983954.854,0,59.59
1624983954.858,1,60.51
1624983954.961,0,75.19
1624983954.964,1,72.28
1624983955.068,0,106.28
1624983955.071,1,123.03
1624983955.174,0,49.64
1624983955.178,1,54.32
1624983955.281,0,49.04
1624983955.284,1,55.59
1624983955.389,0,48.13
1624983955.392,1,59.08
1624983955.496,0,49.07
1624983955.498,1,81.7
1624983955.601,0,55.81
1624983955.605,1,57.68
1624983955.708,0,59.98
1624983955.711,1,59.57
1624983955.817,0,97.66
1624983955.82,1,90.88
1624983955.923,0,55.66
1624983955.926,1,78.1
1624983956.029,0,49.42
1624983956.031,1,54.56
1624983956.137,0,49.0
1624983956.14,1,55.55
1624983956.244,0,47.85
1624983956.246,1,63.72
1624983956.35,0,50.58
1624983956.352,1,88.87
1624983956.455,0,55.1
1624983956.461,1,57.05
1624983956.564,0,65.56
1624983956.568,1,66.04
1624983956.67,0,83.61
1624983956.674,1,80.37
1624983956.777,0,102.61
1624983956.782,1,120.39
1624983956.885,0,49.63
1624983956.888,1,54.85
1624983956.991,0,49.18
1624983956.994,1,55.63
1624983957.097,0,48.55
1624983957.102,1,58.3
1624983957.206,0,48.73
1624983957.209,1,71.67
1624983957.311,0,52.79
1624983957.314,1,68.82
1624983957.417,0,57.11
1624983957.424,1,57.67
1624983957.53,0,62.38
1624983957.534,1,63.37
1624983957.637,0,97.09
1624983957.64,1,89.85
1624983957.743,0,62.51
1624983957.746,1,105.16
1624983957.852,0,49.45
1624983957.855,1,54.86
1624983957.958,0,48.74
1624983957.961,1,56.74
1624983958.064,0,48.07
1624983958.067,1,66.6
1624983958.17,0,51.81
1624983958.173,1,80.4
1624983958.277,0,57.08
1624983958.28,1,58.57
1624983958.383,0,62.96
1624983958.387,1,63.22
1624983958.49,0,75.12
1624983958.493,1,72.72
1624983958.596,0,103.37
1624983958.599,1,126.7
1624983958.702,0,49.48
1624983958.707,1,54.97
1624983958.811,0,48.97
1624983958.814,1,56.11
1624983958.917,0,47.94
1624983958.92,1,63.08
1624983959.023,0,49.75
1624983959.028,1,88.02
1624983959.131,0,54.82
1624983959.134,1,63.35
1624983959.237,0,56.12
1624983959.241,1,57.83
1624983959.343,0,73.8
1624983959.349,1,65.65
1624983959.459,0,78.78
1624983959.462,1,75.61
1624983959.565,0,88.85
1624983959.569,1,113.27
1624983959.672,0,49.59
1624983959.675,1,54.99
1624983959.779,0,49.19
1624983959.781,1,55.17
1624983959.885,0,47.46
1624983959.89,1,59.38
1624983959.993,0,49.41
1624983959.996,1,73.5
1624983960.099,0,52.15
1624983960.102,1,86.21
1624983960.205,0,59.22
1624983960.211,1,60.23
1624983960.314,0,68.63
1624983960.317,1,68.34
1624983960.42,0,109.74
1624983960.423,1,124.08
1624983960.526,0,49.67
1624983960.532,1,86.77
1624983960.637,0,49.64
1624983960.64,1,54.51
1624983960.744,0,49.1
1624983960.747,1,55.65
1624983960.85,0,47.81
1624983960.853,1,62.98
1624983960.956,0,50.02
1624983960.959,1,87.83
1624983961.065,0,54.91
1624983961.068,1,56.89
1624983961.171,0,63.49
1624983961.175,1,64.08
1624983961.278,0,99.53
1624983961.281,1,94.74
1624983961.384,0,55.38
1624983961.387,1,105.27
1624983961.496,0,49.64
1624983961.498,1,54.88
1624983961.602,0,48.91
1624983961.605,1,56.26
1624983961.708,0,48.2
1624983961.714,1,59.06
1624983961.818,0,49.19
1624983961.821,1,76.8
1624983961.924,0,54.36
1624983961.927,1,64.82
1624983962.03,0,61.15
1624983962.036,1,61.6
1624983962.139,0,108.76
1624983962.142,1,101.68
1624983962.245,0,61.28
1624983962.248,1,89.24
1624983962.352,0,49.62
1624983962.356,1,55.13
1624983962.46,0,49.16
1624983962.462,1,55.73
1624983962.566,0,48.17
1624983962.569,1,59.91
1624983962.672,0,49.25
1624983962.677,1,80.21
1624983962.78,0,54.41
1624983962.784,1,63.07
1624983962.887,0,60.81
1624983962.89,1,61.93
1624983962.993,0,69.14
1624983962.998,1,69.93
1624983963.101,0,114.74
1624983963.104,1,107.43
1624983963.209,0,49.69
1624983963.212,1,66.86
1624983963.315,0,49.32
1624983963.319,1,55.38
1624983963.422,0,47.77
1624983963.426,1,59.87
1624983963.53,0,49.1
1624983963.532,1,66.62
1624983963.642,0,50.38
1624983963.645,1,91.89
1624983963.747,0,53.92
1624983963.751,1,63.63
1624983963.853,0,59.65
1624983963.857,1,60.64
1624983963.96,0,70.84
1624983963.963,1,68.56
1624983964.066,0,91.42
1624983964.069,1,113.32
1624983964.172,0,49.74
1624983964.175,1,54.47
1624983964.278,0,49.45
1624983964.282,1,54.97
1624983964.385,0,48.33
1624983964.388,1,58.13
1624983964.492,0,48.71
1624983964.494,1,70.64
1624983964.6,0,53.23
1624983964.603,1,66.7
1624983964.706,0,57.63
1624983964.71,1,59.33
1624983964.813,0,61.28
1624983964.816,1,62.1
1624983964.919,0,79.81
1624983964.923,1,75.47
1624983965.028,0,83.85
1624983965.032,1,104.18
1624983965.135,0,49.65
1624983965.138,1,55.19
1624983965.241,0,49.06
1624983965.245,1,55.8
1624983965.348,0,47.88
1624983965.351,1,61.4
1624983965.455,0,49.64
1624983965.458,1,76.46
1624983965.561,0,53.98
1624983965.565,1,64.9
1624983965.668,0,56.35
1624983965.671,1,58.03
1624983965.776,0,63.1
1624983965.779,1,63.55
1624983965.882,0,85.81
1624983965.887,1,81.91
1624983965.99,0,90.3
1624983965.993,1,110.96
1624983966.096,0,49.67
1624983966.099,1,55.26
1624983966.202,0,49.26
1624983966.207,1,55.65
1624983966.31,0,48.07
1624983966.313,1,58.68
1624983966.417,0,49.38
1624983966.419,1,77.97
1624983966.522,0,53.58
1624983966.528,1,66.67
1624983966.631,0,58.61
1624983966.636,1,58.66
1624983966.741,0,84.85
1624983966.744,1,80.02
1624983966.847,0,89.89
1624983966.85,1,112.4
1624983966.953,0,49.62
1624983966.956,1,54.76
1624983967.062,0,49.38
1624983967.065,1,55.36
1624983967.168,0,47.97
1624983967.171,1,59.43
1624983967.274,0,48.65
1624983967.277,1,68.87
1624983967.383,0,52.39
1624983967.385,1,66.41
1624983967.488,0,56.23
1624983967.492,1,58.1
1624983967.595,0,46.95
1624983967.598,1,49.28
1624983967.703,0,54.51
1624983967.706,1,63.84
1624983967.809,0,60.12
1624983967.813,1,61.04
1624983967.916,0,77.95
1624983967.919,1,72.32
1624983968.024,0,94.27
1624983968.027,1,99.53
1624983968.13,0,49.68
1624983968.133,1,54.44
1624983968.236,0,48.97
1624983968.241,1,55.49
1624983968.346,0,47.59
1624983968.348,1,60.58
1624983968.452,0,50.16
1624983968.454,1,91.81
1624983968.557,0,55.63
1624983968.561,1,56.86
1624983968.666,0,67.18
1624983968.67,1,66.6
1624983968.773,0,93.37
1624983968.776,1,87.73
1624983968.879,0,49.78
1624983968.882,1,91.1
1624983968.987,0,49.65
1624983968.99,1,55.19
1624983969.094,0,48.55
1624983969.096,1,56.36
1624983969.2,0,49.47
1624983969.203,1,75.96
1624983969.308,0,51.91
1624983969.311,1,77.66
1624983969.414,0,55.07
1624983969.417,1,57.05
1624983969.52,0,60.54
1624983969.523,1,60.74
1624983969.629,0,77.04
1624983969.632,1,74.94
1624983969.735,0,89.01
1624983969.738,1,104.51
1624983969.841,0,49.54
1624983969.844,1,55.17
1624983969.95,0,49.1
1624983969.953,1,55.76
1624983970.056,0,48.62
1624983970.059,1,58.55
1624983970.163,0,48.36
1624983970.166,1,67.22
1624983970.271,0,50.44
1624983970.274,1,88.05
1624983970.377,0,56.69
1624983970.38,1,58.2
1624983970.483,0,66.74
1624983970.486,1,65.12
1624983970.592,0,84.83
1624983970.595,1,81.52
1624983970.698,0,95.72
1624983970.701,1,105.39
1624983970.804,0,49.64
1624983970.807,1,55.24
1624983970.913,0,49.19
1624983970.916,1,55.26
1624983971.019,0,48.2
1624983971.022,1,58.92
1624983971.125,0,49.02
1624983971.128,1,70.52
1624983971.234,0,53.29
1624983971.237,1,68.05
1624983971.34,0,58.39
1624983971.343,1,59.51
1624983971.446,0,78.86
1624983971.449,1,72.69
1624983971.554,0,110.45
1624983971.557,1,112.79
1624983971.66,0,49.65
1624983971.663,1,54.68
1624983971.766,0,49.35
1624983971.769,1,55.02
1624983971.876,0,48.62
1624983971.878,1,57.03
1624983971.982,0,48.78
1624983971.985,1,76.14
1624983972.088,0,55.43
1624983972.091,1,66.84
1624983972.196,0,59.1
1624983972.2,1,60.41
1624983972.303,0,63.73
1624983972.306,1,64.09
1624983972.409,0,70.99
1624983972.412,1,67.61
1624983972.517,0,85.26
1624983972.52,1,104.02
1624983972.623,0,49.7
1624983972.626,1,55.03
1624983972.729,0,49.26
1624983972.732,1,55.18
1624983972.839,0,48.01
1624983972.841,1,61.29
1624983972.945,0,49.13
1624983972.948,1,78.58
1624983973.051,0,53.53
1624983973.054,1,67.96
1624983973.16,0,61.33
1624983973.166,1,61.78
1624983973.269,0,76.21
1624983973.273,1,73.76
1624983973.376,0,108.66
1624983973.378,1,127.16
1624983973.481,0,49.56
1624983973.487,1,54.76
1624983973.59,0,49.32
1624983973.593,1,55.41
1624983973.697,0,47.65
1624983973.699,1,60.65
1624983973.803,0,48.87
1624983973.808,1,75.22
1624983973.911,0,55.71
1624983973.914,1,62.96
1624983974.017,0,60.97
1624983974.02,1,61.82
1624983974.123,0,80.58
1624983974.129,1,78.36
1624983974.232,0,79.71
1624983974.235,1,100.4
1624983974.338,0,49.51
1624983974.341,1,54.73
1624983974.444,0,49.29
1624983974.449,1,55.67
1624983974.553,0,47.86
1624983974.556,1,60.93
1624983974.659,0,49.67
1624983974.662,1,83.35
1624983974.765,0,54.41
1624983974.771,1,62.81
1624983974.874,0,60.5
1624983974.877,1,61.05
1624983974.98,0,72.87
1624983974.984,1,72.31
1624983975.087,0,114.3
1624983975.091,1,129.78
1624983975.194,0,49.61
1624983975.197,1,54.94
1624983975.301,0,49.22
1624983975.304,1,55.68
1624983975.407,0,48.59
1624983975.412,1,58.03
1624983975.516,0,48.84
1624983975.518,1,77.38
1624983975.621,0,53.13
1624983975.624,1,66.26
1624983975.727,0,55.26
1624983975.733,1,56.94
1624983975.836,0,67.56
1624983975.84,1,67.18
1624983975.942,0,83.45
1624983975.946,1,83.31
1624983976.049,0,49.73
1624983976.054,1,71.21
1624983976.157,0,49.38
1624983976.16,1,54.9
1624983976.263,0,48.23
1624983976.266,1,57.86
1624983976.369,0,48.52
1624983976.375,1,69.66
1624983976.478,0,49.92
1624983976.48,1,94.47
1624983976.583,0,56.16
1624983976.587,1,57.86
1624983976.69,0,65.03
1624983976.696,1,65.19
1624983976.799,0,101.29
1624983976.802,1,91.86
1624983976.905,0,57.49
1624983976.908,1,87.51
1624983977.011,0,49.67
1624983977.017,1,54.92
1624983977.12,0,48.52
1624983977.123,1,56.44
1624983977.226,0,48.34
1624983977.229,1,69.54
1624983977.332,0,52.31
1624983977.337,1,72.91
1624983977.44,0,61.69
1624983977.444,1,62.16
1624983977.547,0,85.67
1624983977.55,1,82.69
1624983977.653,0,92.56
1624983977.659,1,111.45
1624983977.762,0,49.55
1624983977.765,1,54.71
1624983977.868,0,48.87
1624983977.871,1,55.51
1624983977.974,0,48.25
1624983977.979,1,67.15
1624983978.082,0,50.59
1624983978.085,1,92.13
1624983978.188,0,56.42
1624983978.191,1,57.91
1624983978.295,0,62.33
1624983978.301,1,63.37
1624983978.403,0,91.53
1624983978.407,1,88.07
1624983978.51,0,77.12
1624983978.513,1,100.11
1624983978.616,0,49.8
1624983978.621,1,55.43
1624983978.725,0,49.35
1624983978.727,1,55.52
1624983978.831,0,47.65
1624983978.834,1,60.72
1624983978.938,0,49.29
1624983978.942,1,82.61
1624983979.045,0,55.31
1624983979.048,1,57.3
1624983979.151,0,64.99
1624983979.154,1,64.51
1624983979.258,0,87.32
1624983979.263,1,83.19
1624983979.366,0,86.77
1624983979.369,1,106.19
1624983979.472,0,49.42
1624983979.474,1,55.03
1624983979.579,0,48.99
1624983979.584,1,55.95
1624983979.687,0,48.04
1624983979.69,1,64.84
1624983979.793,0,49.64
1624983979.795,1,85.34
1624983979.9,0,56.02
1624983979.905,1,57.78
1624983980.008,0,66.79
1624983980.011,1,66.92
1624983980.114,0,117.19
1624983980.118,1,108.41
1624983980.221,0,49.7
1624983980.226,1,67.57
1624983980.329,0,49.42
1624983980.332,1,55.1
1624983980.435,0,48.24
1624983980.438,1,57.38
1624983980.542,0,48.57
1624983980.546,1,73.45
1624983980.649,0,53.12
1624983980.651,1,66.67
1624983980.755,0,56.09
1624983980.758,1,57.51
1624983980.862,0,70.5
1624983980.867,1,69.27
1624983980.97,0,115.02
1624983980.973,1,108.46
1624983981.076,0,49.7
1624983981.079,1,54.75
1624983981.183,0,49.19
1624983981.188,1,55.26
1624983981.292,0,47.94
1624983981.294,1,61.88
1624983981.397,0,51.14
1624983981.4,1,92.97
1624983981.504,0,54.88
1624983981.509,1,57.02
1624983981.612,0,63.02
1624983981.615,1,63.64
1624983981.718,0,90.11
1624983981.722,1,84.17
1624983981.825,0,91.97
1624983981.83,1,110.0
1624983981.933,0,49.57
1624983981.936,1,55.07
1624983982.039,0,49.0
1624983982.042,1,55.57
1624983982.146,0,47.72
1624983982.15,1,60.23
1624983982.254,0,49.01
1624983982.257,1,73.45
1624983982.359,0,52.86
1624983982.362,1,72.72
1624983982.466,0,55.01
1624983982.474,1,56.6
1624983982.577,0,65.81
1624983982.58,1,65.96
1624983982.683,0,72.69
1624983982.687,1,71.63
1624983982.79,0,53.8
1624983982.794,1,73.97
1624983982.896,0,49.49
1624983982.899,1,55.56
1624983983.003,0,48.73
1624983983.006,1,56.61
1624983983.109,0,47.97
1624983983.114,1,63.55
1624983983.217,0,50.57
1624983983.22,1,96.08
1624983983.323,0,53.69
1624983983.326,1,56.22
1624983983.429,0,61.65
1624983983.436,1,62.88
1624983983.539,0,82.16
1624983983.542,1,81.86
1624983983.645,0,102.0
1624983983.648,1,121.61
1624983983.751,0,49.76
1624983983.756,1,55.45
1624983983.859,0,49.41
1624983983.862,1,55.69
1624983983.966,0,48.55
1624983983.969,1,58.27
1624983984.072,0,48.31
1624983984.079,1,67.21
1624983984.181,0,51.72
1624983984.184,1,84.47
1624983984.287,0,57.25
1624983984.29,1,58.72
1624983984.393,0,70.96
1624983984.398,1,69.7
1624983984.501,0,118.65
1624983984.505,1,110.7
1624983984.607,0,49.64
1624983984.61,1,56.65
1624983984.713,0,49.64
1624983984.719,1,55.08
1624983984.824,0,48.87
1624983984.827,1,56.38
1624983984.933,0,47.86
1624983984.936,1,63.65
1624983985.039,0,50.01
1624983985.042,1,88.34
1624983985.145,0,55.64
1624983985.148,1,66.57
1624983985.254,0,59.11
1624983985.257,1,60.51
1624983985.36,0,66.35
1624983985.363,1,67.29
1624983985.466,0,102.16
1624983985.469,1,118.58
1624983985.574,0,49.74
1624983985.577,1,54.57
1624983985.681,0,49.55
1624983985.684,1,55.45
1624983985.787,0,48.78
1624983985.79,1,55.96
1624983985.895,0,48.73
1624983985.898,1,73.11
1624983986.001,0,53.83
1624983986.004,1,62.41
1624983986.107,0,60.32
1624983986.111,1,59.99
1624983986.216,0,74.25
1624983986.219,1,71.17
1624983986.322,0,92.09
1624983986.325,1,102.31
1624983986.428,0,49.78
1624983986.431,1,84.92
1624983986.537,0,49.45
1624983986.54,1,55.34
1624983986.643,0,48.17
1624983986.646,1,59.28
1624983986.75,0,49.19
1624983986.753,1,72.24
1624983986.858,0,51.72
1624983986.861,1,78.14
1624983986.964,0,55.53
1624983986.967,1,57.53
1624983987.07,0,58.4
1624983987.074,1,59.13
1624983987.179,0,77.43
1624983987.182,1,74.55
1624983987.285,0,87.71
1624983987.29,1,85.97
1624983987.393,0,49.83
1624983987.396,1,83.73
1624983987.5,0,49.45
1624983987.503,1,55.63
1624983987.606,0,48.62
1624983987.609,1,57.2
1624983987.712,0,48.87
1624983987.715,1,69.71
1624983987.821,0,51.9
1624983987.824,1,81.13
1624983987.926,0,55.55
1624983987.93,1,57.41
1624983988.033,0,62.28
1624983988.037,1,62.15
1624983988.141,0,96.14
1624983988.145,1,91.92
1624983988.248,0,49.76
1624983988.251,1,73.98
1624983988.354,0,49.48
1624983988.357,1,55.12
1624983988.462,0,48.78
1624983988.465,1,56.32
1624983988.569,0,47.75
1624983988.572,1,62.36
1624983988.675,0,50.6
1624983988.678,1,90.44
1624983988.783,0,52.82
1624983988.786,1,58.41
1624983988.889,0,58.62
1624983988.895,1,60.2
1624983988.998,0,71.37
1624983989.002,1,70.61
1624983989.105,0,93.22
1624983989.108,1,89.36
1624983989.211,0,49.8
1624983989.215,1,75.92
1624983989.317,0,49.48
1624983989.32,1,55.75
1624983989.425,0,48.87
1624983989.427,1,56.12
1624983989.531,0,47.72
1624983989.536,1,61.22
1624983989.639,0,49.73
1624983989.642,1,84.2
1624983989.746,0,54.66
1624983989.749,1,64.46
1624983989.852,0,58.94
1624983989.859,1,60.34
1624983989.962,0,83.18
1624983989.965,1,80.38
1624983990.068,0,81.67
1624983990.071,1,101.21
1624983990.174,0,49.47
1624983990.177,1,55.36
1624983990.28,0,47.72
1624983990.283,1,54.85
1624983990.388,0,48.35
1624983990.39,1,72.69
1624983990.493,0,58.3
1624983990.497,1,59.24
1624983990.6,0,82.25
1624983990.607,1,79.01
1624983990.71,0,49.72
1624983990.713,1,54.46
1624983990.816,0,49.38
1624983990.819,1,54.99
1624983990.922,0,48.76
1624983990.927,1,56.68
1624983991.031,0,48.29
1624983991.033,1,70.31
1624983991.137,0,54.71
1624983991.141,1,62.88
1624983991.243,0,55.57
1624983991.25,1,57.57
1624983991.352,0,71.83
1624983991.356,1,71.25
1624983991.459,0,115.0
1624983991.462,1,114.88
1624983991.565,0,49.69
1624983991.568,1,55.01
1624983991.671,0,49.29
1624983991.674,1,55.62
1624983991.777,0,47.65
1624983991.78,1,62.16
1624983991.884,0,49.03
1624983991.886,1,74.75
1624983991.992,0,51.87
1624983991.996,1,75.6
1624983992.099,0,56.77
1624983992.103,1,58.54
1624983992.206,0,67.27
1624983992.209,1,66.57
1624983992.313,0,118.86
1624983992.316,1,113.57
1624983992.419,0,49.79
1624983992.425,1,56.17
1624983992.528,0,49.48
1624983992.531,1,55.01
1624983992.634,0,49.02
1624983992.637,1,55.84
1624983992.742,0,47.97
1624983992.746,1,62.17
1624983992.849,0,50.1
1624983992.852,1,90.84
1624983992.955,0,55.48
1624983992.958,1,57.05
1624983993.061,0,59.69
1624983993.065,1,61.2
1624983993.168,0,90.81
1624983993.172,1,88.19
1624983993.276,0,84.01
1624983993.278,1,102.65
1624983993.381,0,49.57
1624983993.384,1,55.2
1624983993.488,0,48.81
1624983993.491,1,55.85
1624983993.596,0,48.54
1624983993.599,1,68.42
1624983993.702,0,52.03
1624983993.705,1,78.22
1624983993.808,0,56.76
1624983993.811,1,57.87
1624983993.917,0,63.46
1624983993.921,1,64.21
1624983994.024,0,72.73
1624983994.027,1,72.2
1624983994.13,0,89.83
1624983994.133,1,115.83
1624983994.238,0,49.69
1624983994.241,1,55.53
1624983994.345,0,49.35
1624983994.348,1,55.64
1624983994.451,0,48.65
1624983994.458,1,57.34
1624983994.562,0,50.05
1624983994.565,1,83.28
1624983994.667,0,53.97
1624983994.671,1,59.71
1624983994.774,0,62.19
1624983994.777,1,63.13
1624983994.88,0,79.7
1624983994.884,1,77.94
1624983994.987,0,91.7
1624983994.99,1,101.87
1624983995.093,0,49.7
1624983995.096,1,54.99
1624983995.201,0,49.34
1624983995.204,1,55.45
1624983995.307,0,47.63
1624983995.31,1,59.82
1624983995.413,0,49.98
1624983995.418,1,77.05
1624983995.522,0,54.21
1624983995.525,1,68.84
1624983995.628,0,57.11
1624983995.631,1,58.61
1624983995.734,0,68.54
1624983995.737,1,66.72
1624983995.842,0,107.61
1624983995.848,1,101.2
1624983995.951,0,49.7
1624983995.954,1,68.82
1624983996.056,0,49.58
1624983996.059,1,55.18
1624983996.164,0,49.05
1624983996.167,1,56.35
1624983996.27,0,48.26
1624983996.273,1,60.12
1624983996.376,0,49.64
1624983996.381,1,83.64
1624983996.484,0,55.37
1624983996.487,1,63.52
1624983996.59,0,62.14
1624983996.594,1,62.78
1624983996.697,0,93.43
1624983996.7,1,84.95
1624983996.805,0,101.44
1624983996.809,1,120.45
1624983996.913,0,49.71
1624983996.916,1,55.1
1624983997.02,0,49.35
1624983997.023,1,55.45
1624983997.126,0,48.1
1624983997.129,1,59.85
1624983997.232,0,49.0
1624983997.235,1,78.28
1624983997.338,0,54.88
1624983997.341,1,57.96
1624983997.447,0,58.44
1624983997.45,1,59.68
1624983997.554,0,71.12
1624983997.558,1,70.46
1624983997.661,0,98.18
1624983997.664,1,91.59
1624983997.768,0,58.52
1624983997.771,1,82.18
1624983997.874,0,49.8
1624983997.879,1,55.11
1624983997.982,0,49.41
1624983997.985,1,55.76
1624983998.089,0,48.17
1624983998.092,1,58.46
1624983998.195,0,49.32
1624983998.198,1,77.72
1624983998.301,0,54.49
1624983998.304,1,67.89
1624983998.409,0,55.13
1624983998.413,1,57.01
1624983998.517,0,71.84
1624983998.52,1,72.68
1624983998.623,0,81.54
1624983998.626,1,80.08
1624983998.73,0,57.38
1624983998.733,1,79.65
1624983998.836,0,49.65
1624983998.842,1,55.17
1624983998.945,0,49.07
1624983998.948,1,56.1
1624983999.051,0,47.77
1624983999.054,1,59.89
1624983999.16,0,48.64
1624983999.162,1,72.44
1624983999.265,0,55.52
1624983999.27,1,63.46
1624983999.373,0,57.08
1624983999.377,1,58.68
1624983999.48,0,65.6
1624983999.484,1,66.84
1624983999.587,0,110.31
1624983999.59,1,101.77
1624983999.693,0,51.02
1624983999.696,1,74.47
1624983999.799,0,49.61
1624983999.803,1,55.13
1624983999.907,0,49.19
1624983999.91,1,56.06
1624984000.014,0,47.97
1624984000.017,1,64.58
1624984000.12,0,50.69
1624984000.123,1,94.03
1624984000.226,0,54.39
1624984000.229,1,64.41
1624984000.334,0,61.0
1624984000.338,1,61.94
1624984000.441,0,68.12
1624984000.444,1,67.1
1624984000.547,0,88.18
1624984000.55,1,114.35
1624984000.655,0,49.49
1624984000.658,1,54.69
1624984000.763,0,48.71
1624984000.766,1,56.63
1624984000.869,0,48.55
1624984000.872,1,62.76
1624984000.977,0,50.1
1624984000.98,1,89.89
1624984001.082,0,55.32
1624984001.087,1,57.22
1624984001.19,0,60.41
1624984001.194,1,61.14
1624984001.298,0,96.62
1624984001.301,1,92.01
1624984001.404,0,85.38
1624984001.407,1,104.41
1624984001.51,0,49.77
1624984001.513,1,55.66
1624984001.618,0,49.51
1624984001.621,1,55.58
1624984001.725,0,48.17
1624984001.728,1,58.84
1624984001.831,0,48.71
1624984001.834,1,70.7
1624984001.939,0,51.62
1624984001.942,1,90.42
1624984002.045,0,56.77
1624984002.048,1,58.64
1624984002.151,0,65.39
1624984002.155,1,64.34
1624984002.26,0,110.6
1624984002.263,1,101.65
1624984002.367,0,49.74
1624984002.37,1,54.88
1624984002.473,0,49.26
1624984002.476,1,55.34
1624984002.581,0,48.17
1624984002.584,1,59.64
1624984002.687,0,49.52
1624984002.691,1,79.78
1624984002.794,0,54.26
1624984002.798,1,62.49
1624984002.902,0,56.66
1624984002.905,1,58.63
1624984003.008,0,67.42
1624984003.011,1,68.8
1624984003.114,0,108.21
1624984003.118,1,97.23
1624984003.222,0,49.74
1624984003.225,1,77.66
1624984003.329,0,49.64
1624984003.331,1,55.16
1624984003.435,0,48.58
1624984003.439,1,57.19
1624984003.543,0,48.84
1624984003.546,1,72.31
1624984003.649,0,53.17
1624984003.652,1,69.71
1624984003.755,0,58.02
1624984003.76,1,58.65
1624984003.864,0,71.72
1624984003.867,1,70.86
1624984003.97,0,115.25
1624984003.973,1,112.84
1624984004.076,0,49.8
1624984004.081,1,54.83
1624984004.185,0,49.29
1624984004.188,1,55.66
1624984004.291,0,48.19
1624984004.295,1,59.49
1624984004.398,0,49.48
1624984004.402,1,80.17
1624984004.506,0,53.84
1624984004.509,1,66.82
1624984004.612,0,60.88
1624984004.615,1,61.61
1624984004.718,0,95.76
1624984004.723,1,90.24
1624984004.827,0,78.4
1624984004.829,1,100.83
1624984004.932,0,49.73
1624984004.935,1,55.36
1624984005.039,0,49.37
1624984005.043,1,55.47
1624984005.148,0,48.04
1624984005.151,1,59.66
1624984005.254,0,49.8
1624984005.257,1,90.73
1624984005.36,0,55.87
1624984005.364,1,61.27
1624984005.468,0,55.94
1624984005.472,1,57.7
1624984005.575,0,66.84
1624984005.578,1,67.04
1624984005.681,0,118.92
1624984005.685,1,109.96
1624984005.789,0,49.77
1624984005.792,1,55.02
1624984005.896,0,49.3
1624984005.9,1,55.66
1624984006.003,0,48.2
1624984006.006,1,58.15
1624984006.111,0,48.9
1624984006.113,1,74.69
1624984006.216,0,53.03
1624984006.219,1,66.29
1624984006.322,0,58.53
1624984006.327,1,59.67
1624984006.431,0,73.46
1624984006.435,1,73.21
1624984006.538,0,100.52
1624984006.541,1,120.51
1624984006.643,0,49.7
1624984006.648,1,57.15
1624984006.752,0,49.36
1624984006.755,1,55.62
1624984006.858,0,48.2
1624984006.861,1,61.76
1624984006.965,0,49.95
1624984006.968,1,84.32
1624984007.073,0,54.54
1624984007.077,1,60.42
1624984007.18,0,61.55
1624984007.183,1,62.3
1624984007.286,0,70.29
1624984007.29,1,68.97
1624984007.394,0,91.57
1624984007.397,1,88.79
1624984007.5,0,52.83
1624984007.505,1,84.27
1624984007.608,0,49.35
1624984007.61,1,55.52
1624984007.715,0,48.29
1624984007.718,1,58.98
1624984007.821,0,48.41
1624984007.824,1,70.69
1624984007.927,0,54.35
1624984007.931,1,66.34
1624984008.035,0,58.57
1624984008.039,1,59.99
1624984008.142,0,79.09
1624984008.145,1,76.1
1624984008.248,0,97.41
1624984008.252,1,117.85
1624984008.356,0,49.74
1624984008.359,1,54.87
1624984008.463,0,49.1
1624984008.466,1,55.78
1624984008.569,0,47.75
1624984008.573,1,60.66
1624984008.677,0,50.8
1624984008.68,1,90.89
1624984008.783,0,57.05
1624984008.786,1,58.82
1624984008.889,0,63.9
1624984008.895,1,64.12
1624984008.998,0,78.38
1624984009.001,1,77.74
1624984009.104,0,78.35
1624984009.109,1,104.84
1624984009.212,0,49.74
1624984009.215,1,55.27
1624984009.319,0,49.07
1624984009.322,1,55.66
1624984009.425,0,48.36
1624984009.428,1,64.23
1624984009.531,0,50.32
1624984009.536,1,91.09
1624984009.639,0,58.85
1624984009.643,1,60.06
1624984009.746,0,67.14
1624984009.749,1,67.24
1624984009.852,0,96.33
1624984009.857,1,92.62
1624984009.96,0,72.05
1624984009.963,1,101.73
1624984010.066,0,49.64
1624984010.069,1,55.53
1624984010.172,0,48.71
1624984010.178,1,56.45
1624984010.282,0,49.54
1624984010.284,1,80.8
1624984010.387,0,53.99
1624984010.39,1,66.57
1624984010.493,0,59.02
1624984010.499,1,60.61
1624984010.602,0,65.55
1624984010.606,1,66.29
1624984010.709,0,90.47
1624984010.714,1,82.76
1624984010.817,0,49.94
1624984010.82,1,68.7
1624984010.923,0,49.42
1624984010.926,1,55.39
1624984011.03,0,47.81
1624984011.033,1,60.01
1624984011.136,0,48.55
1624984011.141,1,72.25
1624984011.243,0,54.31
1624984011.247,1,66.3
1624984011.349,0,58.58
1624984011.353,1,60.26
1624984011.456,0,86.89
1624984011.462,1,82.46
1624984011.565,0,71.48
1624984011.568,1,93.44
1624984011.671,0,49.74
1624984011.674,1,55.53
1624984011.777,0,49.3
1624984011.783,1,55.85
1624984011.887,0,47.85
1624984011.89,1,61.94
1624984011.993,0,50.86
1624984011.996,1,91.29
1624984012.099,0,54.35
1624984012.104,1,57.83
1624984012.207,0,61.83
1624984012.21,1,62.65
1624984012.313,0,85.4
1624984012.318,1,79.6
1624984012.421,0,102.32
1624984012.425,1,121.4
1624984012.528,0,49.7
1624984012.531,1,55.38
1624984012.634,0,49.42
1624984012.637,1,55.59
1624984012.741,0,48.9
1624984012.746,1,57.75
1624984012.849,0,48.61
1624984012.852,1,66.06
1624984012.955,0,51.13
1624984012.958,1,91.16
1624984013.061,0,55.33
1624984013.067,1,57.31
1624984013.17,0,60.48
1624984013.173,1,61.79
1624984013.276,0,77.41
1624984013.28,1,75.97
1624984013.383,0,111.44
1624984013.388,1,129.4
1624984013.493,0,49.8
1624984013.495,1,55.21
1624984013.599,0,49.29
1624984013.602,1,55.86
1624984013.705,0,47.75
1624984013.709,1,61.18
1624984013.812,0,49.99
1624984013.815,1,86.99
1624984013.918,0,55.82
1624984013.923,1,60.65
1624984014.026,0,60.72
1624984014.03,1,62.23
1624984014.133,0,94.46
1624984014.137,1,91.17
1624984014.24,0,54.07
1624984014.243,1,81.03
1624984014.345,0,49.56
1624984014.351,1,55.05
1624984014.454,0,48.81
1624984014.457,1,56.45
1624984014.561,0,48.29
1624984014.564,1,68.3
1624984014.666,0,51.28
1624984014.672,1,84.97
1624984014.775,0,56.76
1624984014.778,1,58.23
1624984014.881,0,68.95
1624984014.885,1,68.38
1624984014.988,0,103.31
1624984014.993,1,99.66
1624984015.096,0,49.83
1624984015.099,1,60.2
1624984015.202,0,49.32
1624984015.205,1,55.93
1624984015.308,0,48.04
1624984015.314,1,59.23
1624984015.417,0,49.25
1624984015.42,1,70.29
1624984015.523,0,52.46
1624984015.527,1,83.56
1624984015.63,0,56.71
1624984015.635,1,58.37
1624984015.738,0,79.53
1624984015.741,1,77.95
1624984015.844,0,111.17
1624984015.847,1,118.59
1624984015.95,0,49.74
1624984015.955,1,54.94
1624984016.059,0,49.45
1624984016.062,1,55.76
1624984016.165,0,48.29
1624984016.168,1,59.45
1624984016.271,0,48.9
1624984016.276,1,73.73
1624984016.379,0,54.18
1624984016.382,1,67.01
1624984016.485,0,58.7
1624984016.488,1,60.17
1624984016.591,0,70.36
1624984016.598,1,69.58
1624984016.701,0,100.71
1624984016.703,1,111.54
1624984016.806,0,49.71
1624984016.809,1,55.11
1624984016.913,0,49.51
1624984016.918,1,55.59
1624984017.021,0,48.1
1624984017.024,1,58.7
1624984017.128,0,49.61
1624984017.132,1,74.85
1624984017.235,0,51.97
1624984017.239,1,77.94
1624984017.342,0,57.42
1624984017.346,1,59.39
1624984017.448,0,69.48
1624984017.452,1,69.68
1624984017.555,0,76.7
1624984017.561,1,73.49
1624984017.664,0,94.56
1624984017.667,1,114.1
1624984017.77,0,49.96
1624984017.773,1,54.93
1624984017.876,0,49.66
1624984017.881,1,55.83
1624984017.985,0,49.1
1624984017.988,1,56.51
1624984018.091,0,48.07
1624984018.094,1,60.22
1624984018.197,0,49.13
1624984018.202,1,80.55
1624984018.305,0,54.8
1624984018.308,1,64.12
1624984018.411,0,55.53
1624984018.415,1,57.38
1624984018.518,0,59.22
1624984018.524,1,60.62
1624984018.627,0,129.43
1624984018.63,1,114.1
1624984018.733,0,49.77
1624984018.736,1,54.69
1624984018.839,0,49.83
1624984018.844,1,55.15
1624984018.948,0,49.32
1624984018.951,1,56.07
1624984019.054,0,48.23
1624984019.057,1,59.92
1624984019.161,0,49.33
1624984019.165,1,81.95
1624984019.268,0,53.59
1624984019.27,1,66.64
1624984019.373,0,59.23
1624984019.377,1,60.26
1624984019.48,0,61.19
1624984019.486,1,62.57
1624984019.589,0,85.31
1624984019.592,1,80.98
1624984019.695,0,105.96
1624984019.698,1,124.55
1624984019.801,0,49.7
1624984019.806,1,54.82
1624984019.91,0,49.48
1624984019.913,1,55.76
1624984020.016,0,48.67
1624984020.019,1,57.24
1624984020.122,0,47.88
1624984020.127,1,63.55
1624984020.23,0,51.04
1624984020.233,1,87.39
1624984020.336,0,56.72
1624984020.339,1,58.61
1624984020.442,0,68.49
1624984020.449,1,69.07
1624984020.552,0,94.71
1624984020.555,1,89.24
1624984020.658,0,68.72
1624984020.661,1,92.2
1624984020.764,0,49.77
1624984020.769,1,54.81
1624984020.873,0,49.29
1624984020.875,1,55.76
1624984020.979,0,48.23
1624984020.982,1,59.86
1624984021.085,0,48.34
1624984021.09,1,70.12
1624984021.193,0,51.58
1624984021.195,1,83.75
1624984021.299,0,54.05
1624984021.303,1,56.25
1624984021.406,0,56.17
1624984021.411,1,58.53
1624984021.514,0,69.72
1624984021.517,1,69.73
1624984021.62,0,113.5
1624984021.623,1,119.47
1624984021.726,0,49.83
1624984021.732,1,65.61
1624984021.835,0,49.45
1624984021.838,1,55.92
1624984021.941,0,48.13
1624984021.944,1,59.8
1624984022.048,0,48.53
1624984022.052,1,66.78
1624984022.155,0,50.61
1624984022.158,1,88.7
1624984022.261,0,55.87
1624984022.265,1,57.74
1624984022.367,0,62.49
1624984022.373,1,62.55
1624984022.476,0,101.48
1624984022.48,1,96.06
1624984022.583,0,49.83
1624984022.586,1,63.48
1624984022.689,0,49.61
1624984022.694,1,55.48
1624984022.798,0,48.78
1624984022.801,1,58.42
1624984022.904,0,49.05
1624984022.907,1,74.45
1624984023.01,0,53.62
1624984023.015,1,79.74
1624984023.122,0,55.99
1624984023.126,1,57.85
1624984023.229,0,62.04
1624984023.233,1,64.14
1624984023.336,0,129.51
1624984023.339,1,112.23
1624984023.443,0,74.64
1624984023.447,1,94.79
1624984023.55,0,49.8
1624984023.553,1,54.92
1624984023.657,0,49.17
1624984023.66,1,56.64
1624984023.766,0,69.28
1624984023.769,1,70.25
1624984023.871,0,49.35
1624984023.874,1,55.71
1624984023.978,0,48.23
1624984023.98,1,59.21
1624984024.084,0,48.82
1624984024.087,1,75.63
1624984024.189,0,53.59
1624984024.193,1,64.79
1624984024.296,0,55.47
1624984024.299,1,57.44
1624984024.402,0,62.41
1624984024.406,1,62.6
1624984024.51,0,105.59
1624984024.514,1,101.57
1624984024.617,0,54.35
1624984024.62,1,87.61
1624984024.723,0,49.58
1624984024.726,1,55.45
1624984024.829,0,48.68
1624984024.832,1,56.3
1624984024.939,0,48.26
1624984024.942,1,65.9
1624984025.045,0,50.88
1624984025.049,1,93.96
1624984025.152,0,55.65
1624984025.155,1,61.53
1624984025.261,0,61.37
1624984025.265,1,62.49
1624984025.368,0,100.19
1624984025.371,1,93.85
1624984025.474,0,49.85
1624984025.477,1,69.36
1624984025.58,0,49.42
1624984025.583,1,55.03
1624984025.688,0,49.08
1624984025.69,1,56.8
1624984025.794,0,48.33
1624984025.797,1,67.43
1624984025.899,0,50.85
1624984025.903,1,94.82
1624984026.007,0,55.08
1624984026.01,1,57.16
1624984026.113,0,59.79
1624984026.117,1,61.37
1624984026.22,0,82.76
1624984026.224,1,80.76
1624984026.327,0,98.81
1624984026.33,1,116.52
1624984026.433,0,49.93
1624984026.436,1,55.36
1624984026.54,0,49.38
1624984026.545,1,55.74
1624984026.648,0,47.85
1624984026.651,1,61.93
1624984026.754,0,49.83
1624984026.757,1,88.41
1624984026.86,0,55.21
1624984026.866,1,63.41
1624984026.969,0,61.19
1624984026.972,1,62.62
1624984027.075,0,66.47
1624984027.079,1,66.82
1624984027.182,0,122.04
1624984027.187,1,107.77
1624984027.292,0,49.83
1624984027.295,1,60.48
1624984027.398,0,49.58
1624984027.401,1,55.55
1624984027.505,0,48.52
1624984027.508,1,57.97
1624984027.612,0,48.76
1624984027.615,1,70.01
1624984027.72,0,51.54
1624984027.723,1,72.93
1624984027.825,0,58.07
1624984027.829,1,59.57
1624984027.932,0,68.02
1624984027.936,1,68.27
1624984028.039,0,89.55
1624984028.043,1,81.04
1624984028.148,0,71.77
1624984028.15,1,90.14
1624984028.253,0,49.65
1624984028.257,1,55.06
1624984028.361,0,49.35
1624984028.364,1,56.02
1624984028.467,0,48.26
1624984028.471,1,57.8
1624984028.577,0,48.37
1624984028.58,1,69.12
1624984028.682,0,52.84
1624984028.685,1,66.59
1624984028.788,0,56.99
1624984028.793,1,58.57
1624984028.895,0,69.0
1624984028.899,1,64.14
1624984029.008,0,73.79
1624984029.013,1,72.45
1624984029.116,0,80.99
1624984029.119,1,95.5
1624984029.222,0,49.77
1624984029.225,1,55.18
1624984029.328,0,49.51
1624984029.334,1,55.43
1624984029.437,0,47.88
1624984029.44,1,60.88
1624984029.544,0,49.16
1624984029.546,1,75.84
1624984029.649,0,52.78
1624984029.654,1,73.43
1624984029.757,0,56.47
1624984029.762,1,57.74
1624984029.866,0,59.43
1624984029.87,1,60.65
1624984029.973,0,71.79
1624984029.976,1,71.51
1624984030.079,0,83.51
1624984030.082,1,108.71
1624984030.185,0,49.7
1624984030.188,1,55.22
1624984030.291,0,49.29
1624984030.296,1,55.86
1624984030.4,0,47.88
1624984030.402,1,60.64
1624984030.506,0,49.53
1624984030.509,1,75.11
1624984030.611,0,52.1
1624984030.617,1,73.0
1624984030.719,0,58.36
1624984030.723,1,60.04
1624984030.826,0,67.44
1624984030.83,1,68.4
1624984030.933,0,111.45
1624984030.938,1,106.15
1624984031.041,0,56.06
1624984031.043,1,79.65
1624984031.147,0,49.51
1624984031.15,1,55.59
1624984031.259,0,48.33
1624984031.262,1,58.15
1624984031.365,0,49.22
1624984031.368,1,75.41
1624984031.471,0,51.53
1624984031.474,1,82.24
1624984031.577,0,56.39
1624984031.58,1,57.87
1624984031.685,0,59.83
1624984031.689,1,61.15
1624984031.792,0,72.71
1624984031.795,1,72.18
1624984031.898,0,101.82
1624984031.901,1,122.65
1624984032.004,0,49.83
1624984032.007,1,56.94
1624984032.113,0,49.19
1624984032.116,1,55.66
1624984032.219,0,48.1
1624984032.222,1,65.6
1624984032.325,0,50.98
1624984032.328,1,92.31
1624984032.431,0,56.38
1624984032.434,1,57.78
1624984032.539,0,63.31
1624984032.543,1,63.49
1624984032.646,0,95.04
1624984032.65,1,90.89
1624984032.753,0,63.46
1624984032.755,1,83.41
1624984032.858,0,49.68
1624984032.864,1,55.31
1624984032.967,0,49.22
1624984032.972,1,55.84
1624984033.075,0,48.13
1624984033.078,1,58.71
1624984033.185,0,48.55
1624984033.188,1,67.15
1624984033.29,0,52.49
1624984033.293,1,69.92
1624984033.396,0,60.62
1624984033.4,1,61.21
1624984033.505,0,67.37
1624984033.508,1,68.21
1624984033.611,0,107.9
1624984033.614,1,103.0
1624984033.717,0,53.25
1624984033.72,1,98.08
1624984033.825,0,49.74
1624984033.828,1,55.92
1624984033.932,0,48.55
1624984033.935,1,57.79
1624984034.038,0,48.13
1624984034.041,1,63.6
1624984034.147,0,50.47
1624984034.149,1,93.52
1624984034.252,0,54.6
1624984034.256,1,56.77
1624984034.359,0,59.66
1624984034.362,1,60.19
1624984034.467,0,89.78
1624984034.47,1,84.78
1624984034.573,0,66.15
1624984034.577,1,88.49
1624984034.68,0,49.81
1624984034.683,1,54.73
1624984034.788,0,49.27
1624984034.791,1,56.03
1624984034.895,0,48.19
1624984034.898,1,59.24
1624984035.001,0,49.62
1624984035.004,1,77.9
1624984035.109,0,54.71
1624984035.112,1,66.35
1624984035.215,0,57.62
1624984035.218,1,59.53
1624984035.321,0,73.67
1624984035.324,1,70.2
1624984035.43,0,119.96
1624984035.433,1,128.96
1624984035.536,0,49.86
1624984035.539,1,71.54
1624984035.641,0,49.38
1624984035.644,1,55.86
1624984035.751,0,48.46
1624984035.754,1,58.19
1624984035.857,0,48.62
1624984035.86,1,71.21
1624984035.963,0,53.37
1624984035.966,1,78.07
1624984036.071,0,56.29
1624984036.075,1,58.14
1624984036.178,0,65.3
1624984036.181,1,66.16
1624984036.284,0,108.35
1624984036.287,1,114.74
1624984036.392,0,49.83
1624984036.395,1,54.87
1624984036.498,0,48.6
1624984036.501,1,54.38
1624984036.605,0,48.07
1624984036.607,1,63.23
1624984036.713,0,55.13
1624984036.716,1,57.19
1624984036.819,0,82.45
1624984036.823,1,78.88
1624984036.926,0,49.89
1624984036.929,1,68.66
1624984037.034,0,49.03
1624984037.037,1,54.14
1624984037.14,0,47.85
1624984037.143,1,62.35
1624984037.246,0,49.64
1624984037.249,1,72.5
1624984037.355,0,53.81
1624984037.358,1,66.41
1624984037.461,0,61.39
1624984037.464,1,62.16
1624984037.567,0,85.99
1624984037.57,1,77.85
1624984037.676,0,82.39
1624984037.678,1,104.25
1624984037.781,0,49.83
1624984037.784,1,54.94
1624984037.888,0,49.13
1624984037.891,1,55.4
1624984037.997,0,47.88
1624984038.0,1,62.0
1624984038.104,0,49.95
1624984038.107,1,90.35
1624984038.209,0,55.45
1624984038.213,1,62.31
1624984038.318,0,59.94
1624984038.321,1,61.16
1624984038.424,0,72.33
1624984038.427,1,70.42
1624984038.53,0,87.38
1624984038.533,1,118.3
1624984038.638,0,49.8
1624984038.641,1,55.42
1624984038.745,0,49.4
1624984038.748,1,55.89
1624984038.851,0,48.15
1624984038.854,1,62.06
1624984038.959,0,50.03
1624984038.962,1,93.08
1624984039.065,0,55.3
1624984039.069,1,57.16
1624984039.172,0,65.68
1624984039.175,1,64.18
1624984039.28,0,108.73
1624984039.283,1,117.54
1624984039.386,0,49.73
1624984039.389,1,55.53
1624984039.492,0,49.06
1624984039.495,1,55.04
1624984039.601,0,48.18
1624984039.604,1,62.24
1624984039.707,0,51.01
1624984039.71,1,93.2
1624984039.813,0,56.63
1624984039.816,1,57.87
1624984039.922,0,64.74
1624984039.925,1,64.72
1624984040.028,0,82.34
1624984040.032,1,78.83
1624984040.135,0,49.89
1624984040.138,1,76.93
1624984040.243,0,49.38
1624984040.246,1,55.36
1624984040.349,0,48.36
1624984040.352,1,58.3
1624984040.456,0,48.36
1624984040.458,1,66.33
1624984040.563,0,50.43
1624984040.566,1,94.95
1624984040.669,0,56.39
1624984040.672,1,58.14
1624984040.775,0,62.06
1624984040.779,1,61.32
1624984040.884,0,84.8
1624984040.887,1,82.41
1624984040.99,0,84.75
1624984040.993,1,103.08
1624984041.096,0,49.8
1624984041.099,1,55.0
1624984041.205,0,49.45
1624984041.208,1,55.74
1624984041.312,0,48.1
1624984041.314,1,61.19
1624984041.418,0,51.01
1624984041.42,1,78.98
1624984041.526,0,55.0
1624984041.529,1,59.93
1624984041.632,0,56.94
1624984041.636,1,58.55
1624984041.739,0,78.75
1624984041.743,1,75.56
1624984041.847,0,75.73
1624984041.85,1,92.69
1624984041.952,0,49.51
1624984041.955,1,55.7
1624984042.059,0,48.68
1624984042.062,1,56.11
1624984042.168,0,48.6
1624984042.171,1,68.6
1624984042.274,0,51.79
1624984042.277,1,72.84
1624984042.38,0,58.38
1624984042.383,1,59.12
1624984042.489,0,59.3
1624984042.493,1,60.71
1624984042.596,0,106.55
1624984042.599,1,95.86
1624984042.704,0,82.22
1624984042.707,1,105.47
1624984042.81,0,49.74
1624984042.813,1,55.71
1624984042.917,0,49.16
1624984042.92,1,56.49
1624984043.023,0,48.09
1624984043.026,1,60.86
1624984043.131,0,50.73
1624984043.134,1,96.55
1624984043.237,0,54.92
1624984043.241,1,56.99
1624984043.343,0,63.64
1624984043.347,1,62.95
1624984043.452,0,104.59
1624984043.455,1,98.73
1624984043.559,0,49.97
1624984043.561,1,77.42
1624984043.664,0,49.77
1624984043.667,1,54.99
1624984043.773,0,49.22
1624984043.776,1,57.06
1624984043.879,0,47.91
1624984043.882,1,63.22
1624984043.985,0,50.31
1624984043.988,1,88.24
1624984044.093,0,53.34
1624984044.098,1,66.74
1624984044.201,0,59.4
1624984044.204,1,60.13
1624984044.308,0,66.64
1624984044.315,1,66.83
1624984044.418,0,91.79
1624984044.421,1,88.53
1624984044.524,0,49.93
1624984044.527,1,71.29
1624984044.63,0,49.23
1624984044.636,1,55.62
1624984044.739,0,47.81
1624984044.742,1,61.94
1624984044.845,0,49.99
1624984044.848,1,91.66
1624984044.951,0,57.24
1624984044.957,1,58.55
1624984045.06,0,77.33
1624984045.064,1,75.09
1624984045.167,0,57.06
1624984045.17,1,85.2
1624984045.273,0,49.58
1624984045.277,1,54.9
1624984045.381,0,48.63
1624984045.384,1,57.2
1624984045.487,0,48.2
1624984045.49,1,67.86
1624984045.593,0,49.89
1624984045.598,1,92.35
1624984045.701,0,55.33
1624984045.705,1,57.31
1624984045.808,0,60.41
1624984045.811,1,61.53
1624984045.914,0,81.04
1624984045.919,1,78.03
1624984046.022,0,94.71
1624984046.025,1,113.69
1624984046.128,0,49.87
1624984046.131,1,54.79
1624984046.235,0,49.32
1624984046.24,1,55.7
1624984046.343,0,48.1
1624984046.346,1,60.51
1624984046.45,0,49.85
1624984046.452,1,83.66
1624984046.555,0,49.99
1624984046.561,1,82.91
1624984046.664,0,51.56
1624984046.667,1,56.11
1624984046.77,0,74.32
1624984046.773,1,73.95
1624984046.876,0,57.67
1624984046.882,1,59.72
1624984046.985,0,52.95
1624984046.988,1,56.85
1624984047.091,0,66.68
1624984047.094,1,95.15
1624984047.197,0,68.13
1624984047.202,1,67.18
1624984047.306,0,59.27
1624984047.309,1,61.26
1624984047.412,0,53.22
1624984047.415,1,56.42
1624984047.519,0,89.31
1624984047.523,1,86.84
1624984047.626,0,64.57
1624984047.629,1,64.38
1624984047.732,0,55.08
1624984047.735,1,58.56
1624984047.839,0,51.5
1624984047.844,1,81.22
1624984047.946,0,76.85
1624984047.949,1,75.11
1624984048.053,0,58.46
1624984048.056,1,60.53
1624984048.159,0,52.53
1624984048.164,1,56.88
1624984048.268,0,89.36
1624984048.271,1,87.29
1624984048.374,0,63.91
1624984048.377,1,64.77
1624984048.48,0,54.66
1624984048.485,1,57.7
1624984048.588,0,51.81
1624984048.591,1,55.77
1624984048.695,0,74.06
1624984048.698,1,73.4
1624984048.801,0,59.17
1624984048.806,1,61.65
1624984048.91,0,53.0
1624984048.913,1,57.37
1624984049.016,0,65.23
1624984049.019,1,89.37
1624984049.122,0,68.2
1624984049.127,1,68.02
1624984049.23,0,47.06
1624984049.233,1,49.32
1624984049.336,0,46.92
1624984049.339,1,49.17
1624984049.442,0,47.01
1624984049.447,1,49.16
1624984049.55,0,46.88
1624984049.553,1,49.12
1624984049.656,0,46.82
1624984049.659,1,49.06
1624984049.762,0,46.85
1624984049.768,1,49.02
1624984049.871,0,46.85
1624984049.874,1,49.12
1624984049.977,0,46.82
1624984049.98,1,48.97
1624984050.083,0,46.79
1624984050.088,1,48.96
1624984050.191,0,46.85
1624984050.194,1,49.0
1624984050.297,0,46.82
1624984050.3,1,48.98
1624984050.403,0,46.74
1624984050.406,1,48.92
1624984050.51,0,46.88
1624984050.513,1,48.95
1624984050.616,0,46.85
1624984050.619,1,49.0
1624984050.723,0,46.71
1624984050.726,1,48.84
1624984050.831,0,46.76
1624984050.834,1,48.81
1624984050.937,0,46.69
1624984050.94,1,48.86
1624984051.043,0,46.76
1624984051.046,1,48.9
1624984051.152,0,46.76
1624984051.155,1,48.83
1624984051.258,0,46.71
1624984051.261,1,48.87
1624984051.363,0,46.79
1624984051.366,1,48.76
1624984051.472,0,46.75
1624984051.475,1,48.82
1624984051.578,0,46.76
1624984051.581,1,48.71
1624984051.684,0,46.67
1624984051.687,1,48.72
1624984051.793,0,46.69
1624984051.796,1,48.74
1624984051.899,0,46.76
1624984051.902,1,48.82
1624984052.005,0,40.47
1624984052.008,1,48.85
1624984052.114,0,41.19
1624984052.117,1,48.71
1624984052.22,0,41.44
1624984052.223,1,48.76
1624984052.326,0,41.41
1624984052.329,1,48.74
1624984052.435,0,41.44
1624984052.438,1,48.77
1624984052.541,0,41.44
1624984052.544,1,48.74
1624984052.647,0,41.38
1624984052.65,1,48.68
1624984052.755,0,41.39
1624984052.758,1,48.82
1624984052.861,0,41.46
1624984052.864,1,48.81
1624984052.967,0,41.38
1624984052.97,1,48.81
1624984053.076,0,41.43
1624984053.079,1,48.74
1624984053.182,0,41.45
1624984053.185,1,48.81
1624984053.288,0,41.38
1624984053.291,1,48.81
1624984053.396,0,41.37
1624984053.399,1,48.79
1624984053.502,0,41.48
1624984053.505,1,48.84
1624984053.608,0,41.4
1624984053.611,1,48.71
1624984053.714,0,41.38
1624984053.718,1,48.79
1624984053.821,0,41.43
1624984053.824,1,48.84
1624984053.929,0,41.26
1624984053.932,1,48.69
1624984054.035,0,41.32
1624984054.038,1,48.76
1624984054.141,0,41.37
1624984054.144,1,48.79
1624984054.246,0,41.35
1624984054.249,1,48.68
1624984054.352,0,43.86
1624984054.358,1,57.81
1624984054.461,0,46.04
1624984054.464,1,54.77
1624984054.568,0,46.44
1624984054.571,1,58.66
1624984054.674,0,48.23
1624984054.677,1,69.82
1624984054.78,0,52.7
1624984054.783,1,75.84
1624984054.886,0,57.65
1624984054.889,1,59.24
1624984054.993,0,68.31
1624984054.996,1,66.29
1624984055.101,0,100.59
1624984055.104,1,98.69
1624984055.207,0,49.8
1624984055.21,1,65.84
1624984055.313,0,49.45
1624984055.316,1,55.44
1624984055.422,0,48.79
1624984055.425,1,56.61
1624984055.528,0,48.26
1624984055.531,1,67.58
1624984055.634,0,53.87
1624984055.637,1,65.79
1624984055.743,0,57.06
1624984055.746,1,58.57
1624984055.849,0,71.61
1624984055.852,1,71.35
1624984055.955,0,99.11
1624984055.959,1,91.48
1624984056.063,0,69.01
1624984056.066,1,97.46
1624984056.169,0,49.39
1624984056.172,1,55.87
1624984056.276,0,48.53
1624984056.279,1,57.6
1624984056.385,0,48.61
1624984056.388,1,70.04
1624984056.491,0,51.8
1624984056.494,1,82.28
1624984056.597,0,58.23
1624984056.6,1,58.89
1624984056.705,0,68.23
1624984056.709,1,68.79
1624984056.812,0,107.26
1624984056.816,1,101.31
1624984056.919,0,49.87
1624984056.922,1,91.75
1624984057.026,0,49.67
1624984057.029,1,55.35
1624984057.132,0,49.26
1624984057.139,1,56.21
1624984057.242,0,47.97
1624984057.245,1,63.82
1624984057.348,0,53.88
1624984057.351,1,68.99
1624984057.454,0,57.4
1624984057.459,1,58.97
1624984057.562,0,69.09
1624984057.566,1,70.13
1624984057.669,0,104.47
1624984057.672,1,99.78
1624984057.775,0,49.96
1624984057.778,1,71.13
1624984057.881,0,49.87
1624984057.884,1,55.44
1624984057.989,0,49.54
1624984057.992,1,55.83
1624984058.095,0,48.54
1624984058.098,1,58.57
1624984058.202,0,48.55
1624984058.205,1,70.6
1624984058.309,0,52.11
1624984058.312,1,82.36
1624984058.415,0,55.01
1624984058.419,1,56.94
1624984058.521,0,69.02
1624984058.527,1,68.42
1624984058.63,0,74.79
1624984058.634,1,73.14
1624984058.738,0,79.69
1624984058.741,1,99.71
1624984058.844,0,49.87
1624984058.846,1,54.94
1624984058.951,0,49.35
1624984058.954,1,55.53
1624984059.057,0,48.78
1624984059.06,1,57.66
1624984059.164,0,49.02
1624984059.167,1,67.36
1624984059.272,0,50.73
1624984059.276,1,86.84
1624984059.379,0,56.44
1624984059.382,1,57.76
1624984059.485,0,68.76
1624984059.489,1,67.67
1624984059.593,0,82.88
1624984059.599,1,79.45
1624984059.702,0,98.16
1624984059.705,1,115.99
1624984059.808,0,49.94
1624984059.811,1,59.2
1624984059.914,0,49.57
1624984059.917,1,55.65
1624984060.02,0,48.22
1624984060.024,1,59.21
1624984060.128,0,49.61
1624984060.131,1,74.01
1624984060.235,0,52.03
1624984060.238,1,77.79
1624984060.341,0,55.16
1624984060.344,1,57.22
1624984060.447,0,63.31
1624984060.451,1,63.03
1624984060.555,0,88.33
1624984060.559,1,84.36
1624984060.662,0,74.04
1624984060.665,1,90.9
1624984060.768,0,49.67
1624984060.771,1,54.8
1624984060.876,0,49.32
1624984060.881,1,55.67
1624984060.984,0,48.42
1624984060.987,1,58.74
1624984061.091,0,48.89
1624984061.093,1,67.99
1624984061.198,0,52.06
1624984061.201,1,81.55
1624984061.304,0,58.75
1624984061.307,1,60.16
1624984061.41,0,73.1
1624984061.414,1,68.99
1624984061.518,0,109.9
1624984061.522,1,105.06
1624984061.625,0,49.96
1624984061.628,1,61.24
1624984061.731,0,49.74
1624984061.734,1,55.53
1624984061.84,0,49.4
1624984061.843,1,55.87
1624984061.948,0,48.09
1624984061.95,1,61.31
1624984062.054,0,49.87
1624984062.059,1,85.59
1624984062.162,0,55.46
1624984062.166,1,61.92
1624984062.269,0,58.71
1624984062.272,1,59.94
1624984062.375,0,67.45
1624984062.379,1,67.36
1624984062.482,0,103.11
1624984062.488,1,98.11
1624984062.591,0,49.9
1624984062.593,1,79.25
1624984062.696,0,49.64
1624984062.699,1,54.76
1624984062.803,0,48.9
1624984062.806,1,56.42
1624984062.91,0,48.36
1624984062.919,1,57.97
1624984063.023,0,49.72
1624984063.026,1,88.04
1624984063.129,0,56.05
1624984063.132,1,57.93
1624984063.235,0,67.6
1624984063.239,1,65.38
1624984063.344,0,86.49
1624984063.347,1,81.89
1624984063.452,0,78.25
1624984063.455,1,97.29
1624984063.558,0,49.64
1624984063.561,1,55.13
1624984063.665,0,49.13
1624984063.668,1,55.99
1624984063.772,0,47.98
1624984063.775,1,62.42
1624984063.878,0,50.19
1624984063.881,1,75.09
1624984063.986,0,53.35
1624984063.989,1,65.0
1624984064.092,0,57.85
1624984064.095,1,59.16
1624984064.198,0,70.94
1624984064.204,1,69.68
1624984064.307,0,88.67
1624984064.31,1,85.98
1624984064.413,0,49.9
1624984064.416,1,63.73
1624984064.519,0,49.35
1624984064.522,1,55.43
1624984064.628,0,48.33
1624984064.632,1,58.93
1624984064.735,0,48.94
1624984064.738,1,74.86
1624984064.841,0,54.25
1624984064.844,1,66.72
1624984064.949,0,55.54
1624984064.952,1,57.53
1624984065.057,0,58.77
1624984065.066,1,59.38
1624984065.17,0,104.25
1624984065.173,1,99.26
1624984065.276,0,65.27
1624984065.279,1,93.25
1624984065.382,0,49.72
1624984065.385,1,55.57
1624984065.491,0,49.52
1624984065.494,1,55.49
1624984065.597,0,48.68
1624984065.6,1,58.4
1624984065.704,0,49.22
1624984065.706,1,72.01
1624984065.812,0,52.4
1624984065.815,1,87.71
1624984065.918,0,54.42
1624984065.923,1,60.61
1624984066.026,0,61.58
1624984066.03,1,62.22
1624984066.133,0,83.73
1624984066.137,1,81.98
1624984066.24,0,90.09
1624984066.242,1,109.73
1624984066.345,0,49.9
1624984066.351,1,55.19
1624984066.455,0,49.41
1624984066.458,1,55.47
1624984066.564,0,48.81
1624984066.566,1,58.04
1624984066.67,0,49.38
1624984066.673,1,81.61
1624984066.777,0,54.86
1624984066.78,1,56.91
1624984066.883,0,60.66
1624984066.887,1,62.17
1624984066.99,0,89.65
1624984066.993,1,81.25
1624984067.098,0,98.27
1624984067.102,1,93.48
1624984067.205,0,49.94
1624984067.208,1,54.97
1624984067.312,0,49.61
1624984067.314,1,55.21
1624984067.42,0,49.0
1624984067.423,1,55.85
1624984067.526,0,48.13
1624984067.529,1,60.16
1624984067.633,0,49.73
1624984067.636,1,72.14
1624984067.74,0,53.55
1624984067.744,1,70.97
1624984067.847,0,56.65
1624984067.85,1,58.45
1624984067.953,0,61.78
1624984067.956,1,62.23
1624984068.061,0,84.45
1624984068.065,1,81.69
1624984068.168,0,68.81
1624984068.171,1,87.92
1624984068.274,0,49.68
1624984068.277,1,55.5
1624984068.382,0,49.11
1624984068.386,1,56.03
1624984068.489,0,48.13
1624984068.492,1,61.19
1624984068.596,0,50.78
1624984068.598,1,86.1
1624984068.702,0,52.45
1624984068.707,1,66.17
1624984068.81,0,55.86
1624984068.813,1,57.8
1624984068.916,0,66.63
1624984068.92,1,65.77
1624984069.023,0,91.22
1624984069.028,1,86.75
1624984069.131,0,97.05
1624984069.134,1,111.04
1624984069.237,0,49.88
1624984069.24,1,55.28
1624984069.344,0,49.7
1624984069.349,1,55.59
1624984069.452,0,49.22
1624984069.455,1,56.26
1624984069.559,0,47.85
1624984069.562,1,62.9
1624984069.665,0,50.57
1624984069.669,1,94.54
1624984069.772,0,56.13
1624984069.776,1,57.99
1624984069.879,0,63.72
1624984069.882,1,64.82
1624984069.985,0,85.95
1624984069.991,1,82.56
1624984070.094,0,97.29
1624984070.097,1,116.67
1624984070.2,0,49.9
1624984070.202,1,55.7
1624984070.307,0,49.48
1624984070.311,1,55.54
1624984070.415,0,48.95
1624984070.417,1,57.25
1624984070.521,0,48.82
1624984070.524,1,71.13
1624984070.627,0,51.24
1624984070.632,1,89.31
1624984070.735,0,55.55
1624984070.739,1,57.42
1624984070.842,0,60.29
1624984070.845,1,61.71
1624984070.948,0,83.62
1624984070.954,1,80.07
1624984071.057,0,97.17
1624984071.06,1,120.22
1624984071.163,0,49.97
1624984071.165,1,55.32
1624984071.269,0,49.77
1624984071.274,1,55.13
1624984071.378,0,48.65
1624984071.38,1,58.26
1624984071.484,0,48.76
1624984071.487,1,68.19
1624984071.59,0,50.19
1624984071.595,1,91.13
1624984071.698,0,55.99
1624984071.701,1,57.97
1624984071.804,0,56.13
1624984071.808,1,57.71
1624984071.911,0,99.45
1624984071.916,1,92.23
1624984072.019,0,90.45
1624984072.022,1,102.82
1624984072.125,0,56.2
1624984072.128,1,85.92
1624984072.231,0,49.86
1624984072.237,1,55.67
1624984072.34,0,48.84
1624984072.343,1,56.43
1624984072.446,0,47.95
1624984072.449,1,64.37
1624984072.552,0,50.12
1624984072.558,1,78.0
1624984072.661,0,52.35
1624984072.663,1,69.05
1624984072.766,0,57.43
1624984072.77,1,59.13
1624984072.873,0,67.02
1624984072.879,1,66.34
1624984072.982,0,108.73
1624984072.985,1,121.27
1624984073.088,0,49.91
1624984073.091,1,55.32
1624984073.194,0,49.65
1624984073.2,1,55.45
1624984073.303,0,49.26
1624984073.306,1,56.59
1624984073.409,0,48.52
1624984073.413,1,65.71
1624984073.516,0,50.12
1624984073.52,1,80.38
1624984073.623,0,55.38
1624984073.626,1,57.43
1624984073.729,0,57.03
1624984073.733,1,59.68
1624984073.836,0,67.86
1624984073.841,1,68.42
1624984073.944,0,82.9
1624984073.948,1,80.18
1624984074.051,0,74.78
1624984074.053,1,99.17
1624984074.156,0,49.92
1624984074.162,1,55.35
1624984074.266,0,49.54
1624984074.269,1,56.2
1624984074.372,0,48.0
1624984074.375,1,62.15
1624984074.479,0,49.67
1624984074.483,1,73.83
1624984074.586,0,54.18
1624984074.589,1,74.0
1624984074.692,0,58.26
1624984074.695,1,59.96
1624984074.798,0,70.3
1624984074.804,1,70.03
1624984074.907,0,89.0
1624984074.91,1,88.34
1624984075.013,0,71.09
1624984075.017,1,91.86
1624984075.119,0,49.96
1624984075.125,1,55.27
1624984075.228,0,49.57
1624984075.231,1,55.86
1624984075.335,0,48.62
1624984075.337,1,57.57
1624984075.441,0,48.93
1624984075.446,1,74.42
1624984075.548,0,53.37
1624984075.551,1,81.49
1624984075.654,0,56.23
1624984075.658,1,57.66
1624984075.761,0,62.92
1624984075.767,1,64.07
1624984075.87,0,70.08
1624984075.873,1,69.32
1624984075.976,0,111.51
1624984075.979,1,119.09
1624984076.083,0,49.99
1624984076.088,1,72.05
1624984076.191,0,49.8
1624984076.194,1,54.99
1624984076.297,0,49.3
1624984076.3,1,56.05
1624984076.403,0,48.01
1624984076.408,1,60.58
1624984076.512,0,49.71
1624984076.514,1,77.4
1624984076.617,0,55.31
1624984076.622,1,63.0
1624984076.725,0,58.7
1624984076.73,1,60.09
1624984076.833,0,75.79
1624984076.836,1,70.75
1624984076.942,0,111.66
1624984076.945,1,106.82
1624984077.048,0,49.87
1624984077.051,1,55.56
1624984077.154,0,49.58
1624984077.157,1,55.59
1624984077.263,0,49.15
1624984077.266,1,56.17
1624984077.37,0,48.33
1624984077.372,1,65.49
1624984077.475,0,50.8
1624984077.478,1,90.03
1624984077.583,0,56.91
1624984077.587,1,58.49
1624984077.69,0,76.38
1624984077.693,1,73.44
1624984077.796,0,100.6
1624984077.8,1,90.62
1624984077.905,0,69.38
1624984077.907,1,87.92
1624984078.01,0,49.97
1624984078.014,1,55.0
1624984078.117,0,49.38
1624984078.12,1,56.32
1624984078.226,0,48.06
1624984078.228,1,61.89
1624984078.331,0,49.84
1624984078.335,1,84.49
1624984078.438,0,54.43
1624984078.441,1,66.65
1624984078.547,0,58.69
1624984078.55,1,60.09
1624984078.653,0,71.41
1624984078.656,1,71.21
1624984078.759,0,111.23
1624984078.762,1,110.86
1624984078.867,0,50.05
1624984078.87,1,58.31
1624984078.973,0,49.74
1624984078.977,1,55.44
1624984079.081,0,48.28
1624984079.084,1,58.95
1624984079.188,0,49.04
1624984079.191,1,74.52
1624984079.294,0,51.94
1624984079.297,1,81.87
1624984079.4,0,55.49
1624984079.404,1,57.19
1624984079.509,0,62.99
1624984079.512,1,63.73
1624984079.615,0,68.74
1624984079.619,1,69.24
1624984079.722,0,99.68
1624984079.725,1,122.78
1624984079.829,0,50.0
1624984079.833,1,68.6
1624984079.936,0,49.57
1624984079.94,1,55.47
1624984080.043,0,48.01
1624984080.046,1,62.02
1624984080.15,0,49.45
1624984080.153,1,86.14
1624984080.256,0,55.21
1624984080.261,1,62.05
1624984080.364,0,55.4
1624984080.367,1,57.38
1624984080.471,0,67.41
1624984080.475,1,67.4
1624984080.578,0,113.26
1624984080.582,1,107.45
1624984080.685,0,49.98
1624984080.688,1,69.13
1624984080.793,0,49.76
1624984080.796,1,55.77
1624984080.9,0,49.0
1624984080.903,1,56.75
1624984081.006,0,48.78
1624984081.009,1,65.54
1624984081.113,0,51.11
1624984081.116,1,95.24
1624984081.219,0,54.12
1624984081.223,1,64.86
1624984081.326,0,58.02
1624984081.329,1,59.41
1624984081.434,0,64.14
1624984081.439,1,63.65
1624984081.542,0,104.82
1624984081.545,1,95.9
1624984081.648,0,65.73
1624984081.651,1,97.19
1624984081.754,0,49.74
1624984081.757,1,55.35
1624984081.861,0,49.58
1624984081.866,1,55.97
1624984081.969,0,48.1
1624984081.972,1,63.6
1624984082.075,0,51.2
1624984082.078,1,86.59
1624984082.181,0,56.46
1624984082.187,1,58.16
1624984082.29,0,57.57
1624984082.293,1,59.24
1624984082.398,0,82.97
1624984082.401,1,79.84
1624984082.504,0,102.64
1624984082.508,1,122.55
1624984082.611,0,49.83
1624984082.613,1,55.55
1624984082.718,0,49.65
1624984082.72,1,55.73
1624984082.824,0,49.13
1624984082.829,1,56.65
1624984082.932,0,48.65
1624984082.935,1,67.03
1624984083.039,0,50.32
1624984083.041,1,96.68
1624984083.144,0,56.33
1624984083.149,1,57.99
1624984083.252,0,62.2
1624984083.256,1,63.0
1624984083.359,0,83.35
1624984083.363,1,81.12
1624984083.465,0,106.36
1624984083.47,1,99.0
1624984083.573,0,49.89
1624984083.576,1,55.19
1624984083.68,0,49.48
1624984083.683,1,55.68
1624984083.786,0,49.16
1624984083.791,1,56.97
1624984083.894,0,48.71
1624984083.897,1,65.49
1624984084.002,0,50.6
1624984084.005,1,89.14
1624984084.108,0,54.37
1624984084.112,1,63.6
1624984084.215,0,60.14
1624984084.218,1,61.17
1624984084.321,0,75.43
1624984084.325,1,73.72
1624984084.428,0,95.08
1624984084.433,1,91.36
1624984084.536,0,52.1
1624984084.539,1,77.04
1624984084.642,0,50.01
1624984084.647,1,55.7
1624984084.75,0,49.59
1624984084.754,1,56.07
1624984084.858,0,48.62
1624984084.861,1,59.22
1624984084.964,0,49.29
1624984084.967,1,78.42
1624984085.07,0,52.9
1624984085.075,1,66.22
1624984085.178,0,59.53
1624984085.182,1,60.85
1624984085.284,0,92.64
1624984085.288,1,89.22
1624984085.391,0,103.33
1624984085.396,1,120.87
1624984085.499,0,50.01
1624984085.502,1,55.05
1624984085.607,0,49.77
1624984085.61,1,55.78
1624984085.713,0,48.97
1624984085.717,1,57.76
1624984085.82,0,48.65
1624984085.823,1,69.47
1624984085.926,0,52.48
1624984085.929,1,85.15
1624984086.032,0,47.12
1624984086.037,1,49.56
1624984086.14,0,49.44
1624984086.143,1,77.75
1624984086.246,0,54.66
1624984086.25,1,63.25
1624984086.353,0,65.0
1624984086.359,1,65.82
1624984086.462,0,67.87
1624984086.465,1,67.97
1624984086.568,0,88.49
1624984086.571,1,84.75
1624984086.674,0,53.04
1624984086.679,1,80.05
1624984086.782,0,49.69
1624984086.785,1,55.62
1624984086.889,0,48.36
1624984086.891,1,59.67
1624984086.995,0,48.23
1624984087.0,1,63.61
1624984087.103,0,50.68
1624984087.106,1,79.64
1624984087.21,0,55.51
1624984087.214,1,58.52
1624984087.317,0,56.94
1624984087.321,1,58.91
1624984087.424,0,64.37
1624984087.428,1,64.44
1624984087.531,0,99.12
1624984087.534,1,92.79
1624984087.637,0,78.16
1624984087.642,1,102.62
1624984087.745,0,49.8
1624984087.748,1,55.52
1624984087.851,0,49.26
1624984087.854,1,56.3
1624984087.958,0,48.89
1624984087.963,1,57.47
1624984088.066,0,49.21
1624984088.069,1,70.63
1624984088.172,0,53.0
1624984088.175,1,84.4
1624984088.278,0,56.01
1624984088.284,1,57.89
1624984088.387,0,62.36
1624984088.39,1,63.85
1624984088.493,0,91.05
1624984088.497,1,86.46
1624984088.6,0,86.1
1624984088.605,1,103.09
1624984088.707,0,50.14
1624984088.71,1,55.45
1624984088.815,0,49.74
1624984088.817,1,55.63
1624984088.921,0,49.35
1624984088.925,1,56.42
1624984089.028,0,48.63
1624984089.031,1,69.29
1624984089.135,0,53.0
1624984089.137,1,67.72
1624984089.24,0,62.55
1624984089.247,1,63.09
1624984089.35,0,111.09
1624984089.353,1,125.66
1624984089.456,0,49.9
1624984089.459,1,54.44
1624984089.562,0,48.29
1624984089.567,1,55.74
1624984089.671,0,48.54
1624984089.673,1,70.12
1624984089.778,0,54.16
1624984089.781,1,64.76
1624984089.884,0,65.51
1624984089.888,1,65.96
1624984089.991,0,97.69
1624984089.995,1,89.2
1624984090.1,0,52.18
1624984090.103,1,86.09
1624984090.205,0,49.73
1624984090.209,1,55.53
1624984090.313,0,49.1
1624984090.316,1,56.62
1624984090.419,0,48.39
1624984090.422,1,61.43
1624984090.529,0,49.35
1624984090.531,1,79.51
1624984090.634,0,54.85
1624984090.637,1,65.44
1624984090.74,0,58.3
1624984090.744,1,59.31
1624984090.848,0,63.74
1624984090.852,1,64.95
1624984090.955,0,105.08
1624984090.959,1,99.66
1624984091.062,0,55.87
1624984091.065,1,96.01
1624984091.17,0,49.93
1624984091.173,1,55.43
1624984091.277,0,49.35
1624984091.28,1,56.32
1624984091.383,0,48.04
1624984091.386,1,63.12
1624984091.489,0,50.79
1624984091.492,1,96.96
1624984091.595,0,54.26
1624984091.598,1,64.0
1624984091.701,0,59.97
1624984091.705,1,61.35
1624984091.808,0,79.19
1624984091.814,1,73.53
1624984091.919,0,113.52
1624984091.922,1,108.08
1624984092.025,0,56.86
1624984092.028,1,80.36
1624984092.131,0,49.99
1624984092.134,1,55.4
1624984092.238,0,49.22
1624984092.241,1,56.17
1624984092.348,0,48.17
1624984092.351,1,60.26
1624984092.454,0,48.77
1624984092.457,1,67.48
1624984092.56,0,50.65
1624984092.564,1,86.5
1624984092.67,0,52.85
1624984092.676,1,65.22
1624984092.779,0,59.23
1624984092.782,1,60.46
1624984092.885,0,61.74
1624984092.889,1,61.33
1624984092.994,0,70.42
1624984092.998,1,69.86
1624984093.101,0,115.83
1624984093.104,1,122.21
1624984093.207,0,49.96
1624984093.21,1,55.66
1624984093.313,0,49.53
1624984093.318,1,55.78
1624984093.421,0,48.7
1624984093.424,1,58.62
1624984093.527,0,49.29
1624984093.53,1,76.59
1624984093.633,0,53.95
1624984093.638,1,70.58
1624984093.741,0,55.44
1624984093.745,1,57.6
1624984093.848,0,64.56
1624984093.851,1,64.95
1624984093.954,0,82.98
1624984093.96,1,80.53
1624984094.063,0,87.93
1624984094.065,1,104.01
1624984094.169,0,49.93
1624984094.172,1,55.27
1624984094.277,0,49.32
1624984094.28,1,56.27
1624984094.384,0,48.26
1624984094.387,1,64.7
1624984094.49,0,50.92
1624984094.493,1,95.88
1624984094.596,0,55.6
1624984094.602,1,57.65
1624984094.705,0,63.19
1624984094.708,1,64.32
1624984094.811,0,88.22
1624984094.814,1,106.0
1624984094.917,0,49.8
1624984094.922,1,54.59
1624984095.028,0,48.45
1624984095.031,1,54.22
1624984095.135,0,48.45
1624984095.138,1,70.23
1624984095.241,0,55.56
1624984095.244,1,57.45
1624984095.347,0,86.1
1624984095.351,1,77.13
1624984095.456,0,49.83
1624984095.459,1,54.88
1624984095.563,0,47.73
1624984095.566,1,55.17
1624984095.669,0,48.86
1624984095.673,1,76.33
1624984095.776,0,55.61
1624984095.78,1,57.47
1624984095.884,0,56.66
1624984095.888,1,58.43
1624984095.991,0,97.21
1624984095.993,1,119.5
1624984096.096,0,49.48
1624984096.099,1,54.5
1624984096.203,0,48.01
1624984096.206,1,61.86
1624984096.31,0,51.73
1624984096.313,1,87.12
1624984096.419,0,60.18
1624984096.422,1,61.02
1624984096.525,0,100.55
1624984096.529,1,100.31
1624984096.632,0,49.64
1624984096.634,1,54.76
1624984096.753,0,48.78
1624984096.756,1,54.27
1624984096.86,0,48.71
1624984096.862,1,67.91
1624984096.968,0,55.69
1624984096.972,1,60.63
1624984097.075,0,72.2
1624984097.078,1,70.79
1624984097.181,0,50.12
1624984097.184,1,65.39
1624984097.288,0,49.48
1624984097.29,1,54.7
1624984097.394,0,47.78
1624984097.397,1,55.7
1624984097.501,0,50.09
1624984097.503,1,89.21
1624984097.606,0,58.93
1624984097.61,1,60.53
1624984097.713,0,74.36
1624984097.716,1,73.15
1624984097.819,0,49.9
1624984097.822,1,54.46
1624984097.926,0,48.97
1624984097.93,1,53.92
1624984098.034,0,48.73
1624984098.036,1,72.15
1624984098.139,0,55.77
1624984098.143,1,57.67
1624984098.246,0,68.91
1624984098.251,1,68.13
1624984098.357,0,58.88
1624984098.359,1,89.66
1624984098.462,0,49.19
1624984098.465,1,54.49
1624984098.569,0,48.19
1624984098.572,1,61.35
1624984098.675,0,52.67
1624984098.679,1,72.87
1624984098.782,0,59.82
1624984098.785,1,60.26
1624984098.889,0,86.9
1624984098.893,1,105.01
1624984098.996,0,49.67
1624984098.999,1,54.51
1624984099.103,0,47.81
1624984099.105,1,60.31
1624984099.208,0,50.92
1624984099.214,1,82.74
1624984099.317,0,60.56
1624984099.32,1,62.37
1624984099.423,0,116.68
1624984099.426,1,127.24
1624984099.529,0,50.0
1624984099.534,1,55.0
1624984099.641,0,49.1
1624984099.644,1,54.13
1624984099.747,0,48.2
1624984099.75,1,65.03
1624984099.853,0,55.04
1624984099.856,1,57.28
1624984099.959,0,62.5
1624984099.963,1,63.22
1624984100.066,0,88.33
1624984100.069,1,85.88
1624984100.172,0,50.03
1624984100.176,1,54.98
1624984100.281,0,47.67
1624984100.284,1,55.49
1624984100.387,0,50.41
1624984100.39,1,84.67
1624984100.493,0,61.3
1624984100.497,1,62.51
1624984100.6,0,100.02
1624984100.603,1,123.99
1624984100.706,0,49.55
1624984100.709,1,54.4
1624984100.813,0,47.81
1624984100.817,1,56.98
1624984100.92,0,50.36
1624984100.923,1,84.99
1624984101.027,0,59.05
1624984101.03,1,60.35
1624984101.133,0,91.05
1624984101.139,1,88.94
1624984101.242,0,49.93
1624984101.244,1,55.22
1624984101.349,0,48.81
1624984101.352,1,54.24
1624984101.455,0,48.57
1624984101.459,1,71.05
1624984101.562,0,56.27
1624984101.566,1,57.68
1624984101.669,0,67.35
1624984101.673,1,67.43
1624984101.776,0,91.31
1624984101.78,1,114.18
1624984101.883,0,49.83
1624984101.888,1,54.47
1624984101.991,0,47.53
1624984101.994,1,57.53
1624984102.097,0,51.07
1624984102.101,1,77.42
1624984102.204,0,65.16
1624984102.208,1,64.76
1624984102.311,0,89.16
1624984102.314,1,107.97
1624984102.417,0,49.38
1624984102.422,1,54.61
1624984102.525,0,48.01
1624984102.528,1,62.74
1624984102.632,0,54.41
1624984102.635,1,63.93
1624984102.738,0,65.38
1624984102.743,1,65.84
1624984102.846,0,113.09
1624984102.85,1,106.17
1624984102.953,0,49.93
1624984102.955,1,54.94
1624984103.059,0,48.26
1624984103.064,1,55.41
1624984103.167,0,49.8
1624984103.17,1,75.94
1624984103.273,0,54.31
1624984103.277,1,62.2
1624984103.38,0,62.63
1624984103.385,1,63.15
1624984103.489,0,116.6
1624984103.493,1,108.56
1624984103.596,0,49.96
1624984103.599,1,54.7
1624984103.702,0,48.7
1624984103.706,1,54.92
1624984103.809,0,48.81
1624984103.812,1,64.85
1624984103.915,0,53.48
1624984103.919,1,70.52
1624984104.022,0,62.63
1624984104.027,1,63.37
1624984104.13,0,101.22
1624984104.133,1,119.63
1624984104.236,0,49.57
1624984104.239,1,54.69
1624984104.343,0,47.54
1624984104.347,1,57.18
1624984104.451,0,49.3
1624984104.453,1,83.11
1624984104.557,0,59.25
1624984104.561,1,60.65
1624984104.663,0,83.7
1624984104.669,1,79.43
1624984104.772,0,49.89
1624984104.774,1,55.48
1624984104.878,0,48.36
1624984104.881,1,54.82
1624984104.985,0,48.88
1624984104.989,1,66.72
1624984105.093,0,52.75
1624984105.096,1,93.7
1624984105.199,0,56.72
1624984105.203,1,58.69
1624984105.306,0,63.25
1624984105.31,1,64.66
1624984105.413,0,76.19
1624984105.417,1,75.05
1624984105.52,0,100.39
1624984105.523,1,118.47
1624984105.626,0,49.99
1624984105.631,1,55.59
1624984105.734,0,49.0
1624984105.737,1,55.39
1624984105.842,0,48.36
1624984105.845,1,65.1
1624984105.948,0,50.31
1624984105.952,1,93.53
1624984106.055,0,54.17
1624984106.058,1,65.92
1624984106.162,0,57.92
1624984106.166,1,59.91
1624984106.269,0,68.9
1624984106.273,1,69.18
1624984106.376,0,113.09
1624984106.379,1,111.79
1624984106.483,0,50.06
1624984106.486,1,70.53
1624984106.589,0,49.9
1624984106.593,1,55.93
1624984106.698,0,49.0
1624984106.701,1,56.57
1624984106.805,0,48.93
1624984106.808,1,68.3
1624984106.911,0,52.36
1624984106.914,1,91.09
1624984107.017,0,56.47
1624984107.021,1,58.24
1624984107.125,0,63.24
1624984107.128,1,64.07
1624984107.231,0,86.48
1624984107.236,1,82.72
1624984107.339,0,76.36
1624984107.341,1,102.66
1624984107.446,0,49.99
1624984107.449,1,55.23
1624984107.552,0,49.71
1624984107.556,1,56.2
1624984107.66,0,49.1
1624984107.663,1,58.34
1624984107.767,0,49.07
1624984107.77,1,76.1
1624984107.873,0,52.24
1624984107.877,1,78.27
1624984107.98,0,55.23
1624984107.983,1,57.2
1624984108.088,0,61.79
1624984108.091,1,62.83
1624984108.194,0,104.16
1624984108.198,1,94.77
1624984108.303,0,80.81
1624984108.306,1,112.91
1624984108.409,0,49.7
1624984108.412,1,55.78
1624984108.515,0,49.14
1624984108.519,1,57.05
1624984108.622,0,48.49
1624984108.625,1,62.33
1624984108.73,0,50.15
1624984108.733,1,93.31
1624984108.836,0,55.85
1624984108.84,1,57.61
1624984108.943,0,61.72
1624984108.946,1,61.82
1624984109.051,0,68.32
1624984109.055,1,68.5
1624984109.158,0,96.34
1624984109.161,1,91.69
1624984109.264,0,50.17
1624984109.267,1,81.1
1624984109.372,0,49.54
1624984109.375,1,55.9
1624984109.478,0,48.1
1624984109.481,1,61.07
1624984109.585,0,50.92
1624984109.588,1,77.56
1624984109.693,0,55.52
1624984109.696,1,63.63
1624984109.799,0,56.95
1624984109.803,1,58.47
1624984109.908,0,68.05
1624984109.911,1,69.57
1624984110.014,0,78.97
1624984110.017,1,79.9
1624984110.12,0,78.3
1624984110.123,1,96.01
1624984110.226,0,49.99
1624984110.229,1,55.53
1624984110.335,0,49.61
1624984110.338,1,56.74
1624984110.441,0,48.58
1624984110.444,1,67.57
1624984110.547,0,50.87
1624984110.55,1,87.0
1624984110.656,0,52.92
1624984110.659,1,66.83
1624984110.762,0,60.24
1624984110.765,1,61.26
1624984110.868,0,66.77
1624984110.872,1,64.74
1624984110.977,0,99.45
1624984110.98,1,94.72
1624984111.083,0,85.54
1624984111.086,1,106.69
1624984111.189,0,49.98
1624984111.192,1,55.47
1624984111.298,0,49.33
1624984111.301,1,56.96
1624984111.405,0,48.26
1624984111.409,1,62.99
1624984111.513,0,49.96
1624984111.516,1,85.57
1624984111.62,0,55.15
1624984111.623,1,63.39
1624984111.726,0,62.2
1624984111.729,1,62.85
1624984111.832,0,64.78
1624984111.836,1,64.76
1624984111.94,0,109.1
1624984111.943,1,126.25
1624984112.046,0,50.06
1624984112.049,1,55.37
1624984112.152,0,49.8
1624984112.155,1,55.57
1624984112.262,0,49.27
1624984112.265,1,56.81
1624984112.369,0,48.41
1624984112.371,1,62.23
1624984112.475,0,50.87
1624984112.477,1,94.23
1624984112.582,0,56.1
1624984112.586,1,58.16
1624984112.689,0,64.22
1624984112.692,1,65.33
1624984112.795,0,92.54
1624984112.799,1,84.93
1624984112.903,0,88.48
1624984112.906,1,106.93
1624984113.009,0,49.96
1624984113.013,1,55.26
1624984113.118,0,49.57
1624984113.121,1,55.69
1624984113.225,0,48.66
1624984113.228,1,58.87
1624984113.331,0,49.29
1624984113.334,1,76.43
1624984113.437,0,52.92
1624984113.44,1,79.6
1624984113.545,0,56.8
1624984113.549,1,58.49
1624984113.652,0,62.55
1624984113.655,1,63.47
1624984113.758,0,102.01
1624984113.762,1,91.71
1624984113.866,0,79.29
1624984113.869,1,95.14
1624984113.972,0,50.22
1624984113.975,1,55.02
1624984114.079,0,49.67
1624984114.082,1,56.14
1624984114.187,0,48.36
1624984114.19,1,60.2
1624984114.294,0,49.14
1624984114.296,1,75.78
1624984114.399,0,53.79
1624984114.402,1,77.46
1624984114.508,0,57.83
1624984114.511,1,59.43
1624984114.614,0,71.0
1624984114.618,1,70.53
1624984114.721,0,114.69
1624984114.724,1,113.37
1624984114.828,0,51.61
1624984114.831,1,76.18
1624984114.934,0,49.97
1624984114.937,1,55.97
1624984115.041,0,49.26
1624984115.044,1,56.83
1624984115.15,0,48.1
1624984115.152,1,62.09
1624984115.256,0,49.8
1624984115.259,1,83.73
1624984115.362,0,55.85
1624984115.365,1,67.29
1624984115.47,0,61.38
1624984115.474,1,62.19
1624984115.577,0,77.73
1624984115.58,1,76.78
1624984115.683,0,116.34
1624984115.686,1,102.97
1624984115.791,0,69.39
1624984115.794,1,88.46
1624984115.897,0,50.12
1624984115.9,1,55.55
1624984116.003,0,49.57
1624984116.006,1,55.94
1624984116.112,0,48.2
1624984116.115,1,63.19
1624984116.218,0,49.95
1624984116.222,1,83.78
1624984116.326,0,55.67
1624984116.329,1,66.66
1624984116.434,0,59.61
1624984116.44,1,61.3
1624984116.543,0,77.17
1624984116.547,1,74.6
1624984116.649,0,100.03
1624984116.652,1,118.24
1624984116.755,0,50.05
1624984116.76,1,56.14
1624984116.864,0,49.26
1624984116.867,1,56.48
1624984116.971,0,48.49
1624984116.973,1,59.81
1624984117.077,0,49.41
1624984117.082,1,70.58
1624984117.184,0,54.15
1624984117.188,1,66.15
1624984117.29,0,57.01
1624984117.294,1,58.98
1624984117.397,0,64.51
1624984117.403,1,65.75
1624984117.506,0,92.83
1624984117.509,1,90.32
1624984117.612,0,94.34
1624984117.615,1,116.28
1624984117.718,0,50.15
1624984117.725,1,55.85
1624984117.829,0,49.54
1624984117.832,1,56.8
1624984117.936,0,48.42
1624984117.938,1,60.84
1624984118.042,0,50.38
1624984118.045,1,86.94
1624984118.147,0,55.84
1624984118.151,1,57.72
1624984118.254,0,62.46
1624984118.257,1,62.75
1624984118.361,0,99.97
1624984118.365,1,96.57
1624984118.468,0,51.35
1624984118.471,1,76.38
1624984118.574,0,49.99
1624984118.577,1,55.71
1624984118.682,0,49.35
1624984118.686,1,56.51
1624984118.79,0,48.85
1624984118.792,1,67.77
1624984118.895,0,51.61
1624984118.898,1,87.69
1624984119.002,0,56.25
1624984119.007,1,58.34
1624984119.11,0,59.3
1624984119.113,1,61.28
1624984119.216,0,60.33
1624984119.22,1,61.26
1624984119.323,0,91.42
1624984119.33,1,84.85
1624984119.434,0,108.52
1624984119.437,1,126.74
1624984119.54,0,50.22
1624984119.543,1,55.71
1624984119.646,0,50.02
1624984119.649,1,56.03
1624984119.753,0,49.24
1624984119.756,1,56.46
1624984119.859,0,48.71
1624984119.862,1,67.74
1624984119.965,0,51.74
1624984119.97,1,85.95
1624984120.073,0,57.15
1624984120.076,1,59.15
1624984120.179,0,64.78
1624984120.183,1,65.51
1624984120.286,0,77.92
1624984120.291,1,78.7
1624984120.394,0,89.52
1624984120.397,1,116.16
1624984120.5,0,49.99
1624984120.503,1,55.97
1624984120.607,0,49.8
1624984120.612,1,56.17
1624984120.716,0,48.35
1624984120.718,1,60.76
1624984120.822,0,49.93
1624984120.825,1,82.07
1624984120.928,0,53.65
1624984120.934,1,90.9
1624984121.04,0,54.69
1624984121.043,1,76.0
1624984121.149,0,56.5
1624984121.154,1,58.36
1624984121.257,0,66.46
1624984121.261,1,66.92
1624984121.363,0,85.61
1624984121.367,1,83.68
1624984121.47,0,80.06
1624984121.476,1,104.97
1624984121.578,0,49.93
1624984121.581,1,55.9
1624984121.685,0,49.64
1624984121.688,1,56.88
1624984121.791,0,48.22
1624984121.796,1,63.97
1624984121.9,0,50.67
1624984121.902,1,92.78
1624984122.005,0,57.29
1624984122.009,1,58.87
1624984122.112,0,59.1
1624984122.118,1,60.49
1624984122.221,0,98.13
1624984122.224,1,92.82
1624984122.327,0,50.24
1624984122.33,1,68.6
1624984122.433,0,49.8
1624984122.441,1,55.21
1624984122.544,0,48.93
1624984122.547,1,57.51
1624984122.653,0,48.33
1624984122.656,1,66.85
1624984122.759,0,52.58
1624984122.762,1,82.73
1624984122.864,0,59.46
1624984122.868,1,60.0
1624984122.973,0,70.57
1624984122.977,1,70.58
1624984123.08,0,100.42
1624984123.083,1,97.67
1624984123.186,0,55.38
1624984123.189,1,89.65
1624984123.295,0,50.01
1624984123.297,1,55.9
1624984123.401,0,49.54
1624984123.404,1,56.29
1624984123.507,0,48.13
1624984123.51,1,60.84
1624984123.615,0,49.47
1624984123.618,1,78.16
1624984123.721,0,53.96
1624984123.724,1,70.97
1624984123.827,0,57.31
1624984123.83,1,58.38
1624984123.936,0,61.3
1624984123.94,1,61.28
1624984124.043,0,88.32
1624984124.049,1,84.64
1624984124.152,0,84.26
1624984124.155,1,107.08
1624984124.258,0,50.15
1624984124.261,1,55.49
1624984124.364,0,49.69
1624984124.369,1,56.11
1624984124.473,0,48.87
1624984124.476,1,58.7
1624984124.579,0,49.46
1624984124.582,1,78.31
1624984124.685,0,54.33
1624984124.691,1,68.71
1624984124.794,0,56.28
1624984124.798,1,58.26
1624984124.901,0,67.97
1624984124.904,1,68.55
1624984125.007,0,81.67
1624984125.014,1,74.38
1624984125.119,0,85.39
1624984125.122,1,103.22
1624984125.225,0,50.16
1624984125.228,1,55.67
1624984125.331,0,49.67
1624984125.335,1,55.83
1624984125.44,0,48.45
1624984125.443,1,59.9
1624984125.547,0,49.72
1624984125.55,1,80.08
1624984125.652,0,52.61
1624984125.661,1,67.89
1624984125.764,0,57.12
1624984125.767,1,58.9
1624984125.87,0,68.47
1624984125.874,1,69.17
1624984125.977,0,85.33
1624984125.983,1,81.94
1624984126.086,0,100.58
1624984126.089,1,98.97
1624984126.192,0,50.02
1624984126.195,1,55.42
1624984126.299,0,49.73
1624984126.302,1,55.8
1624984126.405,0,49.21
1624984126.408,1,57.75
1624984126.512,0,48.81
1624984126.514,1,69.86
1624984126.617,0,53.96
1624984126.62,1,67.02
1624984126.724,0,58.08
1624984126.727,1,60.36
1624984126.83,0,70.78
1624984126.833,1,70.67
1624984126.936,0,76.51
1624984126.94,1,72.99
1624984127.044,0,89.68
1624984127.047,1,111.12
1624984127.15,0,49.99
1624984127.152,1,56.16
1624984127.256,0,49.0
1624984127.259,1,56.93
1624984127.365,0,48.23
1624984127.369,1,63.61
1624984127.472,0,52.13
1624984127.474,1,93.63
1624984127.577,0,55.83
1624984127.586,1,57.9
1624984127.689,0,65.04
1624984127.692,1,65.45
1624984127.795,0,110.63
1624984127.798,1,108.35
1624984127.902,0,65.5
1624984127.905,1,95.58
1624984128.007,0,50.09
1624984128.012,1,55.58
1624984128.115,0,49.72
1624984128.118,1,56.29
1624984128.221,0,48.17
1624984128.224,1,61.56
1624984128.328,0,50.01
1624984128.331,1,74.67
1624984128.434,0,51.78
1624984128.439,1,82.09
1624984128.542,0,57.87
1624984128.545,1,59.37
1624984128.648,0,65.13
1624984128.652,1,65.51
1624984128.756,0,89.2
1624984128.76,1,87.03
1624984128.863,0,66.76
1624984128.868,1,97.22
1624984128.971,0,49.99
1624984128.974,1,55.49
1624984129.077,0,49.15
1624984129.08,1,56.78
1624984129.183,0,48.45
1624984129.186,1,65.46
1624984129.29,0,50.44
1624984129.296,1,94.02
1624984129.399,0,54.06
1624984129.402,1,56.59
1624984129.505,0,70.1
1624984129.509,1,70.18
1624984129.612,0,91.22
1624984129.615,1,88.52
1624984129.718,0,77.82
1624984129.723,1,110.45
1624984129.826,0,50.2
1624984129.831,1,55.81
1624984129.934,0,49.61
1624984129.937,1,56.31
1624984130.04,0,48.26
1624984130.043,1,59.89
1624984130.146,0,49.61
1624984130.149,1,75.14
1624984130.253,0,53.18
1624984130.258,1,90.57
1624984130.362,0,57.21
1624984130.365,1,59.06
1624984130.468,0,64.98
1624984130.471,1,65.73
1624984130.574,0,109.2
1624984130.578,1,101.28
1624984130.681,0,50.15
1624984130.684,1,71.33
1624984130.787,0,49.85
1624984130.793,1,56.01
1624984130.897,0,49.45
1624984130.899,1,56.51
1624984131.003,0,48.67
1624984131.006,1,64.53
1624984131.109,0,50.09
1624984131.111,1,82.03
1624984131.217,0,53.79
1624984131.221,1,67.22
1624984131.324,0,59.32
1624984131.328,1,60.8
1624984131.431,0,105.91
1624984131.434,1,96.11
1624984131.538,0,50.81
1624984131.541,1,80.15
1624984131.644,0,50.02
1624984131.647,1,55.85
1624984131.75,0,49.64
1624984131.754,1,56.0
1624984131.859,0,48.65
1624984131.861,1,67.17
1624984131.966,0,53.02
1624984131.969,1,73.39
1624984132.072,0,59.75
1624984132.075,1,60.7
1624984132.18,0,59.07
1624984132.19,1,60.29
1624984132.293,0,76.57
1624984132.297,1,73.53
1624984132.4,0,88.0
1624984132.403,1,111.67
1624984132.506,0,49.93
1624984132.509,1,55.73
1624984132.613,0,49.39
1624984132.618,1,56.35
1624984132.722,0,48.78
1624984132.725,1,68.92
1624984132.828,0,51.06
1624984132.831,1,91.36
1624984132.933,0,56.15
1624984132.937,1,57.64
1624984133.042,0,61.6
1624984133.048,1,62.74
1624984133.151,0,71.62
1624984133.155,1,70.77
1624984133.258,0,109.07
1624984133.261,1,121.71
1624984133.364,0,50.05
1624984133.367,1,58.38
1624984133.471,0,49.86
1624984133.473,1,56.15
1624984133.577,0,48.84
1624984133.58,1,57.57
1624984133.684,0,48.62
1624984133.687,1,66.97
1624984133.79,0,49.82
1624984133.793,1,86.41
1624984133.896,0,56.31
1624984133.899,1,59.01
1624984134.004,0,61.03
1624984134.008,1,62.26
1624984134.111,0,63.18
1624984134.114,1,65.11
1624984134.217,0,102.8
1624984134.221,1,90.55
1624984134.325,0,70.26
1624984134.328,1,93.57
1624984134.431,0,50.09
1624984134.434,1,55.97
1624984134.538,0,49.51
1624984134.541,1,56.52
1624984134.646,0,48.37
1624984134.649,1,67.4
1624984134.752,0,51.97
1624984134.755,1,82.27
1624984134.858,0,58.17
1624984134.862,1,58.83
1624984134.967,0,64.46
1624984134.971,1,64.45
1624984135.075,0,74.08
1624984135.078,1,74.34
1624984135.181,0,116.73
1624984135.184,1,105.36
1624984135.288,0,50.25
1624984135.291,1,55.11
1624984135.394,0,49.98
1624984135.397,1,56.16
1624984135.501,0,49.0
1624984135.504,1,57.22
1624984135.609,0,48.39
1624984135.612,1,63.62
1624984135.716,0,52.92
1624984135.718,1,68.57
1624984135.821,0,59.51
1624984135.825,1,60.07
1624984135.93,0,69.82
1624984135.933,1,69.43
1624984136.036,0,78.82
1624984136.04,1,77.1
1624984136.143,0,62.68
1624984136.146,1,104.14
1624984136.251,0,50.08
1624984136.254,1,55.71
1624984136.357,0,49.41
1624984136.36,1,56.4
1624984136.463,0,48.39
1624984136.466,1,60.32
1624984136.572,0,49.99
1624984136.575,1,80.81
1624984136.679,0,52.49
1624984136.682,1,89.49
1624984136.785,0,56.17
1624984136.788,1,57.97
1624984136.893,0,62.93
1624984136.896,1,64.07
1624984136.999,0,85.25
1624984137.002,1,82.05
1624984137.105,0,107.52
1624984137.108,1,114.06
1624984137.214,0,50.22
1624984137.216,1,55.42
1624984137.321,0,50.1
1624984137.324,1,55.61
1624984137.427,0,49.48
1624984137.431,1,56.63
1624984137.535,0,48.17
1624984137.538,1,62.04
1624984137.641,0,50.67
1624984137.644,1,85.68
1624984137.747,0,58.51
1624984137.751,1,59.72
1624984137.855,0,65.28
1624984137.859,1,66.22
1624984137.962,0,99.77
1624984137.965,1,94.47
1624984138.068,0,68.42
1624984138.071,1,98.94
1624984138.176,0,50.21
1624984138.179,1,55.52
1624984138.283,0,50.09
1624984138.286,1,56.09
1624984138.389,0,49.13
1624984138.392,1,56.28
1624984138.497,0,49.04
1624984138.5,1,67.55
1624984138.603,0,53.08
1624984138.606,1,79.55
1624984138.709,0,54.98
1624984138.712,1,58.94
1624984138.818,0,58.11
1624984138.821,1,60.07
1624984138.924,0,83.35
1624984138.928,1,79.32
1624984139.031,0,98.73
1624984139.035,1,121.47
1624984139.139,0,50.29
1624984139.142,1,55.46
1624984139.245,0,50.08
1624984139.248,1,55.87
1624984139.352,0,48.58
1624984139.354,1,59.44
1624984139.46,0,49.76
1624984139.462,1,83.46
1624984139.565,0,54.98
1624984139.569,1,57.44
1624984139.672,0,64.05
1624984139.675,1,62.89
1624984139.781,0,80.22
1624984139.784,1,79.08
1624984139.887,0,87.64
1624984139.89,1,102.3
1624984139.993,0,50.27
1624984139.996,1,55.9
1624984140.101,0,49.8
1624984140.104,1,55.97
1624984140.208,0,48.96
1624984140.21,1,58.68
1624984140.314,0,49.32
1624984140.317,1,66.14
1624984140.422,0,49.86
1624984140.425,1,76.7
1624984140.528,0,56.4
1624984140.531,1,58.44
1624984140.634,0,61.95
1624984140.639,1,62.7
1624984140.743,0,74.59
1624984140.746,1,74.16
1624984140.849,0,108.24
1624984140.852,1,123.32
1624984140.955,0,50.22
1624984140.958,1,68.75
1624984141.063,0,49.83
1624984141.066,1,56.01
1624984141.17,0,48.44
1624984141.173,1,59.3
1624984141.276,0,50.51
1624984141.279,1,82.03
1624984141.384,0,56.33
1624984141.388,1,58.31
1624984141.491,0,57.6
1624984141.494,1,59.49
1624984141.597,0,91.92
1624984141.601,1,83.76
1624984141.705,0,99.39
1624984141.708,1,119.57
1624984141.811,0,50.09
1624984141.814,1,55.69
1624984141.917,0,49.51
1624984141.92,1,56.01
1624984142.027,0,48.33
1624984142.03,1,60.88
1624984142.133,0,49.26
1624984142.136,1,69.77
1624984142.239,0,52.78
1624984142.243,1,83.8
1624984142.348,0,55.36
1624984142.351,1,57.61
1624984142.454,0,65.16
1624984142.457,1,66.21
1624984142.56,0,88.29
1624984142.564,1,80.07
1624984142.668,0,93.36
1624984142.671,1,115.67
1624984142.774,0,50.09
1624984142.777,1,55.81
1624984142.88,0,49.73
1624984142.883,1,56.12
1624984142.99,0,48.26
1624984142.992,1,62.71
1624984143.096,0,51.34
1624984143.098,1,89.59
1624984143.201,0,57.53
1624984143.204,1,58.62
1624984143.31,0,62.42
1624984143.314,1,63.56
1624984143.417,0,76.26
1624984143.42,1,75.04
1624984143.523,0,84.34
1624984143.526,1,117.18
1624984143.631,0,50.29
1624984143.634,1,55.21
1624984143.737,0,49.7
1624984143.74,1,55.69
1624984143.844,0,49.26
1624984143.847,1,57.28
1624984143.952,0,48.97
1624984143.955,1,67.05
1624984144.058,0,51.11
1624984144.061,1,95.21
1624984144.164,0,54.69
1624984144.167,1,67.1
1624984144.273,0,59.48
1624984144.276,1,61.28
1624984144.379,0,74.16
1624984144.383,1,72.83
1624984144.486,0,109.4
1624984144.489,1,95.44
1624984144.594,0,84.36
1624984144.597,1,105.55
1624984144.7,0,50.06
1624984144.703,1,56.2
1624984144.806,0,49.61
1624984144.809,1,56.35
1624984144.915,0,48.42
1624984144.918,1,60.54
1624984145.022,0,51.03
1624984145.024,1,94.74
1624984145.127,0,56.3
1624984145.131,1,57.94
1624984145.235,0,70.54
1624984145.239,1,70.11
1624984145.342,0,91.82
1624984145.345,1,87.09
1624984145.448,0,54.98
1624984145.451,1,100.53
1624984145.556,0,50.15
1624984145.559,1,55.46
1624984145.663,0,49.93
1624984145.666,1,56.5
1624984145.769,0,49.24
1624984145.772,1,56.86
1624984145.878,0,48.52
1624984145.881,1,62.7
1624984145.984,0,50.05
1624984145.987,1,82.31
1624984146.089,0,54.85
1624984146.093,1,79.01
1624984146.198,0,57.19
1624984146.202,1,58.78
1624984146.305,0,47.59
1624984146.307,1,49.94
1624984146.41,0,55.25
1624984146.414,1,67.0
1624984146.519,0,63.22
1624984146.522,1,64.24
1624984146.625,0,82.42
1624984146.628,1,80.7
1624984146.731,0,96.76
1624984146.734,1,91.7
1624984146.84,0,50.25
1624984146.843,1,68.98
1624984146.946,0,49.81
1624984146.949,1,55.69
1624984147.053,0,47.86
1624984147.055,1,57.28
1624984147.161,0,51.75
1624984147.164,1,91.08
1624984147.266,0,56.09
1624984147.27,1,58.35
1624984147.373,0,66.28
1624984147.377,1,64.54
1624984147.481,0,100.58
1624984147.485,1,98.15
1624984147.588,0,50.25
1624984147.591,1,86.19
1624984147.694,0,49.99
1624984147.696,1,56.2
1624984147.804,0,49.5
1624984147.807,1,56.46
1624984147.91,0,48.6
1624984147.913,1,67.0
1624984148.016,0,50.59
1624984148.019,1,79.51
1624984148.123,0,55.14
1624984148.126,1,64.71
1624984148.229,0,64.06
1624984148.232,1,64.57
1624984148.335,0,73.64
1624984148.339,1,69.99
1624984148.444,0,99.33
1624984148.447,1,110.41
1624984148.55,0,50.25
1624984148.553,1,55.67
1624984148.656,0,49.74
1624984148.659,1,56.11
1624984148.766,0,48.68
1624984148.769,1,60.07
1624984148.872,0,50.1
1624984148.875,1,90.83
1624984148.978,0,56.43
1624984148.981,1,58.97
1624984149.086,0,62.09
1624984149.089,1,63.0
1624984149.192,0,79.06
1624984149.196,1,76.51
1624984149.299,0,98.57
1624984149.302,1,89.49
1624984149.408,0,50.21
1624984149.411,1,55.69
1624984149.514,0,49.83
1624984149.517,1,55.71
1624984149.62,0,48.45
1624984149.623,1,58.34
1624984149.728,0,49.48
1624984149.731,1,74.69
1624984149.834,0,55.08
1624984149.837,1,61.54
1624984149.94,0,58.65
1624984149.944,1,59.51
1624984150.049,0,68.28
1624984150.052,1,68.85
1624984150.155,0,82.57
1624984150.158,1,80.41
1624984150.261,0,61.28
1624984150.264,1,91.4
1624984150.369,0,50.22
1624984150.372,1,55.66
1624984150.476,0,49.7
1624984150.479,1,56.36
1624984150.582,0,48.58
1624984150.585,1,58.72
1624984150.69,0,50.85
1624984150.693,1,80.96
1624984150.796,0,53.74
1624984150.799,1,64.12
1624984150.902,0,62.31
1624984150.906,1,62.01
1624984151.012,0,66.47
1624984151.016,1,66.97
1624984151.119,0,95.76
1624984151.122,1,92.4
1624984151.225,0,67.9
1624984151.228,1,102.93
1624984151.332,0,50.02
1624984151.335,1,55.82
1624984151.438,0,48.52
1624984151.441,1,59.23
1624984151.545,0,48.85
1624984151.547,1,67.58
1624984151.653,0,50.65
1624984151.656,1,94.22
1624984151.759,0,56.25
1624984151.763,1,58.41
1624984151.866,0,62.91
1624984151.869,1,62.5
1624984151.974,0,80.95
1624984151.977,1,78.39
1624984152.08,0,88.74
1624984152.083,1,113.12
1624984152.186,0,50.04
1624984152.189,1,55.24
1624984152.295,0,49.83
1624984152.298,1,56.23
1624984152.402,0,48.19
1624984152.405,1,60.39
1624984152.508,0,49.29
1624984152.511,1,73.16
1624984152.617,0,52.47
1624984152.62,1,79.34
1624984152.723,0,56.87
1624984152.727,1,58.93
1624984152.829,0,72.6
1624984152.833,1,70.7
1624984152.937,0,134.19
1624984152.94,1,120.96
1624984153.043,0,50.15
1624984153.046,1,68.34
1624984153.149,0,50.22
1624984153.152,1,55.44
1624984153.258,0,49.9
1624984153.261,1,55.99
1624984153.364,0,48.56
1624984153.369,1,59.36
1624984153.472,0,49.18
1624984153.478,1,72.91
1624984153.581,0,54.52
1624984153.584,1,71.88
1624984153.687,0,58.24
1624984153.691,1,59.74
1624984153.793,0,66.86
1624984153.799,1,66.57
1624984153.902,0,98.56
1624984153.905,1,95.82
1624984154.008,0,50.25
1624984154.011,1,55.16
1624984154.115,0,50.09
1624984154.12,1,56.16
1624984154.224,0,49.13
1624984154.226,1,57.7
1624984154.33,0,49.22
1624984154.333,1,66.5
1624984154.436,0,51.59
1624984154.441,1,92.85
1624984154.544,0,55.09
1624984154.547,1,59.24
1624984154.65,0,60.47
1624984154.653,1,62.25
1624984154.756,0,62.3
1624984154.762,1,63.22
1624984154.865,0,90.81
1624984154.869,1,87.95
1624984154.972,0,60.26
1624984154.974,1,83.51
1624984155.077,0,50.25
1624984155.083,1,55.46
1624984155.186,0,50.05
1624984155.189,1,56.41
1624984155.293,0,48.46
1624984155.295,1,61.08
1624984155.399,0,49.06
1624984155.404,1,69.42
1624984155.507,0,52.64
1624984155.509,1,88.27
1624984155.612,0,56.99
1624984155.616,1,58.79
1624984155.719,0,58.67
1624984155.725,1,60.34
1624984155.828,0,76.14
1624984155.831,1,75.19
1624984155.934,0,100.16
1624984155.937,1,122.7
1624984156.04,0,50.22
1624984156.046,1,55.82
1624984156.149,0,50.15
1624984156.152,1,55.95
1624984156.255,0,49.42
1624984156.258,1,58.53
1624984156.361,0,49.0
1624984156.366,1,67.57
1624984156.469,0,50.53
1624984156.472,1,91.13
1624984156.575,0,56.39
1624984156.578,1,58.28
1624984156.681,0,59.18
1624984156.688,1,60.6
1624984156.79,0,70.19
1624984156.794,1,70.0
1624984156.897,0,98.15
1624984156.9,1,95.34
1624984157.003,0,88.61
1624984157.008,1,108.94
1624984157.111,0,50.18
1624984157.114,1,55.44
1624984157.218,0,49.45
1624984157.221,1,56.97
1624984157.324,0,48.39
1624984157.329,1,60.8
1624984157.436,0,50.37
1624984157.439,1,86.37
1624984157.542,0,55.75
1624984157.545,1,57.93
1624984157.648,0,62.61
1624984157.652,1,62.9
1624984157.756,0,80.32
1624984157.76,1,77.08
1624984157.862,0,114.27
1624984157.865,1,122.24
1624984157.968,0,50.63
1624984157.971,1,79.08
1624984158.074,0,50.22
1624984158.077,1,55.72
1624984158.181,0,49.35
1624984158.183,1,57.07
1624984158.287,0,48.61
1624984158.292,1,65.38
1624984158.395,0,51.62
1624984158.398,1,87.05
1624984158.501,0,59.44
1624984158.505,1,61.06
1624984158.608,0,109.66
1624984158.613,1,100.82
1624984158.716,0,49.71
1624984158.719,1,55.28
1624984158.826,0,49.38
1624984158.829,1,57.01
1624984158.932,0,49.03
1624984158.935,1,65.48
1624984159.038,0,51.6
1624984159.04,1,87.21
1624984159.143,0,56.31
1624984159.147,1,57.53
1624984159.255,0,61.93
1624984159.258,1,62.67
1624984159.361,0,86.3
1624984159.365,1,83.98
1624984159.468,0,73.23
1624984159.47,1,95.65
1624984159.573,0,50.15
1624984159.576,1,56.15
1624984159.68,0,49.29
1624984159.684,1,56.6
1624984159.787,0,48.46
1624984159.79,1,63.72
1624984159.893,0,50.94
1624984159.897,1,96.89
1624984160.0,0,56.9
1624984160.003,1,58.87
1624984160.106,0,62.29
1624984160.109,1,64.18
1624984160.212,0,72.68
1624984160.218,1,71.07
1624984160.321,0,95.62
1624984160.324,1,82.79
1624984160.429,0,68.41
1624984160.432,1,92.95
1624984160.535,0,50.12
1624984160.539,1,56.01
1624984160.642,0,49.16
1624984160.645,1,58.05
1624984160.749,0,48.68
1624984160.752,1,64.54
1624984160.857,0,50.4
1624984160.86,1,96.27
1624984160.963,0,57.99
1624984160.966,1,60.15
1624984161.069,0,60.8
1624984161.073,1,62.57
1624984161.176,0,92.88
1624984161.18,1,76.05
1624984161.289,0,97.35
1624984161.292,1,118.36
1624984161.395,0,50.18
1624984161.4,1,55.94
1624984161.504,0,49.8
1624984161.507,1,56.46
1624984161.61,0,48.68
1624984161.613,1,59.84
1624984161.717,0,49.16
1624984161.722,1,70.15
1624984161.824,0,51.3
1624984161.827,1,88.27
1624984161.93,0,57.23
1624984161.934,1,59.2
1624984162.037,0,59.85
1624984162.043,1,61.24
1624984162.146,0,78.81
1624984162.149,1,76.14
1624984162.252,0,91.79
1624984162.255,1,112.81
1624984162.358,0,50.25
1624984162.364,1,56.25
1624984162.467,0,49.83
1624984162.47,1,56.24
1624984162.575,0,48.42
1624984162.578,1,63.13
1624984162.681,0,50.57
1624984162.685,1,89.69
1624984162.787,0,55.83
1624984162.792,1,57.62
1624984162.895,0,58.74
1624984162.899,1,60.37
1624984163.002,0,69.67
1624984163.006,1,71.13
1624984163.109,0,108.04
1624984163.112,1,114.78
1624984163.215,0,50.28
1624984163.218,1,55.68
1624984163.321,0,49.96
1624984163.327,1,55.84
1624984163.43,0,48.87
1624984163.433,1,56.86
1624984163.542,0,48.63
1624984163.547,1,65.26
1624984163.649,0,50.67
1624984163.652,1,82.94
1624984163.755,0,54.62
1624984163.758,1,58.3
1624984163.861,0,57.4
1624984163.867,1,59.74
1624984163.97,0,65.9
1624984163.974,1,66.28
1624984164.077,0,103.14
1624984164.081,1,98.89
1624984164.184,0,85.88
1624984164.188,1,99.61
1624984164.291,0,50.15
1624984164.295,1,56.04
1624984164.399,0,49.61
1624984164.402,1,56.55
1624984164.506,0,48.23
1624984164.51,1,62.08
1624984164.613,0,49.98
1624984164.616,1,76.63
1624984164.719,0,54.28
1624984164.722,1,64.31
1624984164.825,0,58.42
1624984164.831,1,59.6
1624984164.934,0,68.52
1624984164.937,1,67.67
1624984165.04,0,79.91
1624984165.044,1,76.81
1624984165.147,0,76.29
1624984165.152,1,98.43
1624984165.255,0,50.1
1624984165.258,1,56.17
1624984165.363,0,49.93
1624984165.365,1,56.41
1624984165.469,0,49.0
1624984165.473,1,58.64
1624984165.576,0,49.32
1624984165.579,1,76.28
1624984165.682,0,54.47
1624984165.685,1,66.1
1624984165.788,0,58.24
1624984165.794,1,59.05
1624984165.9,0,63.95
1624984165.904,1,64.49
1624984166.007,0,75.86
1624984166.01,1,76.93
1624984166.113,0,78.92
1624984166.116,1,107.77
1624984166.219,0,49.93
1624984166.221,1,56.13
1624984166.328,0,49.06
1624984166.331,1,57.84
1624984166.434,0,49.77
1624984166.437,1,77.2
1624984166.54,0,54.99
1624984166.543,1,66.66
1624984166.646,0,60.55
1624984166.649,1,61.19
1624984166.752,0,89.22
1624984166.757,1,86.56
1624984166.86,0,84.41
1624984166.863,1,105.96
1624984166.966,0,50.24
1624984166.969,1,55.63
1624984167.074,0,50.0
1624984167.078,1,56.49
1624984167.181,0,48.84
1624984167.184,1,59.62
1624984167.288,0,49.4
1624984167.29,1,68.23
1624984167.395,0,52.42
1624984167.399,1,84.85
1624984167.502,0,57.29
1624984167.507,1,59.14
1624984167.61,0,61.28
1624984167.614,1,61.93
1624984167.717,0,77.02
1624984167.721,1,74.74
1624984167.824,0,103.56
1624984167.826,1,120.29
1624984167.929,0,50.21
1624984167.932,1,55.9
1624984168.038,0,49.67
1624984168.041,1,57.03
1624984168.145,0,49.22
1624984168.148,1,58.59
1624984168.251,0,49.46
1624984168.254,1,69.19
1624984168.358,0,52.82
1624984168.362,1,78.31
1624984168.465,0,58.05
1624984168.468,1,60.12
1624984168.571,0,66.55
1624984168.575,1,65.6
1624984168.679,0,90.98
1624984168.684,1,88.39
1624984168.786,0,51.86
1624984168.789,1,77.17
1624984168.892,0,50.18
1624984168.895,1,55.17
1624984169.0,0,50.07
1624984169.004,1,56.15
1624984169.108,0,49.49
1624984169.112,1,57.12
1624984169.218,0,48.52
1624984169.22,1,65.01
1624984169.323,0,50.92
1624984169.326,1,93.78
1624984169.429,0,55.62
1624984169.433,1,57.86
1624984169.536,0,58.08
1624984169.539,1,59.67
1624984169.642,0,73.46
1624984169.647,1,71.54
1624984169.75,0,103.48
1624984169.753,1,122.33
1624984169.856,0,50.26
1624984169.858,1,61.93
1624984169.963,0,50.02
1624984169.968,1,56.01
1624984170.071,0,49.47
1624984170.074,1,57.01
1624984170.178,0,48.87
1624984170.18,1,63.83
1624984170.284,0,50.79
1624984170.288,1,81.35
1624984170.391,0,56.25
1624984170.394,1,58.03
1624984170.497,0,67.94
1624984170.501,1,66.88
1624984170.605,0,97.24
1624984170.61,1,93.37
1624984170.713,0,83.38
1624984170.717,1,110.55
1624984170.821,0,50.27
1624984170.824,1,55.95
1624984170.928,0,49.83
1624984170.931,1,55.88
1624984171.034,0,48.91
1624984171.037,1,58.76
1624984171.14,0,50.03
1624984171.143,1,75.41
1624984171.247,0,63.75
1624984171.252,1,63.89
1624984171.355,0,73.16
1624984171.358,1,72.09
1624984171.461,0,96.9
1624984171.464,1,93.78
1624984171.568,0,78.89
1624984171.572,1,100.11
1624984171.675,0,50.16
1624984171.678,1,56.37
1624984171.782,0,50.01
1624984171.785,1,56.78
1624984171.889,0,49.13
1624984171.893,1,59.59
1624984171.997,0,49.54
1624984172.0,1,79.26
1624984172.102,0,54.53
1624984172.106,1,67.57
1624984172.209,0,58.9
1624984172.215,1,60.79
1624984172.318,0,64.97
1624984172.321,1,65.25
1624984172.426,0,103.3
1624984172.429,1,98.51
1624984172.532,0,64.5
1624984172.536,1,83.7
1624984172.638,0,50.15
1624984172.641,1,56.01
1624984172.745,0,49.99
1624984172.748,1,56.55
1624984172.852,0,49.61
1624984172.856,1,56.95
1624984172.959,0,48.8
1624984172.962,1,70.56
1624984173.065,0,51.92
1624984173.068,1,89.33
1624984173.172,0,56.33
1624984173.177,1,58.22
1624984173.28,0,62.66
1624984173.283,1,63.22
1624984173.386,0,96.83
1624984173.389,1,117.32
1624984173.493,0,50.18
1624984173.498,1,55.59
1624984173.601,0,49.61
1624984173.604,1,56.57
1624984173.708,0,48.2
1624984173.71,1,61.94
1624984173.814,0,49.98
1624984173.818,1,82.73
1624984173.921,0,55.37
1624984173.924,1,66.04
1624984174.028,0,58.39
1624984174.032,1,59.67
1624984174.135,0,70.98
1624984174.14,1,70.92
1624984174.243,0,98.35
1624984174.245,1,114.19
1624984174.348,0,50.38
1624984174.351,1,55.18
1624984174.456,0,49.96
1624984174.46,1,55.85
1624984174.564,0,49.65
1624984174.567,1,57.1
1624984174.67,0,48.89
1624984174.673,1,65.2
1624984174.777,0,50.43
1624984174.781,1,90.92
1624984174.884,0,55.6
1624984174.887,1,61.94
1624984174.99,0,58.67
1624984174.994,1,60.46
1624984175.097,0,80.96
1624984175.102,1,78.45
1624984175.205,0,58.52
1624984175.208,1,86.81
1624984175.311,0,49.8
1624984175.313,1,55.12
1624984175.419,0,48.94
1624984175.422,1,57.26
1624984175.526,0,49.5
1624984175.529,1,75.28
1624984175.633,0,54.79
1624984175.636,1,66.01
1624984175.739,0,60.32
1624984175.744,1,61.61
1624984175.847,0,81.24
1624984175.85,1,79.65
1624984175.953,0,86.43
1624984175.956,1,109.85
1624984176.06,0,50.25
1624984176.064,1,55.54
1624984176.168,0,49.95
1624984176.171,1,55.74
1624984176.274,0,48.49
1624984176.277,1,59.08
1624984176.381,0,48.69
1624984176.385,1,69.07
1624984176.488,0,52.11
1624984176.491,1,81.54
1624984176.594,0,57.48
1624984176.597,1,58.78
1624984176.702,0,62.28
1624984176.707,1,63.4
1624984176.81,0,91.62
1624984176.813,1,87.82
1624984176.916,0,70.14
1624984176.919,1,95.68
1624984177.023,0,50.15
1624984177.027,1,56.15
1624984177.131,0,49.51
1624984177.134,1,56.68
1624984177.238,0,48.36
1624984177.241,1,61.35
1624984177.344,0,50.17
1624984177.348,1,77.95
1624984177.451,0,55.34
1624984177.454,1,66.69
1624984177.557,0,61.43
1624984177.561,1,62.11
1624984177.665,0,76.89
1624984177.669,1,75.45
1624984177.772,0,91.75
1624984177.776,1,89.76
1624984177.879,0,50.38
1624984177.882,1,88.03
1624984177.985,0,50.18
1624984177.99,1,55.3
1624984178.093,0,49.8
1624984178.096,1,56.55
1624984178.2,0,48.42
1624984178.202,1,61.71
1624984178.307,0,51.81
1624984178.311,1,88.45
1624984178.414,0,57.53
1624984178.417,1,59.53
1624984178.52,0,70.13
1624984178.523,1,68.18
1624984178.627,0,78.24
1624984178.632,1,76.82
1624984178.735,0,92.57
1624984178.738,1,111.38
1624984178.841,0,50.05
1624984178.844,1,56.13
1624984178.948,0,49.15
1624984178.953,1,57.61
1624984179.056,0,49.38
1624984179.059,1,75.31
1624984179.162,0,52.74
1624984179.165,1,78.88
1624984179.268,0,57.3
1624984179.274,1,58.97
1624984179.377,0,59.58
1624984179.38,1,61.0
1624984179.483,0,81.66
1624984179.487,1,78.23
1624984179.59,0,106.18
1624984179.595,1,124.11
1624984179.698,0,50.38
1624984179.701,1,55.8
1624984179.804,0,49.9
1624984179.807,1,56.55
1624984179.91,0,49.19
1624984179.915,1,58.46
1624984180.019,0,50.29
1624984180.022,1,74.39
1624984180.125,0,54.09
1624984180.128,1,66.92
1624984180.231,0,57.98
1624984180.236,1,59.74
1624984180.339,0,66.44
1624984180.343,1,66.99
1624984180.445,0,103.42
1624984180.449,1,97.35
1624984180.552,0,66.38
1624984180.557,1,93.72
1624984180.66,0,50.22
1624984180.663,1,55.34
1624984180.767,0,49.54
1624984180.77,1,56.55
1624984180.873,0,48.74
1624984180.878,1,61.35
1624984180.981,0,49.08
1624984180.984,1,74.38
1624984181.087,0,53.07
1624984181.09,1,79.18
1624984181.194,0,55.66
1624984181.199,1,57.82
1624984181.302,0,59.03
1624984181.306,1,59.87
1624984181.409,0,78.47
1624984181.412,1,76.88
1624984181.515,0,107.89
1624984181.52,1,101.74
1624984181.623,0,50.25
1624984181.626,1,70.38
1624984181.729,0,50.09
1624984181.732,1,55.78
1624984181.836,0,49.1
1624984181.842,1,58.07
1624984181.945,0,49.26
1624984181.948,1,69.48
1624984182.051,0,52.81
1624984182.054,1,79.03
1624984182.157,0,58.2
1624984182.162,1,59.8
1624984182.265,0,68.67
1624984182.269,1,69.06
1624984182.372,0,82.4
1624984182.376,1,79.19
1624984182.479,0,82.18
1624984182.483,1,103.89
1624984182.586,0,50.22
1624984182.589,1,55.92
1624984182.692,0,50.06
1624984182.695,1,56.03
1624984182.798,0,49.1
1624984182.804,1,60.65
1624984182.907,0,49.83
1624984182.91,1,77.53
1624984183.013,0,53.23
1624984183.015,1,73.7
1624984183.118,0,57.18
1624984183.125,1,59.26
1624984183.228,0,63.58
1624984183.231,1,64.89
1624984183.334,0,76.75
1624984183.337,1,74.56
1624984183.44,0,112.92
1624984183.447,1,101.23
1624984183.551,0,63.4
1624984183.554,1,103.68
1624984183.66,0,50.26
1624984183.662,1,55.55
1624984183.766,0,49.52
1624984183.769,1,56.65
1624984183.872,0,49.32
1624984183.875,1,64.53
1624984183.981,0,50.37
1624984183.987,1,89.56
1624984184.089,0,55.94
1624984184.093,1,57.9
1624984184.196,0,61.06
1624984184.199,1,62.56
1624984184.302,0,80.09
1624984184.308,1,77.73
1624984184.411,0,71.4
1624984184.414,1,103.92
1624984184.517,0,49.98
1624984184.52,1,56.24
1624984184.623,0,49.51
1624984184.629,1,56.94
1624984184.733,0,48.62
1624984184.736,1,60.81
1624984184.839,0,50.61
1624984184.842,1,91.01
1624984184.945,0,56.2
1624984184.951,1,67.15
1624984185.055,0,64.58
1624984185.059,1,63.41
1624984185.164,0,79.97
1624984185.167,1,78.35
1624984185.27,0,110.38
1624984185.273,1,115.65
1624984185.376,0,50.21
1624984185.379,1,55.8
1624984185.485,0,49.8
1624984185.488,1,55.88
1624984185.591,0,48.62
1624984185.594,1,60.66
1624984185.698,0,50.13
1624984185.7,1,79.11
1624984185.806,0,52.73
1624984185.812,1,83.39
1624984185.915,0,57.73
1624984185.918,1,59.61
1624984186.021,0,67.68
1624984186.025,1,67.88
1624984186.128,0,80.26
1624984186.134,1,77.91
1624984186.237,0,90.76
1624984186.24,1,103.7
1624984186.342,0,50.25
1624984186.345,1,55.6
1624984186.449,0,50.1
1624984186.457,1,56.11
1624984186.56,0,49.08
1624984186.563,1,57.4
1624984186.668,0,49.1
1624984186.671,1,71.53
1624984186.774,0,53.66
1624984186.777,1,67.11
1624984186.88,0,58.76
1624984186.883,1,59.48
1624984186.989,0,73.44
1624984186.993,1,73.41
1624984187.096,0,108.12
1624984187.098,1,125.73
1624984187.201,0,50.18
1624984187.204,1,64.72
1624984187.31,0,50.06
1624984187.313,1,56.34
1624984187.416,0,48.71
1624984187.419,1,59.38
1624984187.522,0,49.35
1624984187.525,1,72.57
1624984187.631,0,54.72
1624984187.634,1,71.8
1624984187.737,0,58.54
1624984187.74,1,60.5
1624984187.843,0,74.39
1624984187.846,1,71.65
1624984187.951,0,118.05
1624984187.954,1,127.34
1624984188.057,0,50.25
1624984188.061,1,62.06
1624984188.165,0,50.28
1624984188.168,1,55.65
1624984188.272,0,49.55
1624984188.275,1,56.7
1624984188.379,0,48.58
1624984188.382,1,62.3
1624984188.485,0,51.46
1624984188.488,1,94.38
1624984188.593,0,56.27
1624984188.596,1,58.7
1624984188.699,0,70.55
1624984188.703,1,70.94
1624984188.806,0,94.96
1624984188.809,1,86.24
1624984188.914,0,87.89
1624984188.916,1,111.36
1624984189.019,0,50.28
1624984189.022,1,56.4
1624984189.126,0,49.32
1624984189.129,1,57.01
1624984189.235,0,48.74
1624984189.238,1,63.08
1624984189.341,0,50.48
1624984189.344,1,90.31
1624984189.447,0,56.27
1624984189.45,1,57.91
1624984189.555,0,66.79
1624984189.559,1,66.86
1624984189.662,0,100.05
1624984189.666,1,95.36
1624984189.769,0,50.38
1624984189.772,1,76.64
1624984189.876,0,50.15
1624984189.879,1,55.93
1624984189.983,0,49.45
1624984189.986,1,57.06
1624984190.089,0,49.01
1624984190.092,1,69.29
1624984190.198,0,52.15
1624984190.201,1,92.49
1624984190.303,0,55.74
1624984190.307,1,57.68
1624984190.41,0,61.77
1624984190.413,1,61.58
1624984190.518,0,76.68
1624984190.522,1,74.88
1624984190.625,0,97.54
1624984190.628,1,114.18
1624984190.73,0,50.28
1624984190.733,1,55.8
1624984190.84,0,49.96
1624984190.842,1,56.22
1624984190.946,0,49.13
1624984190.949,1,59.35
1624984191.053,0,49.22
1624984191.055,1,65.06
1624984191.161,0,51.11
1624984191.164,1,86.85
1624984191.266,0,55.05
1624984191.273,1,68.01
1624984191.376,0,56.52
1624984191.379,1,58.28
1624984191.482,0,61.58
1624984191.486,1,62.49
1624984191.589,0,72.27
1624984191.594,1,70.75
1624984191.697,0,86.62
1624984191.7,1,113.11
1624984191.803,0,50.32
1624984191.806,1,56.12
1624984191.909,0,49.83
1624984191.912,1,56.97
1624984192.016,0,48.36
1624984192.019,1,62.13
1624984192.123,0,50.76
1624984192.126,1,94.2
1624984192.228,0,56.56
1624984192.232,1,58.42
1624984192.335,0,60.11
1624984192.339,1,61.15
1624984192.443,0,63.3
1624984192.447,1,64.22
1624984192.55,0,85.91
1624984192.553,1,83.03
1624984192.656,0,92.21
1624984192.662,1,114.65
1624984192.764,0,50.25
1624984192.767,1,56.24
1624984192.871,0,49.48
1624984192.874,1,55.74
1624984192.977,0,48.49
1624984192.98,1,64.75
1624984193.085,0,51.21
1624984193.09,1,92.18
1624984193.193,0,57.05
1624984193.197,1,59.22
1624984193.299,0,60.01
1624984193.303,1,61.5
1624984193.406,0,61.63
1624984193.413,1,63.03
1624984193.515,0,113.93
1624984193.519,1,109.83
1624984193.622,0,55.41
1624984193.625,1,74.57
1624984193.728,0,50.15
1624984193.73,1,55.76
1624984193.834,0,49.77
1624984193.837,1,56.64
1624984193.941,0,48.59
1624984193.944,1,62.15
1624984194.048,0,50.98
1624984194.05,1,91.96
1624984194.153,0,56.59
1624984194.157,1,58.57
1624984194.26,0,63.2
1624984194.263,1,62.98
1624984194.368,0,76.42
1624984194.372,1,74.43
1624984194.475,0,85.95
1624984194.478,1,104.29
1624984194.581,0,50.25
1624984194.584,1,55.81
1624984194.689,0,49.81
1624984194.692,1,56.68
1624984194.796,0,48.79
1624984194.798,1,59.66
1624984194.902,0,49.48
1624984194.905,1,74.55
1624984195.011,0,55.27
1624984195.018,1,64.53
1624984195.121,0,56.0
1624984195.125,1,58.01
1624984195.23,0,64.53
1624984195.234,1,66.29
1624984195.337,0,85.72
1624984195.343,1,82.7
1624984195.445,0,97.38
1624984195.449,1,93.57
1624984195.552,0,50.34
1624984195.555,1,56.08
1624984195.658,0,49.92
1624984195.661,1,55.78
1624984195.765,0,49.65
1624984195.77,1,57.28
1624984195.873,0,48.62
1624984195.876,1,61.52
1624984195.981,0,50.28
1624984195.984,1,88.7
1624984196.087,0,54.62
1624984196.09,1,56.91
1624984196.194,0,69.74
1624984196.198,1,69.84
1624984196.301,0,98.05
1624984196.305,1,93.79
1624984196.408,0,59.6
1624984196.41,1,97.11
1624984196.514,0,50.11
1624984196.517,1,55.99
1624984196.621,0,49.26
1624984196.626,1,57.74
1624984196.729,0,49.31
1624984196.732,1,66.85
1624984196.836,0,52.01
1624984196.838,1,88.21
1624984196.941,0,57.19
1624984196.945,1,58.97
1624984197.048,0,63.76
1624984197.058,1,64.52
1624984197.16,0,95.33
1624984197.164,1,88.72
1624984197.267,0,52.43
1624984197.27,1,80.08
1624984197.373,0,50.25
1624984197.376,1,55.47
1624984197.479,0,49.51
1624984197.482,1,57.1
1624984197.587,0,48.57
1624984197.589,1,64.26
1624984197.692,0,52.22
1624984197.695,1,83.4
1624984197.798,0,56.13
1624984197.802,1,58.2
1624984197.905,0,63.65
1624984197.908,1,64.89
1624984198.011,0,82.23
1624984198.016,1,81.39
1624984198.119,0,80.19
1624984198.122,1,98.93
1624984198.225,0,50.0
1624984198.228,1,56.13
1624984198.331,0,49.16
1624984198.334,1,56.38
1624984198.44,0,48.78
1624984198.445,1,67.96
1624984198.548,0,52.55
1624984198.551,1,79.5
1624984198.654,0,57.59
1624984198.657,1,58.87
1624984198.762,0,81.28
1624984198.765,1,77.56
1624984198.868,0,111.2
1624984198.871,1,105.87
1624984198.974,0,70.87
1624984198.977,1,98.05
1624984199.082,0,50.25
1624984199.085,1,55.58
1624984199.19,0,49.85
1624984199.193,1,56.3
1624984199.296,0,48.45
1624984199.3,1,60.67
1624984199.404,0,49.35
1624984199.408,1,72.55
1624984199.51,0,52.01
1624984199.513,1,80.97
1624984199.616,0,57.55
1624984199.62,1,58.65
1624984199.724,0,62.55
1624984199.728,1,63.79
1624984199.831,0,123.1
1624984199.836,1,134.19
1624984199.938,0,50.25
1624984199.942,1,55.64
1624984200.046,0,50.02
1624984200.049,1,56.11
1624984200.152,0,49.13
1624984200.155,1,58.76
1624984200.258,0,49.1
1624984200.264,1,72.36
1624984200.367,0,53.58
1624984200.37,1,67.52
1624984200.473,0,59.55
1624984200.476,1,60.95
1624984200.579,0,73.5
1624984200.582,1,70.07
1624984200.688,0,87.16
1624984200.692,1,84.17
1624984200.795,0,50.82
1624984200.798,1,82.04
1624984200.901,0,50.12
1624984200.904,1,56.03
1624984201.009,0,49.66
1624984201.015,1,56.86
1624984201.119,0,48.49
1624984201.121,1,62.93
1624984201.224,0,51.54
1624984201.227,1,95.25
1624984201.33,0,60.19
1624984201.335,1,61.19
1624984201.438,0,48.65
1624984201.441,1,51.19
1624984201.544,0,60.64
1624984201.547,1,69.18
1624984201.651,0,50.05
1624984201.654,1,55.83
1624984201.757,0,49.78
1624984201.76,1,57.02
1624984201.864,0,48.47
1624984201.867,1,62.34
1624984201.972,0,50.12
1624984201.974,1,86.43
1624984202.077,0,53.91
1624984202.081,1,61.53
1624984202.184,0,71.05
1624984202.187,1,67.25
1624984202.292,0,103.98
1624984202.296,1,93.59
1624984202.4,0,77.74
1624984202.403,1,97.54
1624984202.506,0,50.15
1624984202.509,1,55.84
1624984202.614,0,49.64
1624984202.617,1,56.47
1624984202.721,0,48.7
1624984202.723,1,64.02
1624984202.826,0,49.66
1624984202.829,1,74.79
1624984202.935,0,53.21
1624984202.941,1,82.87
1624984203.043,0,57.82
1624984203.047,1,59.74
1624984203.15,0,64.17
1624984203.153,1,65.11
1624984203.256,0,123.91
1624984203.259,1,118.89
1624984203.362,0,50.44
1624984203.365,1,55.74
1624984203.469,0,50.14
1624984203.471,1,56.14
1624984203.577,0,49.29
1624984203.58,1,57.61
1624984203.683,0,48.85
1624984203.686,1,64.49
1624984203.789,0,51.93
1624984203.792,1,91.79
1624984203.897,0,57.04
1624984203.9,1,58.89
1624984204.004,0,72.21
1624984204.007,1,72.13
1624984204.11,0,113.39
1624984204.113,1,101.54
1624984204.218,0,64.12
1624984204.221,1,90.4
1624984204.323,0,50.18
1624984204.327,1,55.78
1624984204.43,0,49.64
1624984204.433,1,56.76
1624984204.539,0,48.39
1624984204.543,1,61.67
1624984204.647,0,49.63
1624984204.649,1,72.53
1624984204.752,0,54.03
1624984204.755,1,67.48
1624984204.86,0,57.94
1624984204.863,1,59.53
1624984204.966,0,78.61
1624984204.97,1,76.99
1624984205.073,0,109.33
1624984205.076,1,110.74
1624984205.181,0,50.45
1624984205.184,1,72.1
1624984205.287,0,50.09
1624984205.289,1,56.35
1624984205.393,0,49.1
1624984205.396,1,56.99
1624984205.502,0,49.05
1624984205.505,1,65.0
1624984205.608,0,51.92
1624984205.611,1,85.78
1624984205.714,0,57.06
1624984205.718,1,58.37
1624984205.823,0,66.49
1624984205.826,1,66.45
1624984205.929,0,116.14
1624984205.932,1,113.98
1624984206.035,0,50.38
1624984206.038,1,77.84
1624984206.144,0,50.22
1624984206.147,1,56.01
1624984206.25,0,49.47
1624984206.253,1,56.99
1624984206.357,0,49.32
1624984206.36,1,65.76
1624984206.465,0,50.7
1624984206.468,1,94.45
1624984206.571,0,56.4
1624984206.574,1,58.88
1624984206.677,0,63.74
1624984206.68,1,63.39
1624984206.785,0,63.73
1624984206.789,1,64.95
1624984206.892,0,113.32
1624984206.895,1,107.99
1624984206.998,0,50.35
1624984207.001,1,73.66
1624984207.107,0,50.16
1624984207.11,1,56.0
1624984207.213,0,49.29
1624984207.216,1,57.65
1624984207.319,0,49.0
1624984207.322,1,63.03
1624984207.427,0,53.09
1624984207.43,1,87.95
1624984207.533,0,57.22
1624984207.537,1,59.49
1624984207.64,0,62.49
1624984207.643,1,62.28
1624984207.748,0,75.57
1624984207.751,1,74.05
1624984207.854,0,92.06
1624984207.857,1,110.21
1624984207.96,0,50.35
1624984207.963,1,56.24
1624984208.069,0,50.07
1624984208.072,1,55.86
1624984208.175,0,49.61
1624984208.178,1,56.64
1624984208.282,0,48.62
1624984208.284,1,63.6
1624984208.39,0,51.33
1624984208.393,1,90.69
1624984208.496,0,56.16
1624984208.5,1,58.24
1624984208.602,0,64.23
1624984208.606,1,63.23
1624984208.711,0,88.34
1624984208.714,1,84.06
1624984208.817,0,100.24
1624984208.82,1,116.8
1624984208.923,0,50.35
1624984208.926,1,55.18
1624984209.031,0,49.83
1624984209.034,1,56.3
1624984209.138,0,48.52
1624984209.141,1,60.63
1624984209.244,0,50.6
1624984209.247,1,86.87
1624984209.352,0,54.89
1624984209.355,1,63.59
1624984209.458,0,58.94
1624984209.462,1,60.54
1624984209.565,0,74.58
1624984209.568,1,69.94
1624984209.673,0,78.99
1624984209.677,1,74.53
1624984209.78,0,79.03
1624984209.782,1,97.51
1624984209.885,0,50.36
1624984209.888,1,77.64
1624984209.994,0,50.21
1624984209.997,1,56.41
1624984210.1,0,49.45
1624984210.103,1,57.52
1624984210.207,0,49.1
1624984210.21,1,68.77
1624984210.315,0,54.13
1624984210.318,1,82.81
1624984210.421,0,56.09
1624984210.424,1,58.33
1624984210.527,0,63.88
1624984210.53,1,63.31
1624984210.636,0,76.53
1624984210.639,1,74.82
1624984210.743,0,106.58
1624984210.745,1,124.17
1624984210.848,0,50.33
1624984210.851,1,61.99
1624984210.957,0,49.9
1624984210.96,1,55.91
1624984211.063,0,49.0
1624984211.066,1,59.0
1624984211.169,0,50.12
1624984211.172,1,78.49
1624984211.278,0,52.63
1624984211.281,1,87.79
1624984211.384,0,57.98
1624984211.387,1,59.39
1624984211.49,0,68.55
1624984211.494,1,67.45
1624984211.598,0,91.66
1624984211.602,1,85.86
1624984211.705,0,67.0
1624984211.708,1,90.72
1624984211.811,0,50.05
1624984211.813,1,56.25
1624984211.919,0,50.02
1624984211.922,1,56.96
1624984212.026,0,49.17
1624984212.029,1,59.38
1624984212.132,0,49.28
1624984212.135,1,71.69
1624984212.24,0,51.8
1624984212.243,1,85.2
1624984212.346,0,57.85
1624984212.349,1,59.65
1624984212.453,0,60.61
1624984212.456,1,61.73
1624984212.561,0,80.22
1624984212.565,1,77.76
1624984212.667,0,103.8
1624984212.671,1,103.87
1624984212.774,0,50.38
1624984212.776,1,55.8
1624984212.882,0,50.09
1624984212.885,1,56.66
1624984212.988,0,49.57
1624984212.991,1,57.42
1624984213.095,0,48.84
1624984213.098,1,65.32
1624984213.203,0,53.51
1624984213.206,1,76.24
1624984213.309,0,61.38
1624984213.313,1,63.17
1624984213.416,0,85.41
1624984213.419,1,78.61
1624984213.524,0,88.99
1624984213.527,1,106.11
1624984213.629,0,49.9
1624984213.632,1,55.22
1624984213.736,0,48.17
1624984213.739,1,57.31
1624984213.845,0,50.6
1624984213.847,1,91.79
1624984213.95,0,58.16
1624984213.954,1,59.84
1624984214.057,0,70.37
1624984214.061,1,68.02
1624984214.165,0,85.76
1624984214.168,1,105.86
1624984214.271,0,49.98
1624984214.274,1,54.88
1624984214.378,0,48.46
1624984214.38,1,56.1
1624984214.487,0,50.65
1624984214.489,1,92.17
1624984214.592,0,58.51
1624984214.596,1,60.09
1624984214.699,0,105.32
1624984214.702,1,92.74
1624984214.807,0,50.35
1624984214.81,1,55.09
1624984214.914,0,49.8
1624984214.917,1,55.4
1624984215.02,0,48.58
1624984215.023,1,61.85
1624984215.129,0,53.81
1624984215.132,1,76.63
1624984215.235,0,61.17
1624984215.238,1,62.49
1624984215.341,0,110.08
1624984215.345,1,98.99
1624984215.449,0,50.41
1624984215.452,1,65.68
1624984215.556,0,50.12
1624984215.558,1,56.22
1624984215.662,0,49.41
1624984215.665,1,56.96
1624984215.77,0,48.58
1624984215.773,1,65.98
1624984215.876,0,51.79
1624984215.879,1,92.07
1624984215.982,0,56.54
1624984215.985,1,60.37
1624984216.091,0,63.76
1624984216.095,1,64.83
1624984216.198,0,77.13
1624984216.201,1,76.01
1624984216.304,0,90.15
1624984216.307,1,114.44
1624984216.411,0,50.49
1624984216.414,1,55.52
1624984216.518,0,50.05
1624984216.521,1,55.94
1624984216.624,0,49.19
1624984216.627,1,57.94
1624984216.734,0,49.49
1624984216.737,1,75.84
1624984216.84,0,54.36
1624984216.842,1,67.65
1624984216.945,0,60.08
1624984216.949,1,60.89
1624984217.054,0,63.69
1624984217.057,1,64.53
1624984217.16,0,88.38
1624984217.164,1,83.31
1624984217.267,0,60.95
1624984217.27,1,89.2
1624984217.374,0,50.25
1624984217.378,1,56.51
1624984217.481,0,49.93
1624984217.484,1,56.66
1624984217.587,0,48.44
1624984217.59,1,59.53
1624984217.696,0,50.24
1624984217.698,1,87.0
1624984217.801,0,55.12
1624984217.805,1,58.98
1624984217.908,0,59.37
1624984217.911,1,60.08
1624984218.016,0,78.94
1624984218.02,1,77.36
1624984218.123,0,104.29
1624984218.126,1,119.71
1624984218.228,0,50.34
1624984218.231,1,55.53
1624984218.339,0,50.28
1624984218.345,1,56.09
1624984218.448,0,49.26
1624984218.451,1,57.26
1624984218.555,0,48.78
1624984218.558,1,63.25
1624984218.661,0,50.97
1624984218.666,1,89.28
1624984218.769,0,54.78
1624984218.772,1,66.11
1624984218.875,0,61.47
1624984218.879,1,62.38
1624984218.982,0,73.54
1624984218.987,1,73.21
1624984219.09,0,112.89
1624984219.093,1,119.1
1624984219.196,0,50.28
1624984219.199,1,55.3
1624984219.302,0,50.02
1624984219.308,1,55.93
1624984219.411,0,48.81
1624984219.414,1,58.9
1624984219.517,0,49.97
1624984219.52,1,80.76
1624984219.623,0,54.03
1624984219.629,1,64.8
1624984219.732,0,57.84
1624984219.735,1,59.57
1624984219.838,0,67.17
1624984219.841,1,67.15
1624984219.945,0,86.82
1624984219.95,1,82.94
1624984220.053,0,74.14
1624984220.056,1,94.21
1624984220.159,0,50.15
1624984220.162,1,56.02
1624984220.265,0,49.54
1624984220.27,1,56.59
1624984220.374,0,48.39
1624984220.376,1,63.3
1624984220.48,0,51.21
1624984220.482,1,95.81
1624984220.585,0,54.09
1624984220.592,1,59.38
1624984220.695,0,64.04
1624984220.698,1,64.48
1624984220.801,0,123.93
1624984220.804,1,116.57
1624984220.907,0,50.51
1624984220.912,1,68.65
1624984221.015,0,50.23
1624984221.018,1,55.53
1624984221.122,0,49.64
1624984221.124,1,56.59
1624984221.228,0,48.71
1624984221.233,1,63.92
1624984221.336,0,50.5
1624984221.338,1,92.68
1624984221.441,0,56.41
1624984221.445,1,58.32
1624984221.548,0,62.12
1624984221.554,1,63.44
1624984221.657,0,94.61
1624984221.661,1,89.14
1624984221.764,0,66.02
1624984221.767,1,88.3
1624984221.87,0,50.32
1624984221.875,1,55.49
1624984221.979,0,49.61
1624984221.982,1,56.51
1624984222.085,0,48.53
1624984222.088,1,60.93
1624984222.192,0,49.54
1624984222.196,1,82.18
1624984222.299,0,55.81
1624984222.302,1,58.14
1624984222.405,0,62.31
1624984222.409,1,63.24
1624984222.512,0,78.85
1624984222.517,1,77.26
1624984222.62,0,94.97
1624984222.623,1,89.04
1624984222.726,0,50.45
1624984222.729,1,56.04
1624984222.833,0,49.97
1624984222.838,1,56.05
1624984222.941,0,48.65
1624984222.944,1,59.51
1624984223.047,0,49.72
1624984223.05,1,69.52
1624984223.155,0,53.76
1624984223.159,1,66.81
1624984223.262,0,59.74
1624984223.265,1,61.06
1624984223.368,0,83.95
1624984223.372,1,80.49
1624984223.475,0,93.03
1624984223.48,1,91.47
1624984223.583,0,50.4
1624984223.586,1,55.95
1624984223.689,0,50.12
1624984223.692,1,56.5
1624984223.797,0,48.65
1624984223.8,1,60.68
1624984223.904,0,51.7
1624984223.907,1,90.01
1624984224.01,0,55.44
1624984224.013,1,67.59
1624984224.119,0,57.44
1624984224.123,1,59.64
1624984224.226,0,66.08
1624984224.229,1,67.22
1624984224.332,0,110.09
1624984224.335,1,122.66
1624984224.438,0,50.35
1624984224.442,1,56.08
1624984224.545,0,50.05
1624984224.548,1,56.06
1624984224.652,0,49.22
1624984224.654,1,58.75
1624984224.758,0,49.03
1624984224.762,1,66.7
1624984224.869,0,54.66
1624984224.872,1,70.12
1624984224.975,0,57.36
1624984224.978,1,59.47
1624984225.081,0,63.77
1624984225.084,1,63.6
1624984225.189,0,88.49
1624984225.194,1,85.0
1624984225.297,0,96.85
1624984225.3,1,112.39
1624984225.403,0,50.28
1624984225.406,1,55.99
1624984225.512,0,49.99
1624984225.515,1,56.4
1624984225.618,0,49.51
1624984225.621,1,58.32
1624984225.725,0,49.03
1624984225.727,1,63.96
1624984225.831,0,50.66
1624984225.833,1,85.77
1624984225.936,0,55.96
1624984225.94,1,65.09
1624984226.043,0,62.44
1624984226.047,1,63.75
1624984226.15,0,77.12
1624984226.153,1,75.82
1624984226.256,0,91.05
1624984226.259,1,113.29
1624984226.362,0,50.38
1624984226.367,1,55.69
1624984226.471,0,49.68
1624984226.473,1,56.35
1624984226.577,0,48.55
1624984226.58,1,59.82
1624984226.689,0,49.49
1624984226.692,1,75.18
1624984226.795,0,53.54
1624984226.799,1,66.97
1624984226.902,0,60.02
1624984226.905,1,61.63
1624984227.008,0,77.56
1624984227.011,1,75.46
1624984227.114,0,110.38
1624984227.117,1,125.93
1624984227.22,0,50.41
1624984227.223,1,56.1
1624984227.326,0,50.0
1624984227.33,1,56.75
1624984227.434,0,49.19
1624984227.437,1,59.53
1624984227.54,0,50.05
1624984227.543,1,80.72
1624984227.646,0,54.02
1624984227.651,1,67.38
1624984227.754,0,58.79
1624984227.757,1,60.39
1624984227.86,0,80.41
1624984227.864,1,78.52
1624984227.967,0,118.61
1624984227.972,1,110.29
1624984228.075,0,50.53
1624984228.078,1,63.83
1624984228.181,0,50.08
1624984228.184,1,56.42
1624984228.287,0,48.55
1624984228.292,1,60.85
1624984228.396,0,50.54
1624984228.399,1,81.11
1624984228.501,0,53.32
1624984228.504,1,66.55
1624984228.607,0,55.98
1624984228.614,1,57.47
1624984228.722,0,62.87
1624984228.725,1,63.99
1624984228.828,0,85.19
1624984228.834,1,81.53
1624984228.937,0,70.1
1624984228.94,1,95.43
1624984229.043,0,50.25
1624984229.046,1,56.41
1624984229.15,0,49.64
1624984229.155,1,56.49
1624984229.259,0,48.87
1624984229.261,1,65.78
1624984229.364,0,51.17
1624984229.367,1,87.36
1624984229.47,0,54.87
1624984229.476,1,61.25
1624984229.579,0,57.36
1624984229.582,1,59.54
1624984229.686,0,73.49
1624984229.689,1,71.84
1624984229.792,0,105.15
1624984229.796,1,92.32
1624984229.902,0,50.37
1624984229.906,1,66.85
1624984230.009,0,50.25
1624984230.012,1,55.29
1624984230.115,0,49.64
1624984230.118,1,56.89
1624984230.222,0,48.62
1624984230.225,1,62.29
1624984230.328,0,50.4
1624984230.331,1,84.72
1624984230.434,0,55.8
1624984230.438,1,57.95
1624984230.541,0,64.79
1624984230.545,1,65.92
1624984230.648,0,98.79
1624984230.651,1,94.31
1624984230.755,0,75.93
1624984230.759,1,100.4
1624984230.863,0,50.34
1624984230.866,1,55.84
1624984230.97,0,49.88
1624984230.973,1,56.55
1624984231.076,0,48.67
1624984231.08,1,60.76
1624984231.183,0,50.15
1624984231.186,1,78.47
1624984231.291,0,52.98
1624984231.293,1,74.33
1624984231.397,0,55.88
1624984231.402,1,57.84
1624984231.505,0,70.81
1624984231.51,1,69.13
1624984231.613,0,81.25
1624984231.617,1,80.11
1624984231.72,0,84.8
1624984231.723,1,108.51
1624984231.826,0,50.41
1624984231.829,1,55.9
1624984231.933,0,49.45
1624984231.935,1,57.25
1624984232.039,0,48.78
1624984232.044,1,65.01
1624984232.148,0,51.46
1624984232.151,1,90.68
1624984232.254,0,56.13
1624984232.257,1,58.21
1624984232.36,0,57.28
1624984232.366,1,58.95
1624984232.468,0,74.98
1624984232.472,1,70.22
1624984232.577,0,116.57
1624984232.58,1,115.1
1624984232.683,0,50.44
1624984232.686,1,62.36
1624984232.79,0,50.12
1624984232.792,1,56.32
1624984232.896,0,49.26
1624984232.899,1,58.52
1624984233.003,0,48.92
1624984233.007,1,70.1
1624984233.11,0,52.65
1624984233.115,1,85.78
1624984233.217,0,57.77
1624984233.221,1,59.93
1624984233.324,0,65.49
1624984233.328,1,64.92
1624984233.433,0,93.3
1624984233.437,1,88.56
1624984233.54,0,76.39
1624984233.543,1,98.08
1624984233.646,0,50.42
1624984233.649,1,56.13
1624984233.753,0,49.67
1624984233.756,1,57.67
1624984233.859,0,50.08
1624984233.862,1,77.82
1624984233.965,0,53.7
1624984233.97,1,81.37
1624984234.073,0,57.49
1624984234.076,1,59.14
1624984234.179,0,72.56
1624984234.183,1,72.88
1624984234.286,0,118.69
1624984234.291,1,116.38
1624984234.394,0,57.45
1624984234.397,1,89.99
1624984234.5,0,50.45
1624984234.503,1,55.79
1624984234.606,0,49.8
1624984234.611,1,56.44
1624984234.716,0,48.45
1624984234.719,1,62.3
1624984234.823,0,51.85
1624984234.825,1,90.64
1624984234.928,0,56.25
1624984234.933,1,58.41
1624984235.036,0,64.21
1624984235.041,1,64.95
1624984235.144,0,71.89
1624984235.147,1,72.39
1624984235.25,0,83.21
1624984235.256,1,76.46
1624984235.362,0,74.92
1624984235.365,1,90.9
1624984235.468,0,50.41
1624984235.471,1,56.32
1624984235.575,0,49.83
1624984235.577,1,56.27
1624984235.683,0,48.95
1624984235.686,1,59.78
1624984235.79,0,49.48
1624984235.793,1,69.85
1624984235.896,0,53.73
1624984235.898,1,84.48
1624984236.004,0,57.77
1624984236.007,1,59.77
1624984236.11,0,62.62
1624984236.114,1,64.41
1624984236.217,0,118.9
1624984236.22,1,101.24
1624984236.325,0,79.62
1624984236.328,1,102.67
1624984236.43,0,50.15
1624984236.433,1,56.03
1624984236.537,0,49.78
1624984236.54,1,56.56
1624984236.646,0,49.29
1624984236.649,1,59.56
1624984236.753,0,49.88
1624984236.756,1,76.72
1624984236.859,0,54.27
1624984236.862,1,68.71
1624984236.967,0,59.03
1624984236.97,1,60.66
1624984237.073,0,78.69
1624984237.076,1,76.96
1624984237.179,0,94.04
1624984237.182,1,121.42
1624984237.288,0,50.37
1624984237.291,1,56.0
1624984237.394,0,49.99
1624984237.397,1,57.01
1624984237.501,0,48.71
1624984237.504,1,61.17
1624984237.609,0,50.55
1624984237.612,1,88.34
1624984237.715,0,54.74
1624984237.718,1,63.97
1624984237.821,0,59.32
1624984237.824,1,60.54
1624984237.929,0,69.27
1624984237.933,1,69.17
1624984238.036,0,114.71
1624984238.039,1,130.34
1624984238.142,0,50.23
1624984238.145,1,79.76
1624984238.251,0,50.28
1624984238.254,1,56.17
1624984238.357,0,49.48
1624984238.36,1,57.86
1624984238.464,0,48.67
1624984238.47,1,63.37
1624984238.573,0,51.1
1624984238.576,1,92.08
1624984238.679,0,55.54
1624984238.682,1,58.08
1624984238.785,0,61.7
1624984238.791,1,62.82
1624984238.894,0,69.12
1624984238.897,1,68.92
1624984239.0,0,114.9
1624984239.003,1,108.26
1624984239.107,0,50.38
1624984239.111,1,55.99
1624984239.215,0,50.03
1624984239.217,1,56.51
1624984239.321,0,48.62
1624984239.324,1,60.53
1624984239.428,0,49.48
1624984239.432,1,75.48
1624984239.535,0,56.1
1624984239.539,1,65.56
1624984239.642,0,62.64
1624984239.645,1,63.95
1624984239.748,0,98.48
1624984239.753,1,94.18
1624984239.856,0,95.06
1624984239.86,1,117.45
1624984239.962,0,50.41
1624984239.965,1,56.11
1624984240.069,0,50.25
1624984240.074,1,55.82
1624984240.178,0,49.35
1624984240.181,1,58.31
1624984240.284,0,49.34
1624984240.287,1,68.83
1624984240.39,0,51.89
1624984240.395,1,93.34
1624984240.498,0,57.41
1624984240.501,1,59.58
1624984240.604,0,67.58
1624984240.608,1,66.91
1624984240.711,0,78.85
1624984240.716,1,76.66
1624984240.819,0,70.94
1624984240.822,1,93.8
1624984240.925,0,50.22
1624984240.928,1,56.3
1624984241.033,0,49.65
1624984241.037,1,56.88
1624984241.141,0,49.13
1624984241.143,1,64.58
1624984241.247,0,51.92
1624984241.249,1,91.44
1624984241.352,0,56.52
1624984241.358,1,58.39
1624984241.461,0,65.14
1624984241.464,1,66.19
1624984241.567,0,71.82
1624984241.571,1,70.67
1624984241.674,0,115.85
1624984241.679,1,112.39
1624984241.782,0,50.51
1624984241.785,1,56.13
1624984241.888,0,50.25
1624984241.891,1,56.45
1624984241.995,0,49.64
1624984241.999,1,57.86
1624984242.103,0,49.14
1624984242.106,1,69.03
1624984242.209,0,51.41
1624984242.211,1,93.12
1624984242.314,0,56.25
1624984242.321,1,57.91
1624984242.424,0,64.76
1624984242.427,1,65.2
1624984242.53,0,91.83
1624984242.534,1,84.1
1624984242.638,0,91.76
1624984242.642,1,111.54
1624984242.745,0,50.44
1624984242.747,1,55.87
1624984242.851,0,49.96
1624984242.854,1,56.43
1624984242.958,0,48.57
1624984242.963,1,60.86
1624984243.066,0,50.27
1624984243.069,1,85.11
1624984243.172,0,54.79
1624984243.175,1,64.97
1624984243.278,0,59.03
1624984243.284,1,60.64
1624984243.387,0,61.43
1624984243.391,1,62.66
1624984243.494,0,76.46
1624984243.497,1,75.01
1624984243.6,0,97.38
1624984243.604,1,119.1
1624984243.707,0,50.34
1624984243.71,1,56.13
1624984243.814,0,49.95
1624984243.817,1,56.88
1624984243.92,0,49.7
1624984243.925,1,57.99
1624984244.029,0,49.88
1624984244.031,1,69.53
1624984244.134,0,52.64
1624984244.137,1,73.68
1624984244.242,0,58.36
1624984244.246,1,60.35
1624984244.349,0,64.31
1624984244.352,1,66.03
1624984244.455,0,95.83
1624984244.459,1,92.04
1624984244.562,0,64.59
1624984244.567,1,91.61
1624984244.67,0,50.28
1624984244.673,1,56.35
1624984244.776,0,49.51
1624984244.779,1,58.09
1624984244.883,0,49.45
1624984244.888,1,71.4
1624984244.99,0,53.64
1624984244.993,1,69.47
1624984245.096,0,56.83
1624984245.1,1,59.18
1624984245.203,0,61.11
1624984245.209,1,62.34
1624984245.312,0,101.38
1624984245.315,1,96.7
1624984245.418,0,64.38
1624984245.421,1,94.38
1624984245.524,0,50.64
1624984245.53,1,55.66
1624984245.633,0,49.77
1624984245.636,1,57.11
1624984245.739,0,49.0
1624984245.742,1,62.62
1624984245.847,0,50.4
1624984245.85,1,85.91
1624984245.953,0,55.81
1624984245.957,1,57.97
1624984246.06,0,61.72
1624984246.063,1,62.06
1624984246.166,0,101.92
1624984246.172,1,94.83
1624984246.275,0,52.69
1624984246.278,1,80.23
1624984246.381,0,49.9
1624984246.384,1,55.44
1624984246.487,0,49.19
1624984246.492,1,59.78
1624984246.596,0,49.92
1624984246.599,1,80.38
1624984246.702,0,55.32
1624984246.705,1,57.56
1624984246.808,0,57.59
1624984246.814,1,59.87
1624984246.917,0,66.59
1624984246.92,1,67.07
1624984247.023,0,83.32
1624984247.027,1,81.76
1624984247.13,0,104.1
1624984247.134,1,121.18
1624984247.237,0,50.56
1624984247.24,1,55.99
1624984247.343,0,50.22
1624984247.346,1,56.47
1624984247.451,0,49.74
1624984247.455,1,57.45
1624984247.559,0,49.09
1624984247.561,1,64.87
1624984247.664,0,52.97
1624984247.667,1,94.21
1624984247.77,0,55.83
1624984247.776,1,60.18
1624984247.879,0,62.92
1624984247.883,1,63.93
1624984247.986,0,90.43
1624984247.989,1,86.23
1624984248.092,0,97.66
1624984248.098,1,119.89
1624984248.201,0,50.41
1624984248.204,1,56.01
1624984248.307,0,50.01
1624984248.31,1,56.48
1624984248.413,0,48.74
1624984248.418,1,60.92
1624984248.521,0,51.71
1624984248.524,1,91.41
1624984248.627,0,55.73
1624984248.631,1,58.3
1624984248.734,0,61.97
1624984248.739,1,63.38
1624984248.842,0,66.21
1624984248.845,1,67.15
1624984248.948,0,111.07
1624984248.951,1,106.0
1624984249.054,0,50.51
1624984249.06,1,67.32
1624984249.163,0,50.22
1624984249.166,1,56.4
1624984249.27,0,49.35
1624984249.273,1,58.53
1624984249.376,0,48.55
1624984249.38,1,61.46
1624984249.484,0,49.86
1624984249.487,1,73.35
1624984249.589,0,54.56
1624984249.593,1,69.86
1624984249.696,0,57.74
1624984249.702,1,59.7
1624984249.805,0,71.95
1624984249.808,1,71.18
1624984249.911,0,108.69
1624984249.914,1,123.56
1624984250.017,0,50.51
1624984250.022,1,55.7
1624984250.126,0,49.54
1624984250.129,1,56.89
1624984250.232,0,48.71
1624984250.235,1,61.05
1624984250.338,0,50.1
1624984250.343,1,80.71
1624984250.446,0,54.73
1624984250.449,1,64.46
1624984250.552,0,61.84
1624984250.556,1,62.78
1624984250.659,0,78.68
1624984250.666,1,75.6
1624984250.769,0,111.84
1624984250.772,1,132.46
1624984250.875,0,50.49
1624984250.878,1,64.59
1624984250.981,0,50.38
1624984250.985,1,56.49
1624984251.089,0,49.61
1624984251.092,1,57.55
1624984251.195,0,49.03
1624984251.198,1,69.55
1624984251.301,0,51.47
1624984251.306,1,89.06
1624984251.409,0,55.59
1624984251.413,1,57.76
1624984251.516,0,60.3
1624984251.519,1,61.83
1624984251.622,0,83.8
1624984251.627,1,81.72
1624984251.73,0,92.26
1624984251.733,1,106.49
1624984251.836,0,50.5
1624984251.839,1,56.11
1624984251.942,0,50.15
1624984251.948,1,57.01
1624984252.051,0,49.58
1624984252.054,1,57.49
1624984252.158,0,48.68
1624984252.161,1,62.11
1624984252.264,0,50.04
1624984252.27,1,76.81
1624984252.373,0,52.72
1624984252.376,1,66.62
1624984252.479,0,61.52
1624984252.482,1,62.56
1624984252.585,0,66.68
1624984252.59,1,67.26
1624984252.695,0,104.49
1624984252.698,1,97.94
1624984252.801,0,52.27
1624984252.804,1,82.19
1624984252.907,0,50.44
1624984252.911,1,55.95
1624984253.015,0,49.35
1624984253.018,1,58.31
1624984253.121,0,48.84
1624984253.124,1,68.04
1624984253.227,0,52.2
1624984253.232,1,91.82
1624984253.335,0,56.05
1624984253.338,1,59.16
1624984253.441,0,66.28
1624984253.445,1,66.52
1624984253.548,0,73.85
1624984253.553,1,71.71
1624984253.656,0,83.53
1624984253.659,1,108.12
1624984253.763,0,50.51
1624984253.766,1,56.42
1624984253.869,0,50.15
1624984253.875,1,57.19
1624984253.979,0,48.52
1624984253.981,1,62.22
1624984254.085,0,50.83
1624984254.087,1,96.86
1624984254.19,0,57.0
1624984254.195,1,59.1
1624984254.298,0,66.05
1624984254.302,1,66.33
1624984254.404,0,72.88
1624984254.408,1,72.57
1624984254.511,0,93.61
1624984254.516,1,103.13
1624984254.619,0,50.5
1624984254.622,1,55.62
1624984254.726,0,50.1
1624984254.729,1,56.61
1624984254.832,0,49.48
1624984254.837,1,58.1
1624984254.941,0,49.8
1624984254.943,1,74.01
1624984255.046,0,53.89
1624984255.049,1,81.47
1624984255.152,0,57.01
1624984255.159,1,58.78
1624984255.262,0,64.02
1624984255.265,1,64.65
1624984255.368,0,87.76
1624984255.372,1,78.79
1624984255.478,0,64.2
1624984255.481,1,96.9
1624984255.584,0,50.25
1624984255.586,1,56.13
1624984255.69,0,50.02
1624984255.693,1,56.39
1624984255.799,0,49.0
1624984255.802,1,59.38
1624984255.906,0,50.04
1624984255.909,1,82.4
1624984256.011,0,55.81
1624984256.015,1,65.66
1624984256.12,0,62.71
1624984256.123,1,63.9
1624984256.226,0,65.94
1624984256.229,1,67.07
1624984256.332,0,91.65
1624984256.336,1,83.91
1624984256.44,0,50.6
1624984256.443,1,63.05
1624984256.547,0,50.18
1624984256.549,1,56.39
1624984256.653,0,49.38
1624984256.656,1,57.49
1624984256.762,0,49.42
1624984256.765,1,71.44
1624984256.867,0,52.45
1624984256.87,1,93.49
1624984256.973,0,55.22
1624984256.977,1,57.29
1624984257.082,0,61.77
1624984257.086,1,62.89
1624984257.189,0,76.25
1624984257.192,1,73.96
1624984257.295,0,91.77
1624984257.298,1,111.68
1624984257.403,0,50.47
1624984257.406,1,56.05
1624984257.51,0,49.96
1624984257.513,1,56.9
1624984257.616,0,48.62
1624984257.619,1,61.68
1624984257.724,0,49.73
1624984257.727,1,76.92
1624984257.83,0,47.59
1624984257.833,1,50.12
1624984257.936,0,52.39
1624984257.939,1,77.86
1624984258.041,0,56.58
1624984258.048,1,59.03
1624984258.151,0,57.9
1624984258.154,1,59.59
1624984258.257,0,79.73
1624984258.261,1,74.11
1624984258.366,0,107.35
1624984258.37,1,118.6
1624984258.474,0,50.53
1624984258.477,1,56.34
1624984258.58,0,49.95
1624984258.583,1,56.88
1624984258.687,0,49.48
1624984258.695,1,58.26
1624984258.798,0,48.85
1624984258.801,1,70.53
1624984258.904,0,51.5
1624984258.907,1,89.32
1624984259.01,0,56.73
1624984259.015,1,58.61
1624984259.118,0,74.36
1624984259.122,1,73.0
1624984259.225,0,116.0
1624984259.227,1,119.21
1624984259.33,0,50.61
1624984259.333,1,55.74
1624984259.437,0,50.09
1624984259.439,1,56.17
1624984259.543,0,49.05
1624984259.546,1,59.34
1624984259.65,0,49.16
1624984259.653,1,70.8
1624984259.756,0,52.71
1624984259.76,1,83.42
1624984259.863,0,58.22
1624984259.866,1,59.9
1624984259.97,0,64.14
1624984259.974,1,64.11
1624984260.078,0,77.23
1624984260.083,1,76.41
1624984260.186,0,86.33
1624984260.189,1,102.09
1624984260.292,0,50.54
1624984260.295,1,55.96
1624984260.398,0,49.82
1624984260.401,1,56.36
1624984260.505,0,48.62
1624984260.512,1,60.23
1624984260.615,0,50.21
1624984260.618,1,89.02
1624984260.721,0,56.15
1624984260.724,1,58.87
1624984260.827,0,63.17
1624984260.831,1,64.12
1624984260.934,0,86.99
1624984260.937,1,84.89
1624984261.04,0,85.77
1624984261.043,1,108.66
1624984261.146,0,50.54
1624984261.149,1,56.55
1624984261.254,0,50.13
1624984261.259,1,56.68
1624984261.363,0,49.01
1624984261.366,1,60.08
1624984261.469,0,49.48
1624984261.472,1,72.5
1624984261.575,0,53.76
1624984261.578,1,67.87
1624984261.682,0,56.19
1624984261.686,1,58.65
1624984261.789,0,64.71
1624984261.793,1,65.84
1624984261.896,0,115.23
1624984261.899,1,107.93
1624984262.002,0,50.5
1624984262.005,1,67.81
1624984262.108,0,50.28
1624984262.112,1,56.38
1624984262.217,0,49.8
1624984262.22,1,56.65
1624984262.323,0,49.04
1624984262.326,1,68.31
1624984262.429,0,53.73
1624984262.432,1,74.25
1624984262.537,0,58.61
1624984262.543,1,60.72
1624984262.646,0,71.04
1624984262.65,1,71.42
1624984262.753,0,112.14
1624984262.756,1,105.5
1624984262.859,0,50.53
1624984262.862,1,55.97
1624984262.965,0,50.25
1624984262.97,1,56.51
1624984263.074,0,49.16
1624984263.077,1,59.43
1624984263.18,0,48.91
1624984263.183,1,67.14
1624984263.287,0,51.5
1624984263.29,1,93.14
1624984263.393,0,54.52
1624984263.399,1,67.2
1624984263.502,0,60.56
1624984263.505,1,61.67
1624984263.608,0,68.21
1624984263.612,1,68.09
1624984263.715,0,112.08
1624984263.717,1,113.5
1624984263.821,0,50.41
1624984263.824,1,55.82
1624984263.927,0,50.22
1624984263.931,1,56.59
1624984264.035,0,49.74
1624984264.038,1,57.87
1624984264.142,0,49.48
1624984264.145,1,75.01
1624984264.248,0,53.18
1624984264.25,1,82.07
1624984264.353,0,58.74
1624984264.357,1,59.75
1624984264.462,0,61.25
1624984264.466,1,62.38
1624984264.569,0,70.8
1624984264.572,1,70.41
1624984264.675,0,89.6
1624984264.678,1,91.97
1624984264.783,0,50.57
1624984264.787,1,79.82
1624984264.892,0,50.38
1624984264.895,1,55.97
1624984264.998,0,50.18
1624984265.001,1,56.37
1624984265.105,0,49.19
1624984265.108,1,59.76
1624984265.211,0,49.67
1624984265.215,1,73.18
1624984265.318,0,53.29
1624984265.32,1,89.81
1624984265.426,0,56.74
1624984265.429,1,58.8
1624984265.532,0,62.58
1624984265.535,1,64.01
1624984265.638,0,88.78
1624984265.642,1,81.9
1624984265.746,0,90.08
1624984265.749,1,110.52
1624984265.852,0,50.51
1624984265.857,1,55.74
1624984265.961,0,50.34
1624984265.964,1,56.22
1624984266.068,0,49.7
1624984266.071,1,56.94
1624984266.174,0,48.92
1624984266.177,1,67.62
1624984266.28,0,52.62
1624984266.283,1,91.12
1624984266.387,0,58.49
1624984266.391,1,60.45
1624984266.495,0,73.74
1624984266.499,1,72.41
1624984266.602,0,95.55
1624984266.605,1,91.63
1624984266.709,0,77.96
1624984266.712,1,99.78
1624984266.814,0,50.57
1624984266.821,1,55.6
1624984266.924,0,50.26
1624984266.927,1,56.43
1624984267.03,0,49.77
1624984267.033,1,57.22
1624984267.136,0,48.87
1624984267.139,1,67.97
1624984267.242,0,51.83
1624984267.246,1,84.56
1624984267.35,0,55.91
1624984267.357,1,64.44
1624984267.46,0,60.14
1624984267.463,1,61.16
1624984267.566,0,81.88
1624984267.57,1,79.09
1624984267.673,0,89.68
1624984267.676,1,110.26
1624984267.779,0,50.57
1624984267.784,1,67.22
1624984267.887,0,50.34
1624984267.89,1,56.69
1624984267.993,0,49.16
1624984267.996,1,58.3
1624984268.1,0,49.38
1624984268.103,1,76.71
1624984268.205,0,53.16
1624984268.21,1,90.37
1624984268.313,0,55.4
1624984268.317,1,57.93
1624984268.42,0,60.81
1624984268.423,1,62.31
1624984268.526,0,74.61
1624984268.532,1,72.51
1624984268.635,0,109.26
1624984268.638,1,124.66
1624984268.741,0,50.51
1624984268.744,1,55.83
1624984268.847,0,50.57
1624984268.853,1,56.27
1624984268.956,0,49.75
1624984268.959,1,57.39
1624984269.063,0,49.13
1624984269.065,1,71.11
1624984269.168,0,51.24
1624984269.174,1,95.3
1624984269.276,0,57.01
1624984269.28,1,58.96
1624984269.383,0,68.15
1624984269.386,1,68.14
1624984269.489,0,127.45
1624984269.495,1,129.13
1624984269.597,0,50.45
1624984269.601,1,56.04
1624984269.704,0,49.99
1624984269.707,1,56.62
1624984269.81,0,48.62
1624984269.815,1,61.94
1624984269.918,0,51.06
1624984269.921,1,94.35
1624984270.024,0,56.23
1624984270.027,1,58.47
1624984270.13,0,65.56
1624984270.136,1,65.93
1624984270.239,0,79.82
1624984270.243,1,76.0
1624984270.346,0,81.19
1624984270.348,1,105.62
1624984270.451,0,50.63
1624984270.456,1,56.42
1624984270.56,0,50.35
1624984270.563,1,56.24
1624984270.666,0,49.29
1624984270.669,1,58.83
1624984270.773,0,49.32
1624984270.777,1,70.71
1624984270.88,0,55.23
1624984270.883,1,67.93
1624984270.986,0,60.07
1624984270.99,1,61.48
1624984271.092,0,66.06
1624984271.099,1,67.09
1624984271.202,0,114.71
1624984271.205,1,109.3
1624984271.308,0,50.6
1624984271.311,1,56.03
1624984271.414,0,50.38
1624984271.419,1,56.47
1624984271.523,0,49.77
1624984271.526,1,57.03
1624984271.629,0,49.17
1624984271.632,1,64.84
1624984271.735,0,50.24
1624984271.74,1,87.43
1624984271.843,0,53.6
1624984271.846,1,67.4
1624984271.949,0,60.4
1624984271.952,1,61.81
1624984272.055,0,69.89
1624984272.062,1,70.87
1624984272.164,0,112.44
1624984272.168,1,107.33
1624984272.27,0,50.56
1624984272.273,1,55.95
1624984272.377,0,50.18
1624984272.382,1,56.36
1624984272.485,0,49.74
1624984272.488,1,57.55
1624984272.592,0,49.29
1624984272.595,1,70.75
1624984272.698,0,52.6
1624984272.703,1,85.31
1624984272.806,0,56.99
1624984272.809,1,58.87
1624984272.912,0,70.04
1624984272.915,1,70.44
1624984273.018,0,122.93
1624984273.024,1,119.21
1624984273.127,0,50.57
1624984273.13,1,75.89
1624984273.233,0,50.28
1624984273.236,1,56.35
1624984273.339,0,49.57
1624984273.345,1,57.76
1624984273.448,0,49.25
1624984273.451,1,69.56
1624984273.554,0,51.69
1624984273.557,1,92.36
1624984273.66,0,56.66
1624984273.666,1,58.71
1624984273.769,0,57.11
1624984273.772,1,59.07
1624984273.875,0,80.68
1624984273.879,1,77.39
1624984273.982,0,94.54
1624984273.987,1,106.52
1624984274.09,0,50.5
1624984274.093,1,55.45
1624984274.196,0,50.37
1624984274.199,1,56.65
1624984274.302,0,49.83
1624984274.308,1,57.28
1624984274.413,0,48.97
1624984274.416,1,68.41
1624984274.518,0,51.88
1624984274.521,1,90.14
1624984274.624,0,61.73
1624984274.629,1,62.39
1624984274.732,0,69.38
1624984274.736,1,69.93
1624984274.838,0,84.66
1624984274.842,1,82.3
1624984274.945,0,55.59
1624984274.95,1,83.9
1624984275.052,0,50.17
1624984275.055,1,56.22
1624984275.159,0,49.77
1624984275.162,1,57.78
1624984275.265,0,49.05
1624984275.27,1,63.11
1624984275.373,0,51.24
1624984275.376,1,95.13
1624984275.479,0,58.74
1624984275.482,1,60.54
1624984275.585,0,65.35
1624984275.592,1,65.72
1624984275.694,0,96.25
1624984275.698,1,90.2
1624984275.801,0,90.76
1624984275.803,1,107.7
1624984275.906,0,50.58
1624984275.909,1,56.3
1624984276.013,0,49.56
1624984276.016,1,57.76
1624984276.119,0,49.1
1624984276.122,1,64.83
1624984276.225,0,51.42
1624984276.228,1,77.98
1624984276.333,0,55.71
1624984276.337,1,65.11
1624984276.44,0,58.4
1624984276.443,1,60.28
1624984276.546,0,74.12
1624984276.55,1,71.62
1624984276.654,0,85.75
1624984276.658,1,83.25
1624984276.761,0,74.21
1624984276.763,1,104.95
1624984276.866,0,49.56
1624984276.869,1,54.67
1624984276.975,0,48.84
1624984276.978,1,66.82
1624984277.081,0,53.76
1624984277.084,1,73.6
1624984277.187,0,55.19
1624984277.192,1,57.76
1624984277.296,0,63.7
1624984277.299,1,64.07
1624984277.402,0,82.13
1624984277.406,1,81.34
1624984277.509,0,74.36
1624984277.511,1,104.52
1624984277.617,0,50.41
1624984277.62,1,56.25
1624984277.723,0,50.12
1624984277.726,1,56.29
1624984277.829,0,48.85
1624984277.832,1,62.35
1624984277.938,0,51.07
1624984277.941,1,94.43
1624984278.043,0,56.48
1624984278.047,1,58.37
1624984278.15,0,65.39
1624984278.153,1,65.05
1624984278.258,0,88.52
1624984278.262,1,85.53
1624984278.365,0,74.48
1624984278.367,1,98.92
1624984278.47,0,50.18
1624984278.473,1,56.06
1624984278.58,0,49.45
1624984278.583,1,58.31
1624984278.686,0,49.03
1624984278.689,1,67.46
1624984278.792,0,51.03
1624984278.796,1,89.3
1624984278.9,0,56.46
1624984278.903,1,58.89
1624984279.006,0,63.02
1624984279.01,1,65.19
1624984279.113,0,77.96
1624984279.116,1,73.42
1624984279.221,0,72.5
1624984279.224,1,90.28
1624984279.327,0,50.54
1624984279.33,1,55.66
1624984279.433,0,50.12
1624984279.436,1,56.62
1624984279.543,0,48.62
1624984279.545,1,61.71
1624984279.649,0,50.5
1624984279.651,1,90.12
1624984279.754,0,56.03
1624984279.758,1,62.46
1624984279.863,0,59.08
1624984279.867,1,60.78
1624984279.97,0,72.07
1624984279.973,1,72.27
1624984280.076,0,114.1
1624984280.079,1,113.28
1624984280.184,0,53.07
1624984280.186,1,79.48
1624984280.289,0,50.28
1624984280.292,1,56.5
1624984280.396,0,49.0
1624984280.398,1,58.73
1624984280.505,0,49.67
1624984280.507,1,69.88
1624984280.61,0,50.28
1624984280.613,1,79.66
1624984280.716,0,55.3
1624984280.719,1,80.68
1624984280.825,0,56.11
1624984280.828,1,58.57
1624984280.931,0,66.46
1624984280.935,1,66.32
1624984281.038,0,79.07
1624984281.041,1,74.67
1624984281.146,0,90.46
1624984281.149,1,103.16
1624984281.252,0,50.64
1624984281.255,1,63.89
1624984281.358,0,50.47
1624984281.361,1,56.03
1624984281.467,0,50.04
1624984281.47,1,57.07
1624984281.573,0,48.76
1624984281.576,1,65.61
1624984281.679,0,51.07
1624984281.682,1,84.34
1624984281.788,0,55.61
1624984281.791,1,64.66
1624984281.894,0,64.29
1624984281.898,1,65.18
1624984282.001,0,106.7
1624984282.004,1,96.09
1624984282.109,0,50.57
1624984282.112,1,55.8
1624984282.215,0,49.87
1624984282.218,1,55.28
1624984282.322,0,48.69
1624984282.325,1,62.25
1624984282.431,0,50.82
1624984282.434,1,87.22
1624984282.536,0,55.23
1624984282.54,1,57.59
1624984282.643,0,59.13
1624984282.646,1,60.22
1624984282.751,0,77.91
1624984282.755,1,76.58
1624984282.858,0,115.84
1624984282.861,1,115.48
1624984282.964,0,50.6
1624984282.967,1,55.9
1624984283.072,0,50.06
1624984283.075,1,56.91
1624984283.178,0,48.78
1624984283.181,1,60.42
1624984283.285,0,49.66
1624984283.287,1,71.37
1624984283.393,0,51.79
1624984283.396,1,82.11
1624984283.498,0,58.59
1624984283.502,1,60.21
1624984283.605,0,81.15
1624984283.608,1,73.21
1624984283.713,0,83.66
1624984283.716,1,100.65
1624984283.819,0,50.6
1624984283.822,1,56.04
1624984283.925,0,50.15
1624984283.928,1,56.46
1624984284.036,0,49.24
1624984284.04,1,58.18
1624984284.143,0,49.48
1624984284.146,1,74.71
1624984284.249,0,54.78
1624984284.255,1,66.62
1624984284.357,0,63.17
1624984284.361,1,64.6
1624984284.464,0,74.38
1624984284.467,1,72.86
1624984284.57,0,87.42
1624984284.576,1,84.9
1624984284.679,0,50.69
1624984284.682,1,75.86
1624984284.785,0,50.25
1624984284.787,1,56.37
1624984284.891,0,49.79
1624984284.897,1,58.08
1624984285.0,0,49.0
1624984285.003,1,67.34
1624984285.106,0,50.76
1624984285.11,1,92.99
1624984285.213,0,56.1
1624984285.218,1,58.09
1624984285.321,0,66.6
1624984285.324,1,67.41
1624984285.427,0,109.84
1624984285.43,1,104.46
1624984285.533,0,50.56
1624984285.538,1,74.93
1624984285.641,0,50.39
1624984285.644,1,56.1
1624984285.748,0,48.87
1624984285.751,1,59.91
1624984285.854,0,49.86
1624984285.859,1,70.99
1624984285.962,0,53.45
1624984285.965,1,68.14
1624984286.068,0,56.42
1624984286.071,1,58.7
1624984286.174,0,62.42
1624984286.181,1,63.62
1624984286.284,0,110.55
1624984286.287,1,104.98
1624984286.39,0,50.6
1624984286.393,1,59.74
1624984286.496,0,50.41
1624984286.502,1,56.22
1624984286.605,0,49.7
1624984286.608,1,56.94
1624984286.711,0,48.62
1624984286.714,1,62.49
1624984286.818,0,49.97
1624984286.822,1,79.64
1624984286.925,0,55.09
1624984286.928,1,65.54
1624984287.031,0,62.66
1624984287.035,1,63.39
1624984287.138,0,87.87
1624984287.144,1,84.4
1624984287.247,0,98.34
1624984287.25,1,117.31
1624984287.352,0,50.53
1624984287.355,1,56.13
1624984287.459,0,50.31
1624984287.464,1,56.49
1624984287.568,0,49.3
1624984287.57,1,69.47
1624984287.673,0,51.14
1624984287.676,1,85.44
1624984287.779,0,52.77
1624984287.785,1,73.83
1624984287.889,0,62.19
1624984287.892,1,63.42
1624984287.995,0,75.76
1624984287.999,1,74.44
1624984288.102,0,118.74
1624984288.106,1,126.64
1624984288.209,0,50.73
1624984288.212,1,56.04
1624984288.315,0,50.32
1624984288.318,1,56.59
1624984288.421,0,49.84
1624984288.427,1,56.9
1624984288.53,0,49.12
1624984288.533,1,68.28
1624984288.636,0,52.42
1624984288.639,1,78.98
1624984288.742,0,56.04
1624984288.748,1,58.28
1624984288.851,0,64.56
1624984288.854,1,65.49
1624984288.957,0,101.4
1624984288.96,1,96.24
1624984289.063,0,85.1
1624984289.069,1,103.38
1624984289.172,0,50.48
1624984289.175,1,56.1
1624984289.278,0,49.96
1624984289.281,1,57.3
1624984289.385,0,49.22
1624984289.389,1,59.55
1624984289.493,0,50.25
1624984289.496,1,73.63
1624984289.598,0,53.51
1624984289.601,1,67.06
1624984289.704,0,60.02
1624984289.711,1,61.65
1624984289.813,0,62.9
1624984289.817,1,63.65
1624984289.92,0,72.92
1624984289.923,1,72.62
1624984290.026,0,80.86
1624984290.031,1,102.21
1624984290.134,0,50.6
1624984290.137,1,55.72
1624984290.241,0,50.22
1624984290.243,1,56.96
1624984290.347,0,48.97
1624984290.352,1,60.64
1624984290.456,0,50.09
1624984290.459,1,82.92
1624984290.561,0,54.27
1624984290.565,1,62.86
1624984290.668,0,60.0
1624984290.673,1,61.4
1624984290.777,0,83.11
1624984290.78,1,79.64
1624984290.883,0,101.46
1624984290.886,1,121.65
1624984290.989,0,50.59
1624984290.994,1,56.25
1624984291.097,0,50.22
1624984291.1,1,56.87
1624984291.204,0,48.81
1624984291.207,1,60.86
1624984291.31,0,51.49
1624984291.315,1,85.61
1624984291.419,0,54.85
1624984291.422,1,67.17
1624984291.525,0,62.04
1624984291.528,1,63.26
1624984291.631,0,75.1
1624984291.637,1,72.61
1624984291.741,0,92.44
1624984291.744,1,89.14
1624984291.847,0,50.66
1624984291.85,1,56.19
1624984291.953,0,50.47
1624984291.957,1,55.76
1624984292.066,0,50.47
1624984292.069,1,56.68
1624984292.172,0,49.68
1624984292.178,1,57.22
1624984292.281,0,48.83
1624984292.284,1,67.45
1624984292.387,0,50.67
1624984292.39,1,95.04
1624984292.493,0,54.31
1624984292.499,1,66.8
1624984292.602,0,61.66
1624984292.605,1,62.59
1624984292.71,0,83.48
1624984292.713,1,79.04
1624984292.816,0,87.95
1624984292.82,1,108.83
1624984292.923,0,50.57
1624984292.926,1,56.0
1624984293.029,0,49.99
1624984293.032,1,56.94
1624984293.136,0,49.16
1624984293.141,1,60.0
1624984293.244,0,50.31
1624984293.247,1,85.71
1624984293.35,0,56.31
1624984293.353,1,58.66
1624984293.456,0,57.25
1624984293.462,1,59.49
1624984293.565,0,68.93
1624984293.569,1,69.41
1624984293.672,0,111.92
1624984293.675,1,106.15
1624984293.778,0,50.63
1624984293.783,1,101.58
1624984293.891,0,50.63
1624984293.894,1,55.94
1624984293.998,0,50.34
1624984294.003,1,56.3
1624984294.107,0,49.54
1624984294.11,1,58.18
1624984294.214,0,49.19
1624984294.217,1,66.7
1624984294.32,0,51.34
1624984294.324,1,83.9
1624984294.427,0,56.62
1624984294.43,1,58.75
1624984294.533,0,62.77
1624984294.537,1,61.98
1624984294.642,0,88.52
1624984294.646,1,83.8
1624984294.749,0,62.47
1624984294.751,1,85.78
1624984294.854,0,50.63
1624984294.857,1,56.35
1624984294.961,0,50.28
1624984294.966,1,56.32
1624984295.069,0,48.78
1624984295.072,1,61.69
1624984295.176,0,50.14
1624984295.179,1,83.22
1624984295.281,0,54.35
1624984295.287,1,67.91
1624984295.39,0,58.6
1624984295.393,1,60.47
1624984295.496,0,83.43
1624984295.499,1,80.74
1624984295.602,0,98.91
1624984295.608,1,95.68
1624984295.711,0,50.63
1624984295.714,1,55.66
1624984295.817,0,50.28
1624984295.82,1,56.69
1624984295.929,0,50.04
1624984295.932,1,57.74
1624984296.035,0,48.92
1624984296.038,1,66.19
1624984296.141,0,51.52
1624984296.144,1,93.56
1624984296.248,0,57.56
1624984296.251,1,59.35
1624984296.355,0,64.11
1624984296.358,1,64.67
1624984296.461,0,102.89
1624984296.465,1,97.9
1624984296.568,0,50.97
1624984296.57,1,81.75
1624984296.673,0,50.4
1624984296.676,1,56.45
1624984296.782,0,49.67
1624984296.785,1,57.86
1624984296.889,0,48.71
1624984296.892,1,65.33
1624984296.995,0,51.13
1624984296.997,1,95.41
1624984297.1,0,56.54
1624984297.104,1,59.08
1624984297.207,0,66.81
1624984297.212,1,67.84
1624984297.315,0,106.79
1624984297.318,1,98.32
1624984297.421,0,62.58
1624984297.424,1,83.73
1624984297.527,0,50.57
1624984297.533,1,56.38
1624984297.636,0,50.27
1624984297.641,1,56.54
1624984297.744,0,48.94
1624984297.747,1,61.8
1624984297.851,0,49.9
1624984297.854,1,74.57
1624984297.957,0,55.28
1624984297.96,1,67.22
1624984298.063,0,60.59
1624984298.066,1,59.95
1624984298.175,0,63.49
1624984298.178,1,64.16
1624984298.281,0,97.51
1624984298.284,1,93.82
1624984298.387,0,82.39
1624984298.39,1,109.08
1624984298.493,0,50.57
1624984298.496,1,56.07
1624984298.602,0,50.35
1624984298.605,1,56.95
1624984298.708,0,49.73
1624984298.711,1,57.97
1624984298.815,0,49.77
1624984298.818,1,77.16
1624984298.92,0,53.43
1624984298.923,1,70.61
1624984299.026,0,55.51
1624984299.029,1,58.09
1624984299.133,0,63.83
1624984299.138,1,65.05
1624984299.241,0,83.09
1624984299.246,1,77.7
1624984299.349,0,71.4
1624984299.352,1,91.04
1624984299.454,0,50.67
1624984299.459,1,56.11
1624984299.564,0,50.25
1624984299.567,1,56.43
1624984299.67,0,49.38
1624984299.673,1,60.26
1624984299.776,0,50.11
1624984299.78,1,80.45
1624984299.883,0,53.74
1624984299.886,1,75.65
1624984299.989,0,55.9
1624984299.992,1,58.26
1624984300.095,0,59.08
1624984300.101,1,60.78
1624984300.204,0,73.67
1624984300.207,1,73.0
1624984300.31,0,101.22
1624984300.313,1,92.97
1624984300.418,0,60.65
1624984300.422,1,86.26
1624984300.525,0,50.55
1624984300.528,1,56.25
1624984300.632,0,50.12
1624984300.634,1,57.05
1624984300.738,0,48.87
1624984300.743,1,65.01
1624984300.846,0,51.46
1624984300.85,1,94.57
1624984300.953,0,56.56
1624984300.957,1,58.51
1624984301.06,0,58.23
1624984301.064,1,60.42
1624984301.167,0,78.02
1624984301.171,1,75.93
1624984301.274,0,101.72
1624984301.276,1,123.07
1624984301.379,0,50.63
1624984301.385,1,55.83
1624984301.489,0,50.43
1624984301.492,1,56.71
1624984301.595,0,48.68
1624984301.598,1,61.93
1624984301.701,0,50.31
1624984301.706,1,82.51
1624984301.809,0,57.48
1624984301.812,1,59.06
1624984301.915,0,65.68
1624984301.919,1,66.41
1624984302.023,0,71.55
1624984302.028,1,71.47
1624984302.131,0,118.69
1624984302.134,1,117.91
1624984302.236,0,50.59
1624984302.239,1,60.2
1624984302.343,0,50.28
1624984302.348,1,56.44
1624984302.452,0,49.93
1624984302.456,1,57.58
1624984302.56,0,48.52
1624984302.562,1,62.45
1624984302.666,0,50.31
1624984302.67,1,75.49
1624984302.773,0,54.33
1624984302.775,1,67.79
1624984302.878,0,59.72
1624984302.882,1,61.7
1624984302.985,0,73.5
1624984302.991,1,73.47
1624984303.094,0,109.27
1624984303.097,1,116.7
1624984303.2,0,50.66
1624984303.202,1,56.34
1624984303.306,0,50.43
1624984303.312,1,56.53
1624984303.415,0,49.67
1624984303.418,1,57.57
1624984303.521,0,49.48
1624984303.524,1,71.44
1624984303.628,0,54.01
1624984303.632,1,72.61
1624984303.735,0,58.85
1624984303.739,1,60.65
1624984303.842,0,65.54
1624984303.845,1,66.67
1624984303.948,0,73.02
1624984303.954,1,72.35
1624984304.057,0,96.52
1624984304.061,1,119.39
1624984304.164,0,50.64
1624984304.167,1,55.66
1624984304.27,0,50.29
1624984304.275,1,56.87
1624984304.378,0,49.77
1624984304.381,1,57.95
1624984304.484,0,49.02
1624984304.487,1,64.73
1624984304.59,0,51.32
1624984304.596,1,85.59
1624984304.699,0,56.48
1624984304.702,1,58.62
1624984304.805,0,68.57
1624984304.809,1,68.85
1624984304.912,0,91.05
1624984304.917,1,88.28
1624984305.02,0,80.73
1624984305.023,1,102.48
1624984305.126,0,50.63
1624984305.129,1,56.03
1624984305.233,0,50.28
1624984305.238,1,56.87
1624984305.341,0,49.03
1624984305.344,1,60.79
1624984305.448,0,49.92
1624984305.45,1,78.65
1624984305.553,0,53.43
1624984305.558,1,86.84
1624984305.661,0,55.77
1624984305.665,1,58.13
1624984305.769,0,59.12
1624984305.772,1,61.0
1624984305.875,0,86.83
1624984305.88,1,84.26
1624984305.983,0,68.05
1624984305.986,1,89.77
1624984306.089,0,50.6
1624984306.092,1,56.3
1624984306.195,0,50.28
1624984306.2,1,56.82
1624984306.304,0,49.38
1624984306.307,1,58.34
1624984306.41,0,49.38
1624984306.413,1,74.69
1624984306.516,0,52.83
1624984306.521,1,78.63
1624984306.624,0,57.8
1624984306.627,1,59.28
1624984306.73,0,62.33
1624984306.734,1,63.85
1624984306.837,0,79.97
1624984306.843,1,78.36
1624984306.946,0,93.92
1624984306.948,1,101.5
1624984307.051,0,50.58
1624984307.054,1,56.0
1624984307.158,0,50.25
1624984307.163,1,56.76
1624984307.267,0,49.87
1624984307.269,1,57.3
1624984307.373,0,48.6
1624984307.376,1,63.69
1624984307.479,0,50.63
1624984307.484,1,77.8
1624984307.587,0,55.3
1624984307.59,1,67.76
1624984307.693,0,60.94
1624984307.696,1,63.02
1624984307.799,0,75.5
1624984307.805,1,74.48
1624984307.908,0,102.99
1624984307.911,1,95.63
1624984308.014,0,50.55
1624984308.017,1,55.97
1624984308.12,0,50.15
1624984308.125,1,56.7
1624984308.229,0,48.7
1624984308.232,1,62.47
1624984308.335,0,50.21
1624984308.338,1,76.17
1624984308.441,0,52.63
1624984308.446,1,82.39
1624984308.549,0,63.53
1624984308.553,1,63.61
1624984308.656,0,95.14
1624984308.659,1,91.45
1624984308.762,0,86.45
1624984308.767,1,104.62
1624984308.87,0,50.62
1624984308.873,1,63.11
1624984308.976,0,50.37
1624984308.979,1,56.64
1624984309.082,0,49.54
1624984309.088,1,58.51
1624984309.191,0,48.93
1624984309.194,1,66.71
1624984309.297,0,51.8
1624984309.3,1,96.05
1624984309.403,0,54.35
1624984309.409,1,66.94
1624984309.512,0,59.82
1624984309.515,1,61.79
1624984309.618,0,81.22
1624984309.622,1,77.28
1624984309.725,0,73.85
1624984309.73,1,72.72
1624984309.833,0,91.83
1624984309.836,1,114.74
1624984309.938,0,50.6
1624984309.941,1,56.44
1624984310.045,0,50.47
1624984310.051,1,56.47
1624984310.154,0,48.71
1624984310.157,1,63.07
1624984310.26,0,51.27
1624984310.263,1,93.31
1624984310.366,0,54.67
1624984310.371,1,64.4
1624984310.474,0,63.2
1624984310.477,1,64.05
1624984310.58,0,75.07
1624984310.584,1,72.86
1624984310.687,0,82.65
1624984310.692,1,95.73
1624984310.795,0,50.57
1624984310.798,1,56.07
1624984310.901,0,50.28
1624984310.904,1,56.76
1624984311.007,0,49.77
1624984311.013,1,57.47
1624984311.117,0,49.7
1624984311.119,1,75.7
1624984311.222,0,48.01
1624984311.225,1,50.34
1624984311.328,0,63.8
1624984311.334,1,63.69
1624984311.437,0,106.11
1624984311.44,1,99.35
1624984311.544,0,56.12
1624984311.547,1,103.88
1624984311.652,0,50.44
1624984311.655,1,56.42
1624984311.759,0,49.56
1624984311.762,1,57.93
1624984311.866,0,49.16
1624984311.868,1,68.31
1624984311.974,0,52.16
1624984311.977,1,90.57
1624984312.08,0,56.83
1624984312.084,1,58.89
1624984312.187,0,63.1
1624984312.19,1,64.15
1624984312.294,0,77.54
1624984312.298,1,75.94
1624984312.401,0,101.53
1624984312.404,1,122.52
1624984312.507,0,50.59
1624984312.51,1,55.9
1624984312.616,0,50.47
1624984312.618,1,56.47
1624984312.722,0,49.44
1624984312.725,1,59.28
1624984312.828,0,50.19
1624984312.831,1,70.5
1624984312.937,0,51.35
1624984312.94,1,89.0
1624984313.042,0,56.84
1624984313.046,1,60.43
1624984313.151,0,59.96
1624984313.154,1,61.29
1624984313.258,0,69.76
1624984313.261,1,67.65
1624984313.365,0,102.99
1624984313.368,1,96.64
1624984313.471,0,61.4
1624984313.474,1,95.81
1624984313.579,0,50.6
1624984313.583,1,55.9
1624984313.687,0,50.21
1624984313.689,1,57.3
1624984313.793,0,48.92
1624984313.796,1,62.26
1624984313.9,0,49.75
1624984313.903,1,73.9
1624984314.006,0,51.74
1624984314.008,1,86.11
1624984314.111,0,55.72
1624984314.115,1,58.24
1624984314.22,0,62.62
1624984314.224,1,63.37
1624984314.327,0,89.71
1624984314.33,1,85.03
1624984314.433,0,60.95
1624984314.436,1,104.01
1624984314.541,0,50.63
1624984314.544,1,56.15
1624984314.647,0,49.96
1624984314.65,1,57.18
1624984314.755,0,49.54
1624984314.758,1,70.56
1624984314.862,0,52.36
1624984314.865,1,89.07
1624984314.968,0,57.35
1624984314.972,1,59.29
1624984315.075,0,59.77
1624984315.078,1,61.0
1624984315.183,0,66.35
1624984315.187,1,67.0
1624984315.29,0,108.67
1624984315.293,1,102.68
1624984315.396,0,50.66
1624984315.399,1,76.84
1624984315.504,0,50.52
1624984315.507,1,56.43
1624984315.61,0,50.02
1624984315.613,1,57.07
1624984315.716,0,48.62
1624984315.719,1,61.03
1624984315.825,0,50.81
1624984315.828,1,94.39
1624984315.931,0,55.77
1624984315.934,1,58.1
1624984316.037,0,63.78
1624984316.041,1,63.9
1624984316.146,0,103.99
1624984316.149,1,99.16
1624984316.252,0,88.22
1624984316.255,1,112.05
1624984316.359,0,50.58
1624984316.362,1,55.99
1624984316.467,0,50.18
1624984316.47,1,56.94
1624984316.574,0,49.51
1624984316.576,1,59.94
1624984316.68,0,50.48
1624984316.683,1,79.71
1624984316.788,0,53.79
1624984316.791,1,66.64
1624984316.894,0,65.28
1624984316.897,1,66.02
1624984317.0,0,73.6
1624984317.004,1,70.76
1624984317.109,0,113.96
1624984317.112,1,110.5
1624984317.215,0,50.79
1624984317.218,1,55.74
1624984317.321,0,50.15
1624984317.324,1,56.3
1624984317.43,0,48.92
1624984317.433,1,61.02
1624984317.536,0,49.89
1624984317.539,1,78.08
1624984317.642,0,54.09
1624984317.645,1,88.6
1624984317.751,0,57.95
1624984317.754,1,59.93
1624984317.857,0,69.26
1624984317.861,1,69.85
1624984317.964,0,103.46
1624984317.966,1,124.06
1624984318.071,0,50.76
1624984318.074,1,58.82
1624984318.178,0,50.66
1624984318.18,1,56.46
1624984318.284,0,49.71
1624984318.287,1,57.13
1624984318.393,0,48.73
1624984318.396,1,60.83
1624984318.499,0,50.57
1624984318.502,1,82.31
1624984318.605,0,55.96
1624984318.608,1,67.68
1624984318.713,0,59.66
1624984318.717,1,61.74
1624984318.82,0,77.54
1624984318.823,1,75.83
1624984318.926,0,86.75
1624984318.929,1,120.93
1624984319.034,0,50.7
1624984319.037,1,56.12
1624984319.141,0,50.09
1624984319.143,1,56.8
1624984319.247,0,48.74
1624984319.25,1,60.3
1624984319.355,0,51.57
1624984319.358,1,91.42
1624984319.461,0,57.68
1624984319.464,1,59.39
1624984319.568,0,58.73
1624984319.575,1,60.93
1624984319.677,0,87.03
1624984319.681,1,87.13
1624984319.784,0,86.76
1624984319.786,1,104.28
1624984319.889,0,50.6
1624984319.896,1,56.49
1624984320.0,0,49.82
1624984320.003,1,57.43
1624984320.107,0,49.19
1624984320.109,1,68.54
1624984320.212,0,52.69
1624984320.216,1,86.06
1624984320.319,0,58.61
1624984320.322,1,60.38
1624984320.425,0,64.54
1624984320.429,1,65.66
1624984320.532,0,72.88
1624984320.537,1,73.32
1624984320.64,0,60.78
1624984320.643,1,90.51
1624984320.746,0,50.62
1624984320.749,1,56.41
1624984320.852,0,50.22
1624984320.858,1,57.45
1624984320.961,0,49.22
1624984320.964,1,60.19
1624984321.068,0,50.2
1624984321.07,1,83.96
1624984321.173,0,55.43
1624984321.179,1,67.13
1624984321.281,0,58.56
1624984321.285,1,60.26
1624984321.388,0,72.28
1624984321.391,1,71.42
1624984321.494,0,130.72
1624984321.501,1,137.56
1624984321.604,0,50.69
1624984321.607,1,55.81
1624984321.71,0,50.17
1624984321.713,1,57.24
1624984321.817,0,49.54
1624984321.821,1,59.62
1624984321.924,0,50.73
1624984321.927,1,81.68
1624984322.03,0,54.81
1624984322.033,1,67.98
1624984322.136,0,59.56
1624984322.142,1,60.87
1624984322.245,0,75.34
1624984322.248,1,74.41
1624984322.351,0,123.82
1624984322.354,1,135.64
1624984322.457,0,50.66
1624984322.462,1,61.35
1624984322.565,0,50.4
1624984322.568,1,56.65
1624984322.673,0,48.97
1624984322.676,1,60.71
1624984322.779,0,50.38
1624984322.783,1,77.5
1624984322.886,0,55.27
1624984322.889,1,67.27
1624984322.992,0,59.22
1624984322.995,1,60.75
1624984323.098,0,76.21
1624984323.106,1,74.04
1624984323.209,0,100.11
1624984323.213,1,95.73
1624984323.316,0,50.73
1624984323.319,1,64.68
1624984323.422,0,50.54
1624984323.426,1,56.63
1624984323.529,0,50.05
1624984323.532,1,56.89
1624984323.636,0,49.31
1624984323.638,1,68.71
1624984323.741,0,52.43
1624984323.746,1,81.01
1624984323.849,0,56.38
1624984323.852,1,58.83
1624984323.955,0,63.99
1624984323.959,1,65.5
1624984324.062,0,81.11
1624984324.067,1,80.68
1624984324.17,0,89.23
1624984324.174,1,83.36
1624984324.278,0,70.86
1624984324.281,1,91.35
1624984324.384,0,50.51
1624984324.388,1,56.59
1624984324.492,0,49.93
1624984324.495,1,57.24
1624984324.598,0,49.03
1624984324.601,1,62.13
1624984324.704,0,50.22
1624984324.711,1,82.74
1624984324.814,0,54.08
1624984324.817,1,77.07
1624984324.92,0,56.76
1624984324.923,1,58.72
1624984325.026,0,60.54
1624984325.032,1,62.32
1624984325.135,0,73.36
1624984325.138,1,72.04
1624984325.241,0,86.64
1624984325.244,1,103.5
1624984325.347,0,50.87
1624984325.35,1,56.29
1624984325.453,0,50.38
1624984325.456,1,56.55
1624984325.56,0,48.82
1624984325.563,1,62.65
1624984325.666,0,51.43
1624984325.669,1,88.55
1624984325.772,0,55.92
1624984325.777,1,64.95
1624984325.881,0,61.51
1624984325.885,1,63.29
1624984325.988,0,77.05
1624984325.991,1,75.26
1624984326.094,0,114.05
1624984326.099,1,121.76
1624984326.202,0,50.63
1624984326.205,1,56.61
1624984326.308,0,50.22
1624984326.311,1,56.96
1624984326.414,0,49.22
1624984326.418,1,60.09
1624984326.521,0,50.05
1624984326.527,1,71.37
1624984326.63,0,54.44
1624984326.633,1,67.69
1624984326.736,0,59.73
1624984326.74,1,61.05
1624984326.843,0,73.44
1624984326.848,1,73.82
1624984326.951,0,117.36
1624984326.954,1,110.07
1624984327.057,0,50.73
1624984327.06,1,65.81
1624984327.163,0,50.35
1624984327.166,1,56.62
1624984327.269,0,49.16
1624984327.272,1,59.72
1624984327.377,0,49.3
1624984327.38,1,74.18
1624984327.483,0,52.62
1624984327.486,1,79.32
1624984327.589,0,58.76
1624984327.592,1,59.7
1624984327.697,0,65.53
1624984327.701,1,66.07
1624984327.804,0,87.88
1624984327.808,1,86.8
1624984327.911,0,82.38
1624984327.913,1,111.89
1624984328.018,0,50.18
1624984328.021,1,56.07
1624984328.125,0,49.06
1624984328.127,1,59.97
1624984328.231,0,50.28
1624984328.234,1,69.76
1624984328.339,0,52.68
1624984328.343,1,86.17
1624984328.446,0,55.17
1624984328.45,1,57.36
1624984328.553,0,66.37
1624984328.556,1,66.18
1624984328.66,0,98.77
1624984328.663,1,94.96
1624984328.766,0,95.24
1624984328.772,1,118.27
1624984328.875,0,50.71
1624984328.878,1,59.04
1624984328.981,0,50.57
1624984328.984,1,56.74
1624984329.089,0,49.9
1624984329.092,1,57.54
1624984329.196,0,49.19
1624984329.199,1,66.96
1624984329.302,0,54.08
1624984329.305,1,87.04
1624984329.408,0,59.74
1624984329.411,1,61.53
1624984329.514,0,69.03
1624984329.518,1,66.89
1624984329.623,0,115.76
1624984329.626,1,121.12
1624984329.729,0,50.62
1624984329.732,1,56.41
1624984329.835,0,50.58
1624984329.838,1,56.77
1624984329.944,0,49.99
1624984329.947,1,57.4
1624984330.05,0,49.16
1624984330.053,1,67.8
1624984330.156,0,53.14
1624984330.159,1,95.08
1624984330.265,0,55.31
1624984330.268,1,63.27
1624984330.371,0,60.37
1624984330.375,1,61.3
1624984330.478,0,63.25
1624984330.485,1,64.31
1624984330.588,0,114.01
1624984330.591,1,121.01
1624984330.694,0,50.78
1624984330.697,1,55.81
1624984330.8,0,50.41
1624984330.803,1,56.51
1624984330.907,0,49.8
1624984330.912,1,57.53
1624984331.015,0,49.4
1624984331.018,1,69.75
1624984331.12,0,53.68
1624984331.123,1,69.86
1624984331.227,0,60.27
1624984331.231,1,62.25
1624984331.334,0,70.48
1624984331.34,1,70.75
1624984331.443,0,87.37
1624984331.446,1,84.99
1624984331.549,0,77.43
1624984331.552,1,98.61
1624984331.655,0,50.47
1624984331.658,1,56.72
1624984331.761,0,50.02
1624984331.764,1,57.55
1624984331.869,0,48.97
1624984331.872,1,65.66
1624984331.975,0,49.96
1624984331.978,1,74.75
1624984332.081,0,51.68
1624984332.084,1,90.54
1624984332.187,0,56.92
1624984332.19,1,58.99
1624984332.293,0,62.16
1624984332.299,1,63.56
1624984332.402,0,81.26
1624984332.406,1,75.6
1624984332.511,0,97.67
1624984332.514,1,112.95
1624984332.617,0,50.43
1624984332.62,1,56.29
1624984332.723,0,50.28
1624984332.732,1,56.74
1624984332.835,0,49.99
1624984332.838,1,57.33
1624984332.942,0,49.21
1624984332.944,1,68.81
1624984333.047,0,52.2
1624984333.05,1,84.39
1624984333.154,0,60.79
1624984333.16,1,61.98
1624984333.263,0,70.4
1624984333.266,1,69.92
1624984333.369,0,112.35
1624984333.372,1,106.08
1624984333.475,0,50.76
1624984333.478,1,61.4
1624984333.581,0,50.28
1624984333.584,1,56.76
1624984333.688,0,49.19
1624984333.691,1,60.45
1624984333.796,0,50.22
1624984333.799,1,75.54
1624984333.903,0,55.45
1624984333.906,1,74.23
1624984334.009,0,57.35
1624984334.013,1,59.24
1624984334.117,0,59.65
1624984334.12,1,61.35
1624984334.223,0,80.31
1624984334.227,1,78.54
1624984334.33,0,118.04
1624984334.333,1,114.93
1624984334.438,0,50.73
1624984334.441,1,61.25
1624984334.544,0,50.6
1624984334.547,1,56.26
1624984334.651,0,49.5
1624984334.654,1,58.85
1624984334.759,0,49.22
1624984334.762,1,68.23
1624984334.864,0,53.03
1624984334.869,1,84.85
1624984334.972,0,57.77
1624984334.976,1,59.57
1624984335.08,0,66.46
1624984335.083,1,67.67
1624984335.186,0,99.01
1624984335.19,1,94.28
1624984335.293,0,54.61
1624984335.296,1,83.71
1624984335.4,0,50.58
1624984335.403,1,55.78
1624984335.508,0,50.31
1624984335.511,1,56.88
1624984335.615,0,48.78
1624984335.618,1,61.27
1624984335.722,0,50.97
1624984335.725,1,87.6
1624984335.828,0,56.38
1624984335.831,1,64.53
1624984335.934,0,60.76
1624984335.938,1,61.49
1624984336.043,0,72.87
1624984336.046,1,72.58
1624984336.149,0,120.08
1624984336.152,1,133.07
1624984336.255,0,50.73
1624984336.258,1,56.62
1624984336.364,0,50.47
1624984336.367,1,56.58
1624984336.47,0,49.61
1624984336.475,1,58.41
1624984336.578,0,49.74
1624984336.581,1,74.48
1624984336.685,0,53.67
1624984336.688,1,85.07
1624984336.791,0,58.71
1624984336.794,1,60.2
1624984336.897,0,64.49
1624984336.901,1,64.09
1624984337.006,0,88.59
1624984337.009,1,85.29
1624984337.112,0,105.77
1624984337.115,1,123.73
1624984337.218,0,50.66
1624984337.221,1,56.2
1624984337.326,0,50.47
1624984337.329,1,56.82
1624984337.433,0,49.57
1624984337.436,1,58.91
1624984337.539,0,49.83
1624984337.542,1,72.9
1624984337.647,0,55.16
1624984337.65,1,66.77
1624984337.753,0,59.71
1624984337.757,1,61.22
1624984337.86,0,66.67
1624984337.863,1,65.92
1624984337.968,0,95.92
1624984337.971,1,91.7
1624984338.074,0,92.41
1624984338.079,1,113.27
1624984338.182,0,50.63
1624984338.185,1,56.13
1624984338.289,0,50.18
1624984338.292,1,56.73
1624984338.396,0,48.52
1624984338.399,1,61.37
1624984338.502,0,50.71
1624984338.505,1,84.84
1624984338.61,0,56.4
1624984338.613,1,58.98
1624984338.716,0,62.23
1624984338.72,1,64.06
1624984338.823,0,93.19
1624984338.826,1,84.41
1624984338.93,0,95.19
1624984338.934,1,106.49
1624984339.036,0,50.74
1624984339.039,1,56.43
1624984339.143,0,50.02
1624984339.146,1,56.74
1624984339.252,0,49.1
1624984339.255,1,59.97
1624984339.358,0,49.51
1624984339.361,1,67.85
1624984339.464,0,55.42
1624984339.467,1,67.93
1624984339.572,0,62.65
1624984339.575,1,63.7
1624984339.678,0,98.68
1624984339.684,1,92.17
1624984339.787,0,89.19
1624984339.79,1,109.18
1624984339.893,0,50.66
1624984339.895,1,56.47
1624984339.999,0,50.15
1624984340.002,1,57.01
1624984340.105,0,48.93
1624984340.109,1,59.76
1624984340.214,0,50.57
1624984340.217,1,88.25
1624984340.319,0,56.48
1624984340.323,1,58.75
1624984340.426,0,60.61
1624984340.43,1,61.05
1624984340.534,0,82.76
1624984340.538,1,78.79
1624984340.641,0,93.59
1624984340.644,1,114.42
1624984340.747,0,50.49
1624984340.75,1,56.57
1624984340.855,0,49.99
1624984340.858,1,56.85
1624984340.962,0,49.05
1624984340.965,1,66.08
1624984341.067,0,52.02
1624984341.071,1,95.34
1624984341.176,0,57.39
1624984341.179,1,59.26
1624984341.282,0,73.88
1624984341.287,1,71.71
1624984341.39,0,103.71
1624984341.393,1,119.06
1624984341.497,0,50.78
1624984341.5,1,68.2
1624984341.603,0,50.65
1624984341.606,1,56.17
1624984341.71,0,49.96
1624984341.713,1,57.3
1624984341.818,0,49.22
1624984341.821,1,69.21
1624984341.924,0,56.38
1624984341.927,1,58.65
1624984342.03,0,65.05
1624984342.035,1,65.3
1624984342.139,0,98.8
1624984342.142,1,95.95
1624984342.245,0,65.19
1624984342.248,1,92.16
1624984342.351,0,50.63
1624984342.355,1,56.55
1624984342.459,0,49.83
1624984342.462,1,56.98
1624984342.566,0,49.03
1624984342.568,1,61.86
1624984342.672,0,49.93
1624984342.676,1,75.42
1624984342.78,0,54.99
1624984342.783,1,66.29
1624984342.886,0,59.01
1624984342.891,1,60.05
1624984342.994,0,75.57
1624984342.999,1,73.87
1624984343.101,0,90.02
1624984343.105,1,88.88
1624984343.208,0,61.02
1624984343.211,1,80.62
1624984343.314,0,50.62
1624984343.319,1,56.13
1624984343.422,0,49.98
1624984343.425,1,57.32
1624984343.528,0,48.97
1624984343.531,1,65.55
1624984343.634,0,51.19
1624984343.64,1,92.04
1624984343.743,0,55.1
1624984343.746,1,57.76
1624984343.849,0,63.13
1624984343.852,1,64.17
1624984343.955,0,80.44
1624984343.961,1,77.96
1624984344.064,0,110.14
1624984344.067,1,104.68
1624984344.17,0,52.88
1624984344.173,1,82.53
1624984344.276,0,50.69
1624984344.281,1,56.2
1624984344.385,0,50.15
1624984344.388,1,57.28
1624984344.491,0,49.03
1624984344.496,1,66.78
1624984344.599,0,50.47
1624984344.603,1,86.74
1624984344.706,0,54.85
1624984344.709,1,67.56
1624984344.812,0,58.24
1624984344.815,1,60.61
1624984344.918,0,61.96
1624984344.924,1,62.4
1624984345.028,0,84.56
1624984345.032,1,82.4
1624984345.135,0,73.75
1624984345.138,1,105.42
1624984345.241,0,50.6
1624984345.245,1,56.3
1624984345.348,0,48.65
1624984345.351,1,56.89
1624984345.454,0,50.27
1624984345.457,1,74.94
1624984345.56,0,56.43
1624984345.566,1,58.4
1624984345.669,0,75.13
1624984345.672,1,74.33
1624984345.775,0,51.7
1624984345.778,1,79.93
1624984345.881,0,49.98
1624984345.887,1,55.31
1624984345.991,0,48.46
1624984345.993,1,61.95
1624984346.096,0,54.95
1624984346.101,1,67.09
1624984346.204,0,59.01
1624984346.209,1,60.71
1624984346.312,0,81.83
1624984346.316,1,80.08
1624984346.419,0,97.57
1624984346.421,1,120.67
1624984346.524,0,50.7
1624984346.529,1,56.03
1624984346.633,0,50.31
1624984346.635,1,56.95
1624984346.739,0,49.83
1624984346.742,1,58.62
1624984346.845,0,49.23
1624984346.85,1,69.55
1624984346.953,0,51.36
1624984346.956,1,97.0
1624984347.059,0,55.62
1624984347.062,1,65.23
1624984347.165,0,61.6
1624984347.171,1,62.8
1624984347.274,0,60.08
1624984347.278,1,61.34
1624984347.381,0,112.52
1624984347.384,1,105.19
1624984347.487,0,50.66
1624984347.492,1,68.36
1624984347.595,0,50.39
1624984347.598,1,56.67
1624984347.701,0,48.94
1624984347.705,1,59.64
1624984347.811,0,50.09
1624984347.814,1,72.42
1624984347.917,0,54.12
1624984347.92,1,67.1
1624984348.023,0,60.22
1624984348.026,1,60.78
1624984348.132,0,89.07
1624984348.135,1,84.61
1624984348.24,0,107.4
1624984348.243,1,128.8
1624984348.346,0,50.86
1624984348.349,1,55.82
1624984348.453,0,50.31
1624984348.456,1,56.12
1624984348.56,0,49.9
1624984348.563,1,58.02
1624984348.666,0,49.22
1624984348.669,1,67.63
1624984348.774,0,52.31
1624984348.777,1,92.98
1624984348.88,0,57.77
1624984348.884,1,59.46
1624984348.986,0,65.92
1624984348.99,1,64.86
1624984349.095,0,75.54
1624984349.098,1,73.89
1624984349.201,0,115.53
1624984349.204,1,128.89
1624984349.307,0,50.25
1624984349.311,1,55.74
1624984349.416,0,48.26
1624984349.419,1,59.7
1624984349.522,0,55.92
1624984349.525,1,66.88
1624984349.628,0,72.98
1624984349.631,1,70.93
1624984349.737,0,50.8
1624984349.74,1,70.34
1624984349.843,0,49.64
1624984349.846,1,54.74
1624984349.949,0,49.09
1624984349.952,1,67.73
1624984350.057,0,52.87
1624984350.06,1,90.63
1624984350.163,0,57.17
1624984350.167,1,59.52
1624984350.27,0,62.69
1624984350.273,1,63.61
1624984350.378,0,90.89
1624984350.382,1,88.45
1624984350.485,0,51.48
1624984350.488,1,80.86
1624984350.591,0,50.37
1624984350.593,1,56.02
1624984350.699,0,49.54
1624984350.703,1,58.2
1624984350.806,0,48.93
1624984350.809,1,62.56
1624984350.912,0,50.75
1624984350.915,1,82.7
1624984351.02,0,56.65
1624984351.024,1,58.83
1624984351.126,0,62.77
1624984351.13,1,64.17
1624984351.233,0,98.06
1624984351.236,1,89.23
1624984351.342,0,100.11
1624984351.345,1,117.86
1624984351.448,0,50.73
1624984351.451,1,56.23
1624984351.554,0,50.21
1624984351.557,1,56.69
1624984351.662,0,48.68
1624984351.665,1,61.46
1624984351.769,0,50.57
1624984351.771,1,84.87
1624984351.874,0,53.85
1624984351.877,1,73.68
1624984351.983,0,59.15
1624984351.986,1,60.9
1624984352.089,0,77.01
1624984352.093,1,75.3
1624984352.196,0,94.89
1624984352.199,1,102.71
1624984352.304,0,64.75
1624984352.306,1,93.27
1624984352.41,0,50.59
1624984352.412,1,56.68
1624984352.516,0,50.09
1624984352.519,1,56.95
1624984352.625,0,49.03
1624984352.628,1,61.81
1624984352.731,0,51.82
1624984352.734,1,94.56
1624984352.837,0,57.84
1624984352.841,1,59.43
1624984352.947,0,67.17
1624984352.951,1,68.0
1624984353.054,0,102.51
1624984353.057,1,96.81
1624984353.16,0,51.56
1624984353.163,1,85.55
1624984353.267,0,50.28
1624984353.27,1,56.63
1624984353.373,0,49.27
1624984353.376,1,59.39
1624984353.479,0,49.84
1624984353.482,1,71.22
1624984353.588,0,54.78
1624984353.591,1,68.32
1624984353.694,0,65.6
1624984353.697,1,65.87
1624984353.8,0,65.5
1624984353.803,1,64.22
1624984353.908,0,119.71
1624984353.911,1,137.96
1624984354.014,0,50.76
1624984354.017,1,56.26
1624984354.12,0,50.41
1624984354.123,1,56.52
1624984354.229,0,49.87
1624984354.232,1,57.4
1624984354.336,0,49.03
1624984354.339,1,67.9
1624984354.441,0,52.49
1624984354.444,1,95.22
1624984354.551,0,56.13
1624984354.555,1,60.49
1624984354.658,0,56.89
1624984354.662,1,59.23
1624984354.765,0,68.04
1624984354.768,1,67.27
1624984354.871,0,123.11
1624984354.874,1,125.27
1624984354.977,0,50.62
1624984354.98,1,56.01
1624984355.084,0,50.09
1624984355.086,1,56.34
1624984355.192,0,49.81
1624984355.195,1,57.91
1624984355.299,0,48.97
1624984355.301,1,67.41
1624984355.404,0,51.29
1624984355.407,1,89.38
1624984355.513,0,55.91
1624984355.517,1,65.42
1624984355.62,0,56.59
1624984355.625,1,58.58
1624984355.728,0,60.21
1624984355.734,1,61.78
1624984355.837,0,86.6
1624984355.841,1,83.99
1624984355.944,0,88.34
1624984355.947,1,111.46
1624984356.05,0,50.6
1624984356.055,1,56.37
1624984356.158,0,50.02
1624984356.161,1,57.45
1624984356.264,0,49.01
1624984356.267,1,62.38
1624984356.371,0,49.95
1624984356.375,1,82.29
1624984356.478,0,54.45
1624984356.482,1,66.74
1624984356.584,0,62.28
1624984356.588,1,62.92
1624984356.691,0,76.15
1624984356.697,1,75.14
1624984356.8,0,107.35
1624984356.802,1,124.44
1624984356.905,0,50.7
1624984356.908,1,56.59
1624984357.012,0,50.09
1624984357.017,1,56.65
1624984357.121,0,49.48
1624984357.124,1,59.14
1624984357.227,0,49.42
1624984357.23,1,70.28
1624984357.333,0,52.42
1624984357.338,1,87.1
1624984357.441,0,56.05
1624984357.444,1,58.03
1624984357.547,0,75.52
1624984357.551,1,73.77
1624984357.654,0,105.88
1624984357.659,1,102.44
1624984357.762,0,58.36
1624984357.765,1,91.35
1624984357.868,0,50.54
1624984357.871,1,56.8
1624984357.975,0,50.04
1624984357.98,1,57.43
1624984358.083,0,48.71
1624984358.086,1,64.08
1624984358.189,0,51.15
1624984358.192,1,93.04
1624984358.295,0,55.19
1624984358.3,1,66.87
1624984358.405,0,57.37
1624984358.408,1,59.62
1624984358.511,0,81.75
1624984358.514,1,78.48
1624984358.617,0,82.0
1624984358.621,1,115.42
1624984358.726,0,50.53
1624984358.73,1,56.41
1624984358.834,0,50.15
1624984358.837,1,56.99
1624984358.94,0,48.62
1624984358.943,1,60.16
1624984359.048,0,50.73
1624984359.051,1,84.97
1624984359.154,0,54.61
1624984359.157,1,62.73
1624984359.26,0,58.69
1624984359.264,1,60.45
1624984359.367,0,74.07
1624984359.37,1,69.83
1624984359.476,0,105.67
1624984359.479,1,99.77
1624984359.582,0,50.82
1624984359.585,1,68.03
1624984359.688,0,50.57
1624984359.691,1,56.65
1624984359.798,0,50.05
1624984359.8,1,56.91
1624984359.904,0,48.65
1624984359.907,1,62.13
1624984360.01,0,50.28
1624984360.013,1,75.12
1624984360.116,0,55.69
1624984360.119,1,58.04
1624984360.222,0,59.59
1624984360.226,1,61.35
1624984360.329,0,72.13
1624984360.334,1,70.38
1624984360.437,0,105.17
1624984360.44,1,124.54
1624984360.543,0,50.63
1624984360.547,1,56.05
1624984360.65,0,50.11
1624984360.653,1,57.86
1624984360.757,0,49.09
1624984360.759,1,60.41
1624984360.863,0,49.57
1624984360.867,1,69.05
1624984360.972,0,51.04
1624984360.975,1,93.25
1624984361.078,0,56.38
1624984361.081,1,59.1
1624984361.184,0,62.31
1624984361.188,1,63.85
1624984361.291,0,86.84
1624984361.295,1,75.18
1624984361.402,0,101.86
1624984361.405,1,123.07
1624984361.508,0,50.78
1624984361.511,1,56.12
1624984361.614,0,50.16
1624984361.617,1,56.95
1624984361.721,0,48.88
1624984361.724,1,64.71
1624984361.828,0,52.51
1624984361.831,1,91.07
1624984361.934,0,55.23
1624984361.939,1,62.81
1624984362.041,0,47.89
1624984362.044,1,50.52
1624984362.147,0,58.69
1624984362.151,1,60.37
1624984362.254,0,65.64
1624984362.258,1,66.82
1624984362.361,0,107.9
1624984362.364,1,118.38
1624984362.467,0,50.73
1624984362.471,1,55.74
1624984362.575,0,50.3
1624984362.578,1,56.96
1624984362.682,0,49.7
1624984362.685,1,58.29
1624984362.788,0,49.15
1624984362.792,1,66.89
1624984362.895,0,51.3
1624984362.898,1,93.3
1624984363.001,0,56.27
1624984363.004,1,58.26
1624984363.109,0,61.78
1624984363.113,1,63.0
1624984363.216,0,62.58
1624984363.22,1,63.67
1624984363.323,0,118.78
1624984363.326,1,115.79
1624984363.429,0,50.79
1624984363.433,1,91.58
1624984363.541,0,50.7
1624984363.544,1,56.01
1624984363.647,0,50.48
1624984363.65,1,57.0
1624984363.754,0,49.96
1624984363.757,1,57.9
1624984363.86,0,48.83
1624984363.863,1,63.39
1624984363.968,0,50.65
1624984363.971,1,81.03
1624984364.074,0,55.24
1624984364.077,1,67.05
1624984364.18,0,60.03
1624984364.184,1,61.64
1624984364.286,0,60.87
1624984364.29,1,62.35
1624984364.393,0,86.75
1624984364.397,1,83.49
1624984364.5,0,87.89
1624984364.502,1,103.55
1624984364.605,0,50.66
1624984364.608,1,56.45
1624984364.712,0,50.6
1624984364.717,1,56.4
1624984364.82,0,49.64
1624984364.823,1,57.65
1624984364.928,0,49.39
1624984364.931,1,64.66
1624984365.034,0,51.25
1624984365.038,1,93.03
1624984365.141,0,59.48
1624984365.146,1,60.72
1624984365.249,0,61.31
1624984365.253,1,62.49
1624984365.357,0,78.47
1624984365.361,1,77.96
1624984365.464,0,65.09
1624984365.466,1,94.18
1624984365.57,0,50.57
1624984365.573,1,56.46
1624984365.676,0,49.93
1624984365.68,1,57.65
1624984365.785,0,49.03
1624984365.788,1,66.18
1624984365.891,0,51.55
1624984365.894,1,83.97
1624984365.996,0,54.57
1624984366.001,1,62.7
1624984366.104,0,61.82
1624984366.107,1,63.21
1624984366.21,0,78.92
1624984366.214,1,74.74
1624984366.318,0,91.57
1624984366.322,1,90.97
1624984366.425,0,51.11
1624984366.428,1,83.7
1624984366.53,0,50.48
1624984366.533,1,56.79
1624984366.637,0,50.19
1624984366.642,1,57.39
1624984366.746,0,49.42
1624984366.751,1,59.89
1624984366.854,0,49.59
1624984366.857,1,70.62
1624984366.96,0,57.06
1624984366.964,1,62.56
1624984367.066,0,62.31
1624984367.07,1,62.88
1624984367.174,0,75.15
1624984367.177,1,74.59
1624984367.28,0,98.21
1624984367.284,1,94.55
1624984367.387,0,50.7
1624984367.39,1,56.3
1624984367.493,0,50.38
1624984367.496,1,57.06
1624984367.6,0,49.22
1624984367.605,1,59.05
1624984367.708,0,49.88
1624984367.711,1,72.42
1624984367.814,0,54.75
1624984367.817,1,74.48
1624984367.921,0,56.63
1624984367.926,1,58.6
1624984368.029,0,67.24
1624984368.032,1,67.02
1624984368.135,0,104.29
1624984368.139,1,98.22
1624984368.241,0,92.91
1624984368.246,1,115.51
1624984368.349,0,50.53
1624984368.354,1,55.65
1624984368.457,0,50.04
1624984368.46,1,56.87
1624984368.566,0,48.66
1624984368.569,1,62.34
1624984368.672,0,50.58
1624984368.675,1,84.54
1624984368.778,0,54.4
1624984368.781,1,64.31
1624984368.886,0,62.02
1624984368.89,1,64.22
1624984368.993,0,88.72
1624984368.996,1,87.33
1624984369.099,0,96.01
1624984369.102,1,121.05
1624984369.207,0,50.86
1624984369.21,1,55.81
1624984369.313,0,50.2
1624984369.316,1,56.57
1624984369.42,0,48.56
1624984369.422,1,59.46
1624984369.529,0,50.19
1624984369.532,1,79.72
1624984369.634,0,56.09
1624984369.638,1,64.45
1624984369.741,0,65.11
1624984369.744,1,64.18
1624984369.849,0,78.93
1624984369.853,1,77.04
1624984369.956,0,97.62
1624984369.959,1,115.32
1624984370.061,0,50.73
1624984370.064,1,56.2
1624984370.17,0,50.41
1624984370.173,1,56.4
1624984370.276,0,49.64
1624984370.279,1,57.65
1624984370.383,0,49.7
1624984370.386,1,70.2
1624984370.491,0,51.7
1624984370.494,1,89.49
1624984370.597,0,57.98
1624984370.6,1,60.15
1624984370.703,0,60.08
1624984370.707,1,60.53
1624984370.812,0,105.41
1624984370.815,1,98.73
1624984370.918,0,50.78
1624984370.921,1,63.97
1624984371.024,0,50.41
1624984371.027,1,56.08
1624984371.133,0,50.09
1624984371.136,1,57.33
1624984371.239,0,48.84
1624984371.242,1,63.18
1624984371.345,0,50.52
1624984371.348,1,84.33
1624984371.454,0,55.94
1624984371.457,1,58.3
1624984371.56,0,63.37
1624984371.563,1,64.38
1624984371.666,0,84.46
1624984371.67,1,77.63
1624984371.775,0,101.42
1624984371.777,1,121.21
1624984371.88,0,50.76
1624984371.883,1,68.94
1624984371.987,0,50.51
1624984371.989,1,56.68
1624984372.096,0,49.8
1624984372.099,1,57.53
1624984372.202,0,49.1
1624984372.205,1,63.58
1624984372.308,0,53.42
1624984372.311,1,95.33
1624984372.417,0,56.77
1624984372.42,1,58.87
1624984372.523,0,64.81
1624984372.526,1,65.74
1624984372.629,0,89.01
1624984372.633,1,79.76
1624984372.738,0,103.9
1624984372.741,1,109.01
1624984372.844,0,50.65
1624984372.847,1,56.15
1624984372.95,0,50.47
1624984372.953,1,56.31
1624984373.059,0,49.9
1624984373.064,1,56.99
1624984373.167,0,49.33
1624984373.17,1,70.65
1624984373.273,0,51.07
1624984373.279,1,94.5
1624984373.382,0,57.31
1624984373.385,1,59.3
1624984373.488,0,64.97
1624984373.492,1,65.49
1624984373.595,0,83.93
1624984373.6,1,82.01
1624984373.703,0,88.54
1624984373.706,1,109.28
1624984373.809,0,50.5
1624984373.812,1,56.21
1624984373.915,0,50.4
1624984373.921,1,56.27
1624984374.024,0,49.67
1624984374.027,1,58.45
1624984374.13,0,49.41
1624984374.133,1,67.18
1624984374.238,0,51.62
1624984374.241,1,88.68
1624984374.344,0,57.38
1624984374.348,1,59.16
1624984374.451,0,64.37
1624984374.454,1,65.78
1624984374.557,0,79.07
1624984374.563,1,77.56
1624984374.666,0,85.56
1624984374.669,1,101.55
1624984374.772,0,50.75
1624984374.775,1,56.24
1624984374.878,0,50.32
1624984374.883,1,56.6
1624984374.986,0,49.61
1624984374.989,1,58.17
1624984375.093,0,49.35
1624984375.096,1,72.21
1624984375.199,0,53.2
1624984375.203,1,79.72
1624984375.306,0,56.32
1624984375.31,1,58.7
1624984375.413,0,65.99
1624984375.416,1,66.85
1624984375.519,0,96.9
1624984375.525,1,93.75
1624984375.628,0,84.59
1624984375.63,1,109.92
1624984375.733,0,50.44
1624984375.736,1,56.49
1624984375.841,0,50.09
1624984375.845,1,56.83
1624984375.949,0,49.0
1624984375.951,1,62.27
1624984376.055,0,51.54
1624984376.057,1,90.68
1624984376.16,0,55.35
1624984376.166,1,57.89
1624984376.269,0,65.2
1624984376.273,1,66.17
1624984376.376,0,87.89
1624984376.379,1,85.88
1624984376.482,0,74.04
1624984376.487,1,96.98
1624984376.59,0,50.63
1624984376.593,1,56.24
1624984376.696,0,49.51
1624984376.699,1,57.88
1624984376.802,0,49.38
1624984376.808,1,69.72
1624984376.911,0,53.06
1624984376.914,1,81.28
1624984377.017,0,58.97
1624984377.02,1,60.76
1624984377.123,0,60.94
1624984377.129,1,62.71
1624984377.232,0,92.03
1624984377.235,1,85.99
1624984377.338,0,104.65
1624984377.341,1,125.5
1624984377.445,0,50.76
1624984377.449,1,56.27
1624984377.553,0,50.31
1624984377.556,1,56.97
1624984377.659,0,48.68
1624984377.662,1,62.82
1624984377.765,0,50.66
1624984377.77,1,83.84
1624984377.873,0,55.87
1624984377.876,1,64.93
1624984377.979,0,65.09
1624984377.983,1,65.29
1624984378.086,0,70.08
1624984378.092,1,68.74
1624984378.195,0,99.44
1624984378.197,1,116.9
1624984378.3,0,50.68
1624984378.303,1,56.29
1624984378.406,0,50.38
1624984378.412,1,56.99
1624984378.515,0,49.38
1624984378.518,1,59.49
1624984378.622,0,49.54
1624984378.624,1,73.04
1624984378.727,0,54.27
1624984378.733,1,67.6
1624984378.836,0,57.47
1624984378.839,1,59.14
1624984378.942,0,74.22
1624984378.945,1,72.24
1624984379.05,0,116.95
1624984379.054,1,111.56
1624984379.157,0,50.79
1624984379.16,1,69.18
1624984379.263,0,50.7
1624984379.266,1,56.8
1624984379.369,0,49.9
1624984379.375,1,57.82
1624984379.478,0,49.19
1624984379.481,1,67.71
1624984379.584,0,52.03
1624984379.587,1,92.91
1624984379.69,0,55.06
1624984379.696,1,61.89
1624984379.799,0,61.17
1624984379.802,1,62.43
1624984379.906,0,73.6
1624984379.909,1,74.26
1624984380.012,0,103.0
1624984380.016,1,108.97
1624984380.119,0,50.74
1624984380.122,1,56.67
1624984380.225,0,50.57
1624984380.228,1,56.74
1624984380.332,0,50.25
1624984380.337,1,56.89
1624984380.441,0,48.93
1624984380.443,1,63.16
1624984380.546,0,50.75
1624984380.549,1,83.95
1624984380.654,0,56.14
1624984380.658,1,67.39
1624984380.761,0,59.74
1624984380.765,1,61.45
1624984380.868,0,67.95
1624984380.871,1,68.49
1624984380.974,0,98.95
1624984380.979,1,94.59
1624984381.082,0,71.16
1624984381.085,1,100.47
1624984381.188,0,50.63
1624984381.191,1,56.44
1624984381.294,0,50.09
1624984381.3,1,56.94
1624984381.403,0,48.91
1624984381.406,1,64.96
1624984381.509,0,52.67
1624984381.512,1,86.32
1624984381.615,0,57.21
1624984381.621,1,59.3
1624984381.724,0,68.05
1624984381.727,1,67.96
1624984381.83,0,106.25
1624984381.834,1,101.46
1624984381.937,0,70.42
1624984381.941,1,92.07
1624984382.045,0,50.7
1624984382.048,1,56.59
1624984382.151,0,49.99
1624984382.154,1,57.87
1624984382.259,0,48.91
1624984382.262,1,62.79
1624984382.367,0,50.27
1624984382.369,1,86.99
1624984382.472,0,56.19
1624984382.476,1,65.14
1624984382.578,0,68.19
1624984382.583,1,67.07
1624984382.687,0,82.03
1624984382.69,1,79.49
1624984382.793,0,96.68
1624984382.796,1,120.8
1624984382.899,0,50.73
1624984382.904,1,56.05
1624984383.007,0,50.31
1624984383.01,1,56.8
1624984383.114,0,48.9
1624984383.117,1,61.3
1624984383.22,0,50.53
1624984383.225,1,75.02
1624984383.328,0,53.68
1624984383.331,1,66.64
1624984383.434,0,60.12
1624984383.438,1,61.69
1624984383.541,0,75.86
1624984383.546,1,74.14
1624984383.649,0,109.97
1624984383.652,1,130.69
1624984383.755,0,50.67
1624984383.758,1,56.6
1624984383.863,0,50.35
1624984383.867,1,56.81
1624984383.97,0,49.96
1624984383.973,1,58.28
1624984384.077,0,49.39
1624984384.08,1,68.93
1624984384.182,0,52.08
1624984384.189,1,96.64
1624984384.292,0,57.25
1624984384.296,1,59.24
1624984384.399,0,60.97
1624984384.402,1,62.62
1624984384.505,0,71.64
1624984384.509,1,70.76
1624984384.612,0,101.46
1624984384.616,1,101.51
1624984384.719,0,50.69
1624984384.722,1,57.49
1624984384.825,0,50.59
1624984384.829,1,56.97
1624984384.933,0,49.94
1624984384.936,1,58.15
1624984385.039,0,49.45
1624984385.042,1,67.93
1624984385.145,0,51.32
1624984385.15,1,95.49
1624984385.253,0,55.2
1624984385.256,1,63.61
1624984385.359,0,62.86
1624984385.363,1,63.69
1624984385.466,0,75.57
1624984385.471,1,75.99
1624984385.574,0,107.84
1624984385.577,1,102.95
1624984385.68,0,50.79
1624984385.683,1,76.9
1624984385.786,0,50.67
1624984385.793,1,56.57
1624984385.897,0,50.22
1624984385.9,1,57.16
1624984386.003,0,49.05
1624984386.006,1,64.53
1624984386.109,0,50.53
1624984386.113,1,88.74
1624984386.216,0,56.14
1624984386.219,1,62.9
1624984386.322,0,63.71
1624984386.326,1,65.31
1624984386.429,0,84.26
1624984386.434,1,83.5
1624984386.537,0,84.89
1624984386.54,1,104.09
1624984386.643,0,50.7
1624984386.646,1,56.4
1624984386.75,0,50.23
1624984386.755,1,57.28
1624984386.858,0,48.71
1624984386.861,1,61.89
1624984386.964,0,50.33
1624984386.967,1,79.76
1624984387.07,0,57.0
1624984387.076,1,61.93
1624984387.179,0,62.8
1624984387.183,1,64.32
1624984387.286,0,79.79
1624984387.289,1,78.66
1624984387.392,0,92.04
1624984387.399,1,117.0
1624984387.502,0,50.92
1624984387.504,1,56.57
1624984387.608,0,50.18
1624984387.611,1,57.6
1624984387.714,0,48.87
1624984387.718,1,63.59
1624984387.822,0,50.98
1624984387.825,1,95.43
1624984387.927,0,57.09
1624984387.931,1,59.26
1624984388.034,0,59.26
1624984388.04,1,61.32
1624984388.143,0,73.22
1624984388.146,1,72.07
1624984388.249,0,102.92
1624984388.253,1,94.07
1624984388.356,0,51.88
1624984388.36,1,73.81
1624984388.463,0,50.53
1624984388.466,1,56.03
1624984388.571,0,50.02
1624984388.574,1,57.43
1624984388.678,0,49.64
1624984388.682,1,61.6
1624984388.785,0,50.45
1624984388.788,1,77.61
1624984388.89,0,52.93
1624984388.893,1,85.67
1624984388.996,0,55.33
1624984389.004,1,63.7
1624984389.107,0,64.77
1624984389.11,1,66.0
1624984389.213,0,79.0
1624984389.217,1,72.92
1624984389.323,0,112.21
1624984389.326,1,127.6
1624984389.429,0,50.73
1624984389.432,1,56.24
1624984389.535,0,50.58
1624984389.538,1,56.29
1624984389.644,0,50.32
1624984389.647,1,57.09
1624984389.75,0,48.92
1624984389.753,1,61.81
1624984389.856,0,50.58
1624984389.859,1,76.47
1624984389.964,0,54.8
1624984389.967,1,76.33
1624984390.07,0,58.62
1624984390.074,1,60.38
1624984390.177,0,65.98
1624984390.18,1,64.25
1624984390.285,0,114.71
1624984390.288,1,116.83
1624984390.391,0,50.7
1624984390.394,1,56.12
1624984390.497,0,50.38
1624984390.5,1,56.33
1624984390.606,0,49.61
1624984390.609,1,60.01
1624984390.713,0,49.83
1624984390.715,1,78.25
1624984390.818,0,54.53
1624984390.821,1,66.66
1624984390.927,0,62.62
1624984390.93,1,63.52
1624984391.033,0,76.41
1624984391.037,1,75.77
1624984391.14,0,104.75
1624984391.142,1,121.79
1624984391.248,0,50.69
1624984391.251,1,56.49
1624984391.354,0,50.53
1624984391.357,1,56.72
1624984391.46,0,49.7
1624984391.463,1,57.8
1624984391.569,0,49.29
1624984391.572,1,68.74
1624984391.675,0,52.58
1624984391.677,1,84.62
1624984391.78,0,58.89
1624984391.784,1,59.84
1624984391.89,0,64.74
1624984391.894,1,65.89
1624984391.997,0,118.89
1624984391.999,1,137.07
1624984392.102,0,50.7
1624984392.105,1,56.49
1624984392.21,0,50.39
1624984392.215,1,56.76
1624984392.319,0,49.4
1624984392.322,1,59.87
1624984392.425,0,50.47
1624984392.428,1,83.26
1624984392.531,0,54.67
1624984392.535,1,66.49
1624984392.638,0,61.86
1624984392.641,1,62.99
1624984392.744,0,72.27
1624984392.748,1,71.27
1624984392.852,0,96.78
1624984392.857,1,93.23
1624984392.96,0,56.52
1624984392.963,1,86.66
1624984393.066,0,50.6
1624984393.068,1,55.9
1624984393.173,0,50.06
1624984393.178,1,57.03
1624984393.283,0,48.9
1624984393.286,1,64.37
1624984393.389,0,50.4
1624984393.392,1,82.92
1624984393.495,0,56.29
1624984393.5,1,58.45
1624984393.603,0,66.5
1624984393.607,1,66.78
1624984393.71,0,82.8
1624984393.713,1,81.86
1624984393.816,0,90.29
1624984393.819,1,105.11
1624984393.922,0,50.69
1624984393.929,1,63.28
1624984394.032,0,50.31
1624984394.035,1,56.98
1624984394.138,0,48.79
1624984394.141,1,61.89
1624984394.244,0,50.4
1624984394.25,1,75.16
1624984394.356,0,54.53
1624984394.358,1,68.37
1624984394.461,0,60.23
1624984394.465,1,61.34
1624984394.568,0,63.82
1624984394.574,1,65.33
1624984394.677,0,76.85
1624984394.681,1,75.18
1624984394.785,0,90.75
1624984394.788,1,113.11
1624984394.89,0,50.73
1624984394.893,1,56.54
1624984394.998,0,50.5
1624984395.001,1,57.06
1624984395.104,0,49.26
1624984395.107,1,60.81
1624984395.211,0,50.05
1624984395.214,1,73.36
1624984395.318,0,52.4
1624984395.321,1,82.59
1624984395.424,0,57.15
1624984395.429,1,59.14
1624984395.532,0,66.55
1624984395.535,1,66.09
1624984395.639,0,97.16
1624984395.643,1,93.28
1624984395.746,0,50.83
1624984395.749,1,64.19
1624984395.852,0,50.63
1624984395.86,1,56.22
1624984395.964,0,49.86
1624984395.967,1,58.43
1624984396.07,0,49.25
1624984396.073,1,70.51
1624984396.176,0,54.95
1624984396.179,1,67.99
1624984396.281,0,61.77
1624984396.286,1,62.57
1624984396.391,0,71.9
1624984396.395,1,72.22
1624984396.498,0,122.62
1624984396.501,1,117.4
1624984396.604,0,50.85
1624984396.607,1,66.27
1624984396.71,0,50.4
1624984396.712,1,56.76
1624984396.816,0,48.68
1624984396.819,1,61.01
1624984396.924,0,50.34
1624984396.927,1,73.54
1624984397.03,0,53.47
1624984397.032,1,82.06
1624984397.135,0,57.78
1624984397.14,1,59.26
1624984397.244,0,68.61
1624984397.247,1,69.55
1624984397.35,0,104.35
1624984397.353,1,119.8
1624984397.456,0,50.71
1624984397.459,1,55.93
1624984397.565,0,50.43
1624984397.568,1,56.91
1624984397.672,0,49.26
1624984397.675,1,60.31
1624984397.778,0,50.42
1624984397.781,1,71.62
1624984397.886,0,53.28
1624984397.89,1,86.11
1624984397.995,0,58.64
1624984397.998,1,60.82
1624984398.101,0,68.15
1624984398.105,1,68.75
1624984398.207,0,118.1
1624984398.211,1,113.99
1624984398.313,0,50.84
1624984398.316,1,61.77
1624984398.42,0,50.46
1624984398.423,1,56.67
1624984398.528,0,49.86
1624984398.531,1,57.31
1624984398.634,0,49.67
1624984398.637,1,75.02
1624984398.74,0,54.35
1624984398.743,1,86.02
1624984398.849,0,58.08
1624984398.852,1,59.95
1624984398.955,0,62.91
1624984398.958,1,63.67
1624984399.061,0,105.36
1624984399.065,1,94.45
1624984399.169,0,50.8
1624984399.172,1,69.27
1624984399.275,0,50.53
1624984399.28,1,56.42
1624984399.384,0,50.15
1624984399.387,1,58.27
1624984399.49,0,49.19
1624984399.493,1,63.89
1624984399.598,0,51.85
1624984399.601,1,92.62
1624984399.704,0,55.81
1624984399.71,1,58.18
1624984399.813,0,67.53
1624984399.816,1,67.69
1624984399.919,0,97.37
1624984399.922,1,93.25
1624984400.025,0,72.71
1624984400.028,1,100.97
1624984400.132,0,50.72
1624984400.136,1,56.69
1624984400.24,0,50.26
1624984400.243,1,56.82
1624984400.346,0,48.83
1624984400.349,1,61.52
1624984400.453,0,49.94
1624984400.456,1,76.09
1624984400.559,0,53.73
1624984400.562,1,81.11
1624984400.665,0,55.22
1624984400.67,1,57.76
1624984400.774,0,66.36
1624984400.778,1,66.72
1624984400.881,0,119.62
1624984400.884,1,113.78
1624984400.987,0,52.45
1624984400.989,1,85.88
1624984401.094,0,50.68
1624984401.099,1,56.19
1624984401.203,0,50.28
1624984401.206,1,57.03
1624984401.309,0,48.71
1624984401.312,1,62.68
1624984401.416,0,51.47
1624984401.419,1,87.56
1624984401.521,0,56.38
1624984401.528,1,65.83
1624984401.63,0,65.11
1624984401.634,1,65.95
1624984401.737,0,108.24
1624984401.74,1,101.81
1624984401.843,0,63.28
1624984401.846,1,92.52
1624984401.949,0,50.74
1624984401.953,1,56.43
1624984402.057,0,49.96
1624984402.06,1,57.89
1624984402.163,0,49.44
1624984402.166,1,69.43
1624984402.269,0,53.16
1624984402.274,1,87.24
1624984402.378,0,56.81
1624984402.381,1,58.85
1624984402.484,0,58.54
1624984402.487,1,61.16
1624984402.59,0,99.55
1624984402.594,1,90.24
1624984402.698,0,66.99
1624984402.701,1,93.97
1624984402.805,0,50.7
1624984402.808,1,56.2
1624984402.912,0,50.0
1624984402.915,1,56.95
1624984403.02,0,49.22
1624984403.023,1,63.29
1624984403.126,0,51.49
1624984403.128,1,84.45
1624984403.231,0,56.12
1624984403.235,1,67.13
1624984403.34,0,61.4
1624984403.344,1,63.0
1624984403.446,0,74.26
1624984403.45,1,74.0
1624984403.553,0,102.8
1624984403.556,1,116.28
1624984403.661,0,53.9
1624984403.664,1,85.35
1624984403.767,0,50.6
1624984403.77,1,56.78
1624984403.873,0,50.25
1624984403.878,1,57.18
1624984403.982,0,49.18
1624984403.985,1,60.23
1624984404.088,0,50.27
1624984404.091,1,78.99
1624984404.194,0,55.63
1624984404.197,1,72.5
1624984404.302,0,59.97
1624984404.306,1,61.76
1624984404.409,0,73.14
1624984404.413,1,73.15
1624984404.515,0,101.45
1624984404.518,1,129.79
1624984404.623,0,50.7
1624984404.626,1,56.11
1624984404.73,0,50.45
1624984404.732,1,57.04
1624984404.836,0,49.06
1624984404.839,1,60.87
1624984404.944,0,50.73
1624984404.947,1,83.09
1624984405.05,0,55.87
1624984405.053,1,66.21
1624984405.156,0,60.37
1624984405.159,1,61.09
1624984405.265,0,65.24
1624984405.268,1,65.47
1624984405.371,0,89.11
1624984405.375,1,87.3
1624984405.477,0,101.73
1624984405.482,1,120.1
1624984405.586,0,50.82
1624984405.589,1,72.9
1624984405.692,0,50.41
1624984405.694,1,56.8
1624984405.798,0,48.78
1624984405.801,1,60.2
1624984405.906,0,50.32
1624984405.909,1,71.49
1624984406.013,0,54.24
1624984406.016,1,68.26
1624984406.119,0,57.4
1624984406.123,1,59.01
1624984406.228,0,68.51
1624984406.231,1,68.52
1624984406.334,0,112.86
1624984406.337,1,132.31
1624984406.44,0,50.73
1624984406.442,1,71.47
1624984406.548,0,50.7
1624984406.551,1,56.78
1624984406.655,0,50.18
1624984406.658,1,57.42
1624984406.761,0,49.32
1624984406.764,1,63.13
1624984406.869,0,51.3
1624984406.872,1,91.09
1624984406.975,0,55.27
1624984406.978,1,60.57
1624984407.081,0,62.33
1624984407.086,1,62.39
1624984407.19,0,77.26
1624984407.193,1,76.16
1624984407.296,0,99.42
1624984407.299,1,121.55
1624984407.402,0,50.93
1624984407.405,1,56.67
1624984407.511,0,50.4
1624984407.514,1,56.59
1624984407.617,0,49.26
1624984407.62,1,60.17
1624984407.723,0,50.23
1624984407.726,1,77.41
1624984407.832,0,55.04
1624984407.835,1,65.07
1624984407.938,0,60.38
1624984407.941,1,62.19
1624984408.044,0,76.26
1624984408.048,1,72.78
1624984408.152,0,93.91
1624984408.155,1,109.11
1624984408.258,0,50.7
1624984408.261,1,56.48
1624984408.364,0,50.05
1624984408.367,1,57.5
1624984408.474,0,49.02
1624984408.476,1,61.49
1624984408.58,0,50.15
1624984408.583,1,79.76
1624984408.685,0,54.12
1624984408.69,1,65.14
1624984408.794,0,47.91
1624984408.797,1,50.44
1624984408.9,0,47.91
1624984408.903,1,50.25
1624984409.006,0,47.78
1624984409.008,1,50.13
1624984409.111,0,47.72
1624984409.116,1,50.34
1624984409.22,0,47.69
1624984409.223,1,50.23
1624984409.326,0,47.72
1624984409.329,1,50.15
1624984409.432,0,47.7
1624984409.436,1,50.15
1624984409.539,0,47.61
1624984409.542,1,50.15
1624984409.645,0,47.81
1624984409.648,1,50.15
1624984409.751,0,47.72
1624984409.754,1,50.15
1624984409.856,0,47.65
1624984409.859,1,50.09
1624984409.962,0,47.75
1624984409.965,1,50.1
1624984410.068,0,47.78
1624984410.071,1,50.05
1624984410.174,0,47.69
1624984410.178,1,50.12
1624984410.281,0,53.09
1624984410.284,1,79.54
1624984410.387,0,50.32
1624984410.39,1,56.48
1624984410.493,0,49.96
1624984410.499,1,57.5
1624984410.603,0,48.9
1624984410.606,1,64.35
1624984410.709,0,51.76
1624984410.712,1,88.27
1624984410.815,0,54.98
1624984410.82,1,67.27
1624984410.925,0,61.28
1624984410.928,1,62.48
1624984411.031,0,74.64
1624984411.034,1,70.65
1624984411.14,0,130.37
1624984411.143,1,145.41
1624984411.246,0,50.73
1624984411.249,1,56.03
1624984411.353,0,50.18
1624984411.355,1,56.71
1624984411.461,0,49.13
1624984411.464,1,61.34
1624984411.567,0,50.82
1624984411.57,1,87.96
1624984411.673,0,56.58
1624984411.677,1,59.96
1624984411.781,0,63.03
1624984411.785,1,64.17
1624984411.888,0,64.74
1624984411.892,1,65.27
1624984411.994,0,107.9
1624984411.997,1,124.03
1624984412.102,0,50.73
1624984412.105,1,56.12
1624984412.208,0,50.6
1624984412.211,1,56.4
1624984412.315,0,50.06
1624984412.318,1,56.78
1624984412.424,0,49.06
1624984412.426,1,65.33
1624984412.529,0,52.28
1624984412.532,1,88.91
1624984412.635,0,56.77
1624984412.639,1,65.12
1624984412.744,0,61.63
1624984412.747,1,63.7
1624984412.85,0,85.44
1624984412.854,1,81.56
1624984412.957,0,83.5
1624984412.96,1,119.15
1624984413.065,0,50.63
1624984413.067,1,56.05
1624984413.171,0,49.93
1624984413.174,1,57.92
1624984413.277,0,50.15
1624984413.28,1,72.2
1624984413.386,0,52.46
1624984413.389,1,92.33
1624984413.492,0,56.49
1624984413.496,1,58.76
1624984413.598,0,63.86
1624984413.602,1,63.84
1624984413.707,0,93.79
1624984413.71,1,88.4
1624984413.813,0,81.3
1624984413.816,1,100.97
1624984413.919,0,50.74
1624984413.921,1,56.36
1624984414.027,0,50.5
1624984414.03,1,56.78
1624984414.134,0,49.99
1624984414.137,1,57.49
1624984414.24,0,49.66
1624984414.243,1,68.41
1624984414.349,0,52.29
1624984414.351,1,95.56
1624984414.454,0,56.21
1624984414.458,1,58.37
1624984414.561,0,60.24
1624984414.564,1,60.93
1624984414.669,0,78.67
1624984414.673,1,77.4
1624984414.776,0,111.07
1624984414.779,1,112.48
1624984414.882,0,50.69
1624984414.885,1,56.09
1624984414.991,0,50.44
1624984414.993,1,56.53
1624984415.097,0,49.51
1624984415.1,1,59.24
1624984415.203,0,49.16
1624984415.206,1,67.58
1624984415.311,0,52.49
1624984415.314,1,85.09
1624984415.417,0,58.43
1624984415.421,1,59.54
1624984415.524,0,78.84
1624984415.527,1,73.65
1624984415.632,0,114.47
1624984415.635,1,133.74
1624984415.738,0,50.76
1624984415.741,1,56.73
1624984415.844,0,50.18
1624984415.847,1,56.72
1624984415.954,0,49.16
1624984415.957,1,64.58
1624984416.06,0,50.76
1624984416.062,1,85.45
1624984416.165,0,56.29
1624984416.168,1,58.1
1624984416.274,0,48.1
1624984416.277,1,50.53
1624984416.379,0,52.84
1624984416.382,1,74.2
1624984416.485,0,58.99
1624984416.488,1,59.44
1624984416.594,0,62.76
1624984416.598,1,63.97
1624984416.701,0,67.59
1624984416.705,1,68.28
1624984416.807,0,92.63
1624984416.81,1,120.19
1624984416.915,0,50.6
1624984416.918,1,56.26
1624984417.021,0,50.29
1624984417.024,1,56.94
1624984417.127,0,49.25
1624984417.13,1,59.24
1624984417.238,0,50.15
1624984417.241,1,80.83
1624984417.343,0,54.79
1624984417.347,1,72.36
1624984417.449,0,59.55
1624984417.453,1,60.57
1624984417.557,0,69.0
1624984417.561,1,69.29
1624984417.663,0,116.57
1624984417.667,1,107.8
1624984417.77,0,50.83
1624984417.773,1,64.06
1624984417.878,0,50.65
1624984417.881,1,56.51
1624984417.984,0,49.88
1624984417.987,1,58.16
1624984418.091,0,49.44
1624984418.093,1,66.06
1624984418.2,0,51.11
1624984418.202,1,96.64
1624984418.305,0,57.09
1624984418.31,1,58.66
1624984418.413,0,59.23
1624984418.419,1,61.3
1624984418.522,0,80.0
1624984418.526,1,79.07
1624984418.629,0,97.72
1624984418.632,1,114.96
1624984418.734,0,50.76
1624984418.74,1,56.76
1624984418.844,0,50.1
1624984418.847,1,57.24
1624984418.95,0,49.32
1624984418.953,1,69.48
1624984419.056,0,52.42
1624984419.061,1,96.39
1624984419.164,0,57.41
1624984419.168,1,59.27
1624984419.27,0,59.44
1624984419.274,1,60.95
1624984419.377,0,72.55
1624984419.383,1,72.98
1624984419.485,0,87.14
1624984419.489,1,81.7
1624984419.592,0,87.0
1624984419.595,1,105.12
1624984419.697,0,50.83
1624984419.703,1,56.05
1624984419.807,0,50.32
1624984419.81,1,57.49
1624984419.913,0,49.25
1624984419.916,1,61.35
1624984420.019,0,50.67
1624984420.024,1,84.74
1624984420.127,0,55.87
1624984420.13,1,66.15
1624984420.233,0,59.77
1624984420.237,1,61.54
1624984420.34,0,75.78
1624984420.345,1,75.05
1624984420.448,0,87.45
1624984420.451,1,106.64
1624984420.554,0,50.89
1624984420.557,1,56.6
1624984420.661,0,50.77
1624984420.666,1,56.1
1624984420.769,0,49.93
1624984420.772,1,58.12
1624984420.876,0,49.51
1624984420.878,1,71.58
1624984420.981,0,50.4
1624984420.986,1,86.73
1624984421.089,0,55.62
1624984421.092,1,67.31
1624984421.195,0,59.97
1624984421.198,1,62.15
1624984421.301,0,68.12
1624984421.308,1,67.99
1624984421.411,0,116.28
1624984421.414,1,129.43
1624984421.517,0,50.95
1624984421.52,1,63.54
1624984421.623,0,50.63
1624984421.628,1,56.14
1624984421.732,0,50.02
1624984421.735,1,57.65
1624984421.838,0,49.67
1624984421.841,1,72.49
1624984421.944,0,52.78
1624984421.949,1,83.46
1624984422.052,0,56.04
1624984422.056,1,58.28
1624984422.158,0,60.1
1624984422.162,1,62.19
1624984422.265,0,74.97
1624984422.271,1,74.12
1624984422.374,0,101.11
1624984422.377,1,117.17
1624984422.479,0,50.74
1624984422.482,1,56.66
1624984422.586,0,50.58
1624984422.591,1,56.78
1624984422.695,0,49.55
1624984422.698,1,59.88
1624984422.802,0,49.73
1624984422.804,1,72.65
1624984422.907,0,52.93
1624984422.912,1,85.8
1624984423.015,0,58.46
1624984423.018,1,60.54
1624984423.121,0,72.3
1624984423.124,1,71.82
1624984423.227,0,77.35
1624984423.233,1,77.06
1624984423.336,0,92.82
1624984423.339,1,112.14
1624984423.442,0,50.73
1624984423.445,1,56.6
1624984423.548,0,50.54
1624984423.554,1,57.12
1624984423.657,0,49.36
1624984423.66,1,60.08
1624984423.763,0,50.31
1624984423.766,1,80.42
1624984423.869,0,53.76
1624984423.875,1,71.78
1624984423.978,0,56.3
1624984423.981,1,58.37
1624984424.084,0,65.44
1624984424.087,1,65.99
1624984424.19,0,73.36
1624984424.196,1,73.28
1624984424.299,0,115.41
1624984424.302,1,127.14
1624984424.405,0,50.76
1624984424.408,1,56.06
1624984424.511,0,50.28
1624984424.517,1,56.96
1624984424.62,0,49.02
1624984424.623,1,61.37
1624984424.726,0,50.44
1624984424.729,1,79.01
1624984424.832,0,53.45
1624984424.838,1,79.19
1624984424.941,0,57.13
1624984424.944,1,59.38
1624984425.047,0,57.71
1624984425.051,1,59.69
1624984425.154,0,78.3
1624984425.159,1,72.86
1624984425.264,0,85.48
1624984425.267,1,84.29
1624984425.371,0,82.63
1624984425.374,1,104.19
1624984425.476,0,50.6
1624984425.48,1,56.96
1624984425.584,0,50.31
1624984425.587,1,57.07
1624984425.69,0,49.03
1624984425.693,1,64.45
1624984425.796,0,53.57
1624984425.8,1,74.49
1624984425.906,0,62.33
1624984425.909,1,63.82
1624984426.012,0,116.8
1624984426.015,1,106.93
1624984426.118,0,50.79
1624984426.122,1,86.44
1624984426.228,0,50.44
1624984426.232,1,56.72
1624984426.335,0,49.26
1624984426.338,1,59.85
1624984426.442,0,50.34
1624984426.445,1,79.4
1624984426.547,0,56.21
1624984426.551,1,63.16
1624984426.654,0,61.87
1624984426.657,1,63.07
1624984426.76,0,63.2
1624984426.764,1,65.5
1624984426.867,0,107.36
1624984426.869,1,118.29
1624984426.973,0,50.89
1624984426.975,1,80.57
1624984427.083,0,50.7
1624984427.086,1,56.77
1624984427.189,0,49.74
1624984427.192,1,57.55
1624984427.296,0,50.15
1624984427.299,1,76.22
1624984427.402,0,55.67
1624984427.406,1,57.74
1624984427.509,0,64.47
1624984427.512,1,66.01
1624984427.615,0,82.12
1624984427.618,1,80.56
1624984427.721,0,83.47
1624984427.726,1,109.37
1624984427.831,0,50.72
1624984427.836,1,56.14
1624984427.939,0,50.18
1624984427.942,1,57.05
1624984428.045,0,49.1
1624984428.048,1,66.32
1624984428.151,0,51.4
1624984428.154,1,90.87
1624984428.258,0,55.69
1624984428.261,1,60.91
1624984428.364,0,57.14
1624984428.368,1,59.01
1624984428.471,0,78.26
1624984428.475,1,74.76
1624984428.578,0,102.75
1624984428.58,1,128.8
1624984428.684,0,51.01
1624984428.689,1,56.43
1624984428.792,0,50.53
1624984428.795,1,56.69
1624984428.898,0,49.0
1624984428.901,1,59.54
1624984429.005,0,50.3
1624984429.01,1,77.63
1624984429.114,0,53.18
1624984429.117,1,83.61
1624984429.22,0,58.88
1624984429.223,1,61.34
1624984429.326,0,71.53
1624984429.331,1,71.78
1624984429.434,0,104.21
1624984429.437,1,107.83
1624984429.54,0,50.8
1624984429.543,1,56.53
1624984429.646,0,50.05
1624984429.652,1,56.42
1624984429.756,0,48.71
1624984429.758,1,61.69
1624984429.862,0,50.39
1624984429.865,1,81.51
1624984429.967,0,55.26
1624984429.972,1,67.83
1624984430.075,0,62.89
1624984430.079,1,64.35
1624984430.182,0,113.12
1624984430.185,1,103.95
1624984430.288,0,62.75
1624984430.293,1,89.4
1624984430.396,0,50.73
1624984430.399,1,56.79
1624984430.502,0,49.95
1624984430.505,1,58.03
1624984430.609,0,49.67
1624984430.614,1,69.65
1624984430.717,0,53.71
1624984430.719,1,79.42
1624984430.823,0,59.72
1624984430.827,1,61.33
1624984430.929,0,72.43
1624984430.935,1,72.36
1624984431.038,0,115.95
1624984431.042,1,133.64
1624984431.145,0,50.79
1624984431.148,1,56.47
1624984431.255,0,50.35
1624984431.258,1,56.91
1624984431.361,0,49.83
1624984431.364,1,58.43
1624984431.467,0,49.67
1624984431.47,1,67.25
1624984431.573,0,51.48
1624984431.577,1,77.27
1624984431.682,0,53.51
1624984431.685,1,83.21
1624984431.788,0,58.54
1624984431.791,1,60.5
1624984431.894,0,67.07
1624984431.898,1,68.33
1624984432.001,0,121.18
1624984432.004,1,114.79
1624984432.107,0,50.92
1624984432.11,1,76.64
1624984432.214,0,50.82
1624984432.219,1,56.65
1624984432.322,0,50.28
1624984432.325,1,57.19
1624984432.428,0,48.98
1624984432.431,1,62.48
1624984432.535,0,50.45
1624984432.54,1,74.78
1624984432.643,0,54.49
1624984432.648,1,83.54
1624984432.75,0,58.82
1624984432.754,1,60.81
1624984432.857,0,68.31
1624984432.861,1,69.05
1624984432.964,0,90.19
1624984432.968,1,86.82
1624984433.071,0,60.26
1624984433.073,1,90.48
1624984433.176,0,50.66
1624984433.182,1,56.65
1624984433.285,0,50.44
1624984433.288,1,56.91
1624984433.391,0,49.96
1624984433.394,1,57.43
1624984433.504,0,49.7
1624984433.507,1,67.76
1624984433.609,0,50.34
1624984433.612,1,83.39
1624984433.715,0,54.88
1624984433.718,1,75.11
1624984433.821,0,59.49
1624984433.824,1,60.89
1624984433.927,0,61.34
1624984433.931,1,62.26
1624984434.034,0,108.07
1624984434.038,1,101.44
1624984434.14,0,64.4
1624984434.145,1,95.01
1624984434.248,0,50.6
1624984434.253,1,56.82
1624984434.359,0,50.5
1624984434.362,1,56.84
1624984434.466,0,49.33
1624984434.468,1,59.91
1624984434.572,0,49.76
1624984434.575,1,76.89
1624984434.678,0,56.0
1624984434.681,1,65.42
1624984434.783,0,65.7
1624984434.787,1,65.82
1624984434.89,0,69.17
1624984434.894,1,70.07
1624984434.997,0,104.89
1624984435.0,1,112.09
1624984435.104,0,50.84
1624984435.108,1,56.46
1624984435.211,0,50.5
1624984435.214,1,57.16
1624984435.318,0,49.42
1624984435.321,1,59.04
1624984435.426,0,49.35
1624984435.429,1,68.99
1624984435.532,0,53.58
1624984435.535,1,70.46
1624984435.637,0,62.06
1624984435.641,1,61.94
1624984435.746,0,68.68
1624984435.751,1,68.38
1624984435.854,0,87.82
1624984435.859,1,85.49
1624984435.962,0,62.15
1624984435.965,1,92.77
1624984436.068,0,50.7
1624984436.072,1,56.61
1624984436.175,0,49.48
1624984436.178,1,60.35
1624984436.281,0,50.15
1624984436.284,1,75.76
1624984436.388,0,53.89
1624984436.392,1,70.85
1624984436.495,0,59.35
1624984436.499,1,61.12
1624984436.602,0,70.33
1624984436.605,1,69.1
1624984436.709,0,113.74
1624984436.714,1,132.29
1624984436.816,0,50.9
1624984436.82,1,56.59
1624984436.923,0,50.5
1624984436.926,1,56.7
1624984437.03,0,49.64
1624984437.034,1,60.71
1624984437.138,0,50.9
1624984437.141,1,80.1
1624984437.243,0,55.48
1624984437.246,1,68.86
1624984437.351,0,56.22
1624984437.356,1,58.48
1624984437.459,0,66.83
1624984437.464,1,66.92
1624984437.567,0,77.16
1624984437.57,1,74.7
1624984437.673,0,107.77
1624984437.677,1,118.56
1624984437.78,0,50.75
1624984437.783,1,61.99
1624984437.886,0,50.65
1624984437.889,1,56.73
1624984437.993,0,49.95
1624984437.998,1,57.91
1624984438.101,0,49.16
1624984438.104,1,69.37
1624984438.207,0,52.82
1624984438.21,1,94.68
1624984438.313,0,56.25
1624984438.319,1,58.53
1624984438.422,0,62.95
1624984438.426,1,63.32
1624984438.53,0,95.05
1624984438.534,1,89.91
1624984438.637,0,50.79
1624984438.64,1,81.95
1624984438.743,0,50.66
1624984438.746,1,56.55
1624984438.85,0,49.77
1624984438.852,1,57.85
1624984438.956,0,49.37
1624984438.961,1,63.7
1624984439.064,0,51.52
1624984439.069,1,94.57
1624984439.171,0,55.07
1624984439.175,1,57.51
1624984439.278,0,61.02
1624984439.283,1,62.34
1624984439.386,0,78.57
1624984439.389,1,77.52
1624984439.492,0,109.83
1624984439.495,1,118.23
1624984439.598,0,50.92
1624984439.603,1,55.94
1624984439.707,0,50.38
1624984439.71,1,56.78
1624984439.813,0,49.19
1624984439.816,1,59.98
1624984439.92,0,50.66
1624984439.924,1,75.4
1624984440.027,0,55.85
1624984440.03,1,63.83
1624984440.134,0,62.79
1624984440.138,1,63.92
1624984440.241,0,82.74
1624984440.245,1,80.21
1624984440.348,0,103.17
1624984440.351,1,121.04
1624984440.454,0,50.77
1624984440.457,1,57.18
1624984440.56,0,50.17
1624984440.565,1,58.01
1624984440.669,0,49.19
1624984440.672,1,66.7
1624984440.774,0,51.89
1624984440.777,1,95.05
1624984440.88,0,54.92
1624984440.886,1,67.61
1624984440.989,0,68.94
1624984440.993,1,68.68
1624984441.096,0,78.03
1624984441.099,1,78.83
1624984441.202,0,111.14
1624984441.208,1,103.36
1624984441.311,0,50.89
1624984441.313,1,56.45
1624984441.417,0,50.41
1624984441.42,1,56.69
1624984441.523,0,49.81
1624984441.528,1,57.91
1624984441.632,0,49.7
1624984441.635,1,68.49
1624984441.738,0,53.08
1624984441.74,1,72.63
1624984441.843,0,58.37
1624984441.849,1,60.05
1624984441.952,0,62.22
1624984441.956,1,63.27
1624984442.059,0,76.76
1624984442.063,1,74.19
1624984442.166,0,82.93
1624984442.17,1,102.86
1624984442.273,0,50.7
1624984442.276,1,56.78
1624984442.379,0,50.25
1624984442.382,1,56.71
1624984442.486,0,49.91
1624984442.491,1,58.27
1624984442.594,0,49.09
1624984442.597,1,66.67
1624984442.7,0,51.36
1624984442.703,1,95.19
1624984442.806,0,55.82
1624984442.812,1,64.22
1624984442.915,0,62.54
1624984442.918,1,64.41
1624984443.021,0,82.18
1624984443.025,1,79.24
1624984443.128,0,100.98
1624984443.133,1,121.03
1624984443.236,0,50.95
1624984443.238,1,56.63
1624984443.342,0,50.31
1624984443.344,1,57.17
1624984443.448,0,49.13
1624984443.45,1,64.7
1624984443.553,0,50.14
1624984443.556,1,74.75
1624984443.659,0,54.33
1624984443.662,1,77.04
1624984443.767,0,60.95
1624984443.77,1,62.45
1624984443.873,0,80.3
1624984443.877,1,78.33
1624984443.979,0,86.12
1624984443.983,1,80.34
1624984444.088,0,69.1
1624984444.09,1,99.37
1624984444.193,0,50.68
1624984444.197,1,56.28
1624984444.3,0,50.16
1624984444.303,1,57.61
1624984444.409,0,49.38
1624984444.411,1,61.59
1624984444.515,0,50.31
1624984444.517,1,77.9
1624984444.62,0,55.09
1624984444.624,1,74.65
1624984444.73,0,58.03
1624984444.733,1,60.04
1624984444.836,0,77.77
1624984444.839,1,74.37
1624984444.944,0,110.57
1624984444.947,1,118.78
1624984445.05,0,50.84
1624984445.053,1,56.15
1624984445.157,0,50.44
1624984445.159,1,56.9
1624984445.263,0,49.18
1624984445.266,1,60.53
1624984445.372,0,50.62
1624984445.374,1,83.85
1624984445.477,0,56.21
1624984445.481,1,61.44
1624984445.583,0,62.39
1624984445.587,1,62.49
1624984445.692,0,74.09
1624984445.695,1,72.4
1624984445.798,0,111.22
1624984445.801,1,116.31
1624984445.904,0,50.85
1624984445.907,1,56.76
1624984446.013,0,50.84
1624984446.016,1,56.28
1624984446.12,0,50.12
1624984446.123,1,57.15
1624984446.226,0,49.13
1624984446.229,1,63.16
1624984446.334,0,51.6
1624984446.337,1,94.34
1624984446.44,0,57.31
1624984446.443,1,59.13
1624984446.547,0,58.36
1624984446.551,1,59.93
1624984446.655,0,79.02
1624984446.658,1,76.5
1624984446.761,0,104.0
1624984446.764,1,123.78
1624984446.867,0,50.83
1624984446.87,1,56.72
1624984446.976,0,50.48
1624984446.979,1,56.84
1624984447.082,0,49.23
1624984447.087,1,60.97
1624984447.19,0,50.91
1624984447.193,1,76.0
1624984447.297,0,52.85
1624984447.3,1,70.06
1624984447.403,0,63.09
1624984447.406,1,63.05
1624984447.509,0,87.8
1624984447.513,1,81.91
1624984447.617,0,91.73
1624984447.62,1,111.38
1624984447.723,0,50.82
1624984447.726,1,56.34
1624984447.829,0,50.62
1624984447.832,1,57.01
1624984447.938,0,49.51
1624984447.941,1,59.99
1624984448.045,0,50.31
1624984448.048,1,77.16
1624984448.152,0,54.27
1624984448.155,1,80.16
1624984448.26,0,56.3
1624984448.263,1,58.14
1624984448.366,0,69.42
1624984448.369,1,68.87
1624984448.472,0,97.59
1624984448.476,1,89.22
1624984448.58,0,62.76
1624984448.583,1,90.21
1624984448.686,0,50.84
1624984448.69,1,56.37
1624984448.793,0,49.99
1624984448.796,1,57.03
1624984448.901,0,49.57
1624984448.905,1,71.47
1624984449.007,0,54.97
1624984449.01,1,73.53
1624984449.113,0,57.28
1624984449.117,1,58.91
1624984449.222,0,71.5
1624984449.225,1,71.81
1624984449.328,0,105.74
1624984449.332,1,98.45
1624984449.435,0,50.87
1624984449.438,1,76.92
1624984449.543,0,50.69
1624984449.546,1,56.97
1624984449.649,0,49.79
1624984449.652,1,57.87
1624984449.757,0,49.89
1624984449.76,1,65.4
1624984449.864,0,52.29
1624984449.867,1,95.21
1624984449.97,0,55.56
1624984449.973,1,58.38
1624984450.076,0,59.94
1624984450.08,1,60.75
1624984450.185,0,63.41
1624984450.189,1,64.43
1624984450.292,0,96.1
1624984450.296,1,92.19
1624984450.399,0,51.09
1624984450.402,1,91.95
1624984450.506,0,50.63
1624984450.509,1,56.49
1624984450.613,0,50.02
1624984450.615,1,57.71
1624984450.719,0,49.93
1624984450.722,1,70.07
1624984450.827,0,52.84
1624984450.83,1,96.17
1624984450.933,0,57.59
1624984450.936,1,59.86
1624984451.039,0,64.46
1624984451.043,1,63.49
1624984451.147,0,75.69
1624984451.151,1,74.54
1624984451.254,0,112.71
1624984451.257,1,114.15
1624984451.361,0,50.94
1624984451.364,1,56.63
1624984451.469,0,50.82
1624984451.472,1,56.32
1624984451.575,0,50.23
1624984451.578,1,57.47
1624984451.682,0,49.03
1624984451.685,1,61.01
1624984451.791,0,49.64
1624984451.797,1,67.12
1624984451.9,0,53.1
1624984451.903,1,86.06
1624984452.006,0,62.93
1624984452.01,1,64.51
1624984452.113,0,99.96
1624984452.118,1,94.08
1624984452.22,0,50.83
1624984452.223,1,55.48
1624984452.327,0,49.32
1624984452.33,1,55.82
1624984452.434,0,49.86
1624984452.438,1,75.98
1624984452.541,0,56.25
1624984452.544,1,58.35
1624984452.647,0,77.23
1624984452.651,1,74.96
1624984452.754,0,68.31
1624984452.759,1,95.91
1624984452.864,0,49.95
1624984452.867,1,55.45
1624984452.973,0,48.78
1624984452.976,1,58.7
1624984453.079,0,51.97
1624984453.082,1,85.12
1624984453.185,0,66.39
1624984453.188,1,64.55
1624984453.294,0,104.46
1624984453.297,1,95.52
1624984453.4,0,50.82
1624984453.404,1,55.85
1624984453.507,0,50.47
1624984453.51,1,56.84
1624984453.615,0,49.38
1624984453.618,1,60.06
1624984453.721,0,49.99
1624984453.724,1,77.24
1624984453.827,0,54.49
1624984453.83,1,72.61
1624984453.936,0,59.8
1624984453.939,1,61.58
1624984454.042,0,77.19
1624984454.045,1,75.68
1624984454.148,0,107.28
1624984454.151,1,109.14
1624984454.256,0,55.12
1624984454.259,1,82.43
1624984454.362,0,50.51
1624984454.365,1,56.67
1624984454.469,0,50.31
1624984454.472,1,56.87
1624984454.578,0,49.06
1624984454.581,1,60.31
1624984454.684,0,51.82
1624984454.687,1,84.57
1624984454.79,0,55.08
1624984454.793,1,66.07
1624984454.898,0,60.63
1624984454.902,1,62.04
1624984455.005,0,67.38
1624984455.009,1,68.04
1624984455.112,0,78.06
1624984455.116,1,74.87
1624984455.22,0,96.43
1624984455.222,1,110.18
1624984455.325,0,50.77
1624984455.328,1,56.36
1624984455.432,0,50.57
1624984455.434,1,57.19
1624984455.54,0,49.52
1624984455.543,1,59.05
1624984455.647,0,49.99
1624984455.65,1,77.22
1624984455.752,0,55.35
1624984455.756,1,68.86
1624984455.861,0,58.88
1624984455.865,1,60.51
1624984455.968,0,69.73
1624984455.971,1,70.22
1624984456.074,0,79.51
1624984456.077,1,76.16
1624984456.182,0,83.4
1624984456.185,1,101.65
1624984456.288,0,50.63
1624984456.29,1,56.43
1624984456.394,0,50.45
1624984456.397,1,56.72
1624984456.503,0,49.18
1624984456.506,1,61.46
1624984456.609,0,50.35
1624984456.612,1,73.96
1624984456.715,0,54.29
1624984456.718,1,70.09
1624984456.824,0,60.87
1624984456.827,1,61.98
1624984456.93,0,70.73
1624984456.934,1,70.06
1624984457.037,0,118.53
1624984457.04,1,103.75
1624984457.144,0,64.75
1624984457.147,1,84.11
1624984457.25,0,50.76
1624984457.253,1,56.84
1624984457.357,0,50.22
1624984457.36,1,57.26
1624984457.466,0,49.26
1624984457.469,1,62.63
1624984457.572,0,51.08
1624984457.575,1,78.14
1624984457.678,0,55.05
1624984457.681,1,77.32
1624984457.786,0,59.58
1624984457.79,1,61.09
1624984457.893,0,72.92
1624984457.896,1,73.11
1624984457.999,0,97.94
1624984458.003,1,91.39
1624984458.107,0,55.74
1624984458.11,1,83.37
1624984458.213,0,50.9
1624984458.219,1,57.01
1624984458.322,0,49.54
1624984458.325,1,58.98
1624984458.428,0,49.51
1624984458.431,1,70.42
1624984458.534,0,55.43
1624984458.538,1,68.32
1624984458.641,0,60.03
1624984458.644,1,61.33
1624984458.748,0,73.19
1624984458.752,1,72.92
1624984458.855,0,119.65
1624984458.859,1,109.03
1624984458.962,0,54.58
1624984458.965,1,89.93
1624984459.069,0,50.96
1624984459.072,1,57.15
1624984459.176,0,50.31
1624984459.181,1,57.74
1624984459.284,0,48.97
1624984459.287,1,61.17
1624984459.391,0,51.07
1624984459.394,1,82.43
1624984459.497,0,55.91
1624984459.503,1,65.22
1624984459.606,0,64.35
1624984459.61,1,65.39
1624984459.713,0,74.01
1624984459.716,1,73.83
1624984459.819,0,80.41
1624984459.828,1,77.43
1624984459.932,0,64.84
1624984459.935,1,84.2
1624984460.038,0,50.74
1624984460.041,1,56.74
1624984460.144,0,50.5
1624984460.148,1,56.99
1624984460.253,0,49.88
1624984460.256,1,59.04
1624984460.359,0,49.22
1624984460.362,1,69.06
1624984460.465,0,52.06
1624984460.47,1,85.44
1624984460.574,0,57.82
1624984460.577,1,59.91
1624984460.68,0,73.66
1624984460.684,1,73.29
1624984460.787,0,94.79
1624984460.792,1,88.63
1624984460.895,0,98.92
1624984460.898,1,116.86
1624984461.001,0,51.06
1624984461.004,1,56.95
1624984461.107,0,50.45
1624984461.11,1,56.84
1624984461.216,0,49.11
1624984461.219,1,62.56
1624984461.322,0,51.16
1624984461.325,1,88.35
1624984461.427,0,56.54
1624984461.431,1,58.64
1624984461.535,0,65.83
1624984461.543,1,67.31
1624984461.646,0,70.17
1624984461.65,1,70.2
1624984461.752,0,91.15
1624984461.755,1,111.93
1624984461.858,0,50.89
1624984461.861,1,56.5
1624984461.964,0,50.73
1624984461.967,1,57.26
1624984462.071,0,49.65
1624984462.074,1,59.21
1624984462.178,0,49.75
1624984462.181,1,75.64
1624984462.284,0,52.47
1624984462.287,1,85.33
1624984462.39,0,57.92
1624984462.394,1,59.7
1624984462.498,0,65.23
1624984462.502,1,66.37
1624984462.605,0,71.29
1624984462.608,1,72.92
1624984462.711,0,82.15
1624984462.714,1,91.63
1624984462.819,0,50.84
1624984462.822,1,56.64
1624984462.925,0,50.54
1624984462.928,1,57.13
1624984463.031,0,50.12
1624984463.035,1,57.44
1624984463.14,0,49.06
1624984463.144,1,62.33
1624984463.248,0,51.06
1624984463.251,1,81.56
1624984463.354,0,56.08
1624984463.357,1,62.93
1624984463.461,0,58.48
1624984463.464,1,59.85
1624984463.567,0,66.54
1624984463.576,1,64.59
1624984463.681,0,104.34
1624984463.685,1,97.2
1624984463.789,0,76.6
1624984463.792,1,99.17
1624984463.895,0,50.96
1624984463.9,1,56.55
1624984464.003,0,50.79
1624984464.006,1,56.18
1624984464.11,0,50.29
1624984464.112,1,57.53
1624984464.216,0,49.05
1624984464.219,1,63.63
1624984464.324,0,51.04
1624984464.327,1,78.17
1624984464.43,0,55.21
1624984464.434,1,57.95
1624984464.537,0,65.06
1624984464.54,1,63.17
1624984464.645,0,127.26
1624984464.648,1,126.54
1624984464.751,0,61.61
1624984464.755,1,91.64
1624984464.858,0,50.76
1624984464.861,1,56.92
1624984464.966,0,50.61
1624984464.969,1,57.2
1624984465.072,0,49.29
1624984465.075,1,61.49
1624984465.178,0,49.85
1624984465.183,1,69.74
1624984465.287,0,53.09
1624984465.29,1,83.44
1624984465.394,0,57.93
1624984465.398,1,60.08
1624984465.5,0,65.57
1624984465.504,1,65.82
1624984465.608,0,65.2
1624984465.617,1,65.96
1624984465.72,0,114.16
1624984465.723,1,96.22
1624984465.828,0,65.91
1624984465.831,1,92.58
1624984465.934,0,50.76
1624984465.937,1,56.66
1624984466.04,0,50.01
1624984466.045,1,57.61
1624984466.15,0,48.92
1624984466.153,1,63.73
1624984466.256,0,52.01
1624984466.259,1,97.57
1624984466.362,0,58.11
1624984466.365,1,59.32
1624984466.47,0,76.52
1624984466.474,1,75.38
1624984466.577,0,132.85
1624984466.58,1,131.03
1624984466.683,0,50.96
1624984466.686,1,56.36
1624984466.792,0,50.7
1624984466.795,1,56.97
1624984466.9,0,50.15
1624984466.903,1,57.46
1624984467.007,0,49.0
1624984467.009,1,62.96
1624984467.114,0,50.48
1624984467.116,1,78.43
1624984467.219,0,54.79
1624984467.222,1,66.57
1624984467.325,0,60.53
1624984467.332,1,62.3
1624984467.435,0,67.58
1624984467.438,1,67.87
1624984467.541,0,111.54
1624984467.544,1,105.77
1624984467.647,0,50.96
1624984467.65,1,90.54
1624984467.755,0,50.87
1624984467.764,1,56.6
1624984467.868,0,50.66
1624984467.87,1,57.06
1624984467.976,0,50.35
1624984467.979,1,57.33
1624984468.082,0,49.35
1624984468.085,1,65.3
1624984468.188,0,51.16
1624984468.191,1,84.96
1624984468.297,0,58.55
1624984468.3,1,60.06
1624984468.405,0,60.14
1624984468.408,1,61.65
1624984468.511,0,77.38
1624984468.516,1,75.59
1624984468.619,0,106.24
1624984468.622,1,117.29
1624984468.725,0,50.85
1624984468.728,1,56.63
1624984468.831,0,50.65
1624984468.834,1,56.9
1624984468.94,0,49.93
1624984468.943,1,58.22
1624984469.046,0,49.03
1624984469.049,1,66.11
1624984469.152,0,51.42
1624984469.155,1,59.05
1624984469.26,0,58.83
1624984469.264,1,60.62
1624984469.367,0,74.15
1624984469.371,1,73.71
1624984469.474,0,107.09
1624984469.477,1,112.35
1624984469.581,0,52.74
1624984469.587,1,76.87
1624984469.689,0,50.6
1624984469.692,1,56.91
1624984469.796,0,49.75
1624984469.799,1,58.41
1624984469.903,0,49.61
1624984469.907,1,70.17
1624984470.01,0,51.86
1624984470.013,1,93.19
1624984470.116,0,57.95
1624984470.119,1,59.43
1624984470.223,0,64.31
1624984470.228,1,65.33
1624984470.331,0,116.88
1624984470.334,1,109.68
1624984470.437,0,50.98
1624984470.44,1,57.9
1624984470.544,0,50.82
1624984470.549,1,56.8
1624984470.652,0,50.12
1624984470.655,1,57.65
1624984470.759,0,49.22
1624984470.761,1,63.46
1624984470.865,0,50.72
1624984470.869,1,85.36
1624984470.972,0,54.98
1624984470.976,1,70.71
1624984471.078,0,59.51
1624984471.082,1,60.53
1624984471.186,0,69.0
1624984471.191,1,68.78
1624984471.294,0,116.49
1624984471.297,1,117.83
1624984471.4,0,50.88
1624984471.402,1,57.84
1624984471.506,0,50.64
1624984471.511,1,56.36
1624984471.615,0,49.7
1624984471.618,1,59.24
1624984471.721,0,50.01
1624984471.724,1,77.08
1624984471.828,0,54.21
1624984471.832,1,66.47
1624984471.935,0,60.89
1624984471.938,1,62.6
1624984472.041,0,72.15
1624984472.045,1,71.41
1624984472.148,0,117.07
1624984472.153,1,106.77
1624984472.256,0,55.27
1624984472.259,1,75.58
1624984472.362,0,50.83
1624984472.365,1,56.04
1624984472.469,0,50.61
1624984472.474,1,56.98
1624984472.577,0,49.54
1624984472.58,1,59.88
1624984472.683,0,49.37
1624984472.686,1,68.92
1624984472.79,0,47.97
1624984472.795,1,50.42
1624984472.898,0,49.48
1624984472.901,1,59.39
1624984473.004,0,49.55
1624984473.007,1,69.99
1624984473.111,0,52.22
1624984473.115,1,92.38
1624984473.218,0,55.37
1624984473.222,1,58.01
1624984473.325,0,62.73
1624984473.329,1,64.05
1624984473.432,0,94.21
1624984473.437,1,90.12
1624984473.54,0,50.79
1624984473.543,1,66.91
1624984473.646,0,50.7
1624984473.649,1,56.59
1624984473.753,0,50.09
1624984473.758,1,57.51
1624984473.861,0,49.37
1624984473.864,1,68.05
1624984473.967,0,53.3
1624984473.969,1,89.46
1624984474.073,0,56.66
1624984474.079,1,58.53
1624984474.182,0,64.94
1624984474.185,1,65.68
1624984474.288,0,68.79
1624984474.292,1,70.0
1624984474.395,0,95.03
1624984474.401,1,91.64
1624984474.504,0,77.45
1624984474.506,1,99.15
1624984474.61,0,50.76
1624984474.613,1,56.46
1624984474.716,0,50.6
1624984474.72,1,57.19
1624984474.824,0,50.14
1624984474.827,1,57.76
1624984474.93,0,49.29
1624984474.933,1,68.78
1624984475.037,0,51.33
1624984475.041,1,82.28
1624984475.144,0,55.92
1624984475.147,1,64.48
1624984475.25,0,62.08
1624984475.254,1,62.8
1624984475.357,0,79.67
1624984475.362,1,77.62
1624984475.465,0,95.93
1624984475.468,1,117.83
1624984475.571,0,50.62
1624984475.574,1,56.8
1624984475.678,0,49.93
1624984475.683,1,58.71
1624984475.786,0,49.29
1624984475.789,1,68.88
1624984475.892,0,52.14
1624984475.895,1,88.4
1624984475.998,0,55.03
1624984476.004,1,64.64
1624984476.107,0,61.47
1624984476.11,1,62.61
1624984476.214,0,74.25
1624984476.217,1,73.91
1624984476.32,0,117.95
1624984476.325,1,114.24
1624984476.428,0,50.94
1624984476.431,1,56.24
1624984476.534,0,50.47
1624984476.537,1,57.34
1624984476.641,0,48.85
1624984476.646,1,62.13
1624984476.749,0,50.24
1624984476.752,1,73.33
1624984476.855,0,53.34
1624984476.858,1,81.44
1624984476.961,0,57.87
1624984476.967,1,59.35
1624984477.07,0,65.46
1624984477.073,1,66.81
1624984477.176,0,111.43
1624984477.179,1,102.44
1624984477.282,0,50.95
1624984477.287,1,63.97
1624984477.391,0,50.66
1624984477.394,1,56.47
1624984477.497,0,49.54
1624984477.501,1,58.98
1624984477.604,0,49.72
1624984477.609,1,69.61
1624984477.711,0,54.41
1624984477.714,1,67.56
1624984477.817,0,59.01
1624984477.821,1,60.53
1624984477.924,0,68.66
1624984477.93,1,69.03
1624984478.033,0,93.8
1624984478.036,1,89.36
1624984478.139,0,81.41
1624984478.142,1,98.85
1624984478.245,0,50.99
1624984478.251,1,56.22
1624984478.354,0,50.25
1624984478.357,1,57.7
1624984478.461,0,48.93
1624984478.463,1,63.23
1624984478.567,0,49.61
1624984478.572,1,67.95
1624984478.674,0,51.05
1624984478.677,1,93.17
1624984478.78,0,56.61
1624984478.784,1,58.8
1624984478.887,0,69.83
1624984478.893,1,69.45
1624984478.996,0,68.2
1624984478.999,1,94.4
1624984479.102,0,50.09
1624984479.105,1,55.51
1624984479.208,0,48.87
1624984479.215,1,62.98
1624984479.317,0,55.4
1624984479.321,1,65.77
1624984479.424,0,74.37
1624984479.427,1,69.8
1624984479.531,0,50.92
1624984479.535,1,77.09
1624984479.638,0,48.1
1624984479.641,1,74.96
1624984479.744,0,56.67
1624984479.747,1,64.95
1624984479.85,0,56.72
1624984479.856,1,59.26
1624984479.959,0,63.06
1624984479.962,1,64.48
1624984480.065,0,74.93
1624984480.068,1,73.29
1624984480.171,0,109.01
1624984480.176,1,121.85
1624984480.279,0,50.92
1624984480.282,1,58.35
1624984480.385,0,50.42
1624984480.388,1,57.11
1624984480.492,0,50.12
1624984480.497,1,57.82
1624984480.6,0,49.34
1624984480.603,1,64.44
1624984480.706,0,51.11
1624984480.711,1,86.89
1624984480.814,0,56.17
1624984480.819,1,63.78
1624984480.922,0,60.61
1624984480.925,1,60.71
1624984481.031,0,69.68
1624984481.034,1,68.69
1624984481.137,0,115.54
1624984481.14,1,114.34
1624984481.243,0,50.99
1624984481.246,1,85.63
1624984481.351,0,50.76
1624984481.354,1,56.28
1624984481.458,0,50.19
1624984481.461,1,57.62
1624984481.564,0,48.81
1624984481.567,1,61.64
1624984481.672,0,51.17
1624984481.675,1,78.09
1624984481.778,0,54.92
1624984481.782,1,68.58
1624984481.885,0,64.93
1624984481.888,1,64.46
1624984481.993,0,82.77
1624984481.997,1,80.1
1624984482.1,0,106.59
1624984482.103,1,110.35
1624984482.206,0,50.92
1624984482.209,1,86.97
1624984482.314,0,50.76
1624984482.317,1,56.54
1624984482.42,0,50.02
1624984482.424,1,57.72
1624984482.527,0,49.61
1624984482.53,1,67.02
1624984482.635,0,51.75
1624984482.638,1,94.13
1624984482.741,0,56.84
1624984482.745,1,59.01
1624984482.848,0,61.19
1624984482.851,1,61.92
1624984482.956,0,82.79
1624984482.959,1,81.45
1624984483.062,0,97.04
1624984483.066,1,114.17
1624984483.169,0,50.73
1624984483.172,1,56.71
1624984483.277,0,50.42
1624984483.28,1,56.78
1624984483.384,0,49.64
1624984483.387,1,60.42
1624984483.49,0,50.39
1624984483.493,1,77.34
1624984483.598,0,53.1
1624984483.601,1,79.16
1624984483.704,0,58.5
1624984483.708,1,60.38
1624984483.811,0,60.31
1624984483.814,1,61.4
1624984483.919,0,64.17
1624984483.922,1,65.27
1624984484.025,0,79.95
1624984484.029,1,79.3
1624984484.132,0,73.5
1624984484.135,1,107.83
1624984484.241,0,50.83
1624984484.244,1,56.38
1624984484.348,0,50.41
1624984484.35,1,57.15
1624984484.454,0,49.48
1624984484.457,1,63.56
1624984484.561,0,50.53
1624984484.564,1,77.41
1624984484.667,0,56.29
1624984484.671,1,62.94
1624984484.774,0,62.67
1624984484.777,1,62.45
1624984484.882,0,105.91
1624984484.885,1,99.93
1624984484.988,0,51.01
1624984484.991,1,67.58
1624984485.094,0,50.89
1624984485.097,1,56.39
1624984485.203,0,50.15
1624984485.206,1,57.39
1624984485.309,0,49.09
1624984485.312,1,66.67
1624984485.415,0,52.84
1624984485.418,1,92.59
1624984485.523,0,56.62
1624984485.527,1,58.84
1624984485.63,0,59.35
1624984485.633,1,61.52
1624984485.736,0,81.15
1624984485.739,1,75.39
1624984485.846,0,112.68
1624984485.849,1,106.69
1624984485.952,0,50.85
1624984485.955,1,56.46
1624984486.058,0,50.44
1624984486.061,1,57.08
1624984486.166,0,49.79
1624984486.169,1,59.6
1624984486.272,0,49.95
1624984486.275,1,70.29
1624984486.378,0,53.22
1624984486.381,1,94.06
1624984486.486,0,55.33
1624984486.489,1,59.6
1624984486.592,0,62.65
1624984486.596,1,64.05
1624984486.699,0,70.14
1624984486.702,1,67.31
1624984486.807,0,103.54
1624984486.81,1,116.73
1624984486.913,0,50.89
1624984486.916,1,56.2
1624984487.019,0,50.41
1624984487.022,1,56.65
1624984487.128,0,50.17
1624984487.131,1,57.41
1624984487.235,0,49.69
1624984487.238,1,71.51
1624984487.34,0,53.7
1624984487.343,1,86.09
1624984487.45,0,59.08
1624984487.454,1,60.55
1624984487.557,0,67.11
1624984487.56,1,66.79
1624984487.663,0,104.59
1624984487.667,1,97.52
1624984487.77,0,54.69
1624984487.773,1,83.79
1624984487.876,0,50.6
1624984487.879,1,56.84
1624984487.983,0,49.61
1624984487.986,1,58.14
1624984488.091,0,50.68
1624984488.094,1,81.05
1624984488.197,0,55.68
1624984488.2,1,64.98
1624984488.303,0,63.2
1624984488.306,1,63.24
1624984488.412,0,77.28
1624984488.415,1,76.01
1624984488.518,0,85.07
1624984488.521,1,106.23
1624984488.624,0,50.89
1624984488.627,1,56.04
1624984488.733,0,50.37
1624984488.736,1,57.11
1624984488.84,0,50.05
1624984488.843,1,57.28
1624984488.947,0,49.25
1624984488.949,1,66.81
1624984489.055,0,52.67
1624984489.058,1,91.67
1624984489.161,0,57.73
1624984489.164,1,59.9
1624984489.267,0,64.03
1624984489.271,1,63.81
1624984489.375,0,95.47
1624984489.379,1,92.17
1624984489.482,0,53.15
1624984489.485,1,85.05
1624984489.587,0,50.59
1624984489.59,1,56.68
1624984489.696,0,49.7
1624984489.699,1,58.72
1624984489.802,0,49.7
1624984489.805,1,73.56
1624984489.908,0,56.31
1624984489.911,1,77.88
1624984490.016,0,58.58
1624984490.02,1,60.16
1624984490.123,0,77.41
1624984490.126,1,74.04
1624984490.229,0,84.75
1624984490.232,1,79.33
1624984490.337,0,71.61
1624984490.34,1,91.8
1624984490.442,0,50.68
1624984490.445,1,56.08
1624984490.549,0,49.54
1624984490.552,1,57.59
1624984490.66,0,49.16
1624984490.665,1,60.73
1624984490.769,0,50.21
1624984490.772,1,76.72
1624984490.874,0,54.53
1624984490.878,1,67.95
1624984490.98,0,56.62
1624984490.986,1,58.79
1624984491.089,0,68.45
1624984491.093,1,67.86
1624984491.196,0,104.06
1624984491.199,1,99.64
1624984491.302,0,50.82
1624984491.307,1,62.9
1624984491.411,0,50.31
1624984491.413,1,56.94
1624984491.517,0,49.64
1624984491.52,1,58.54
1624984491.624,0,49.4
1624984491.628,1,65.89
1624984491.731,0,51.82
1624984491.734,1,84.65
1624984491.837,0,58.54
1624984491.84,1,59.95
1624984491.944,0,71.89
1624984491.949,1,70.7
1624984492.052,0,87.1
1624984492.056,1,83.81
1624984492.159,0,66.71
1624984492.162,1,103.92
1624984492.268,0,50.69
1624984492.271,1,56.86
1624984492.374,0,50.34
1624984492.378,1,57.19
1624984492.481,0,49.48
1624984492.484,1,58.62
1624984492.588,0,49.9
1624984492.591,1,69.57
1624984492.694,0,53.71
1624984492.697,1,67.25
1624984492.8,0,59.81
1624984492.803,1,61.26
1624984492.906,0,72.03
1624984492.912,1,71.07
1624984493.015,0,107.89
1624984493.019,1,99.32
1624984493.122,0,50.89
1624984493.124,1,72.94
1624984493.227,0,50.63
1624984493.233,1,56.42
1624984493.337,0,50.06
1624984493.34,1,57.8
1624984493.443,0,49.55
1624984493.446,1,54.89
1624984493.549,0,48.04
1624984493.554,1,50.46
1624984493.657,0,48.01
1624984493.66,1,50.37
1624984493.763,0,47.76
1624984493.766,1,50.29
1624984493.869,0,47.88
1624984493.874,1,50.36
1624984493.983,0,47.81
1624984493.986,1,50.25
1624984494.089,0,47.84
1624984494.095,1,50.08
1624984494.198,0,47.81
1624984494.201,1,50.04
1624984494.306,0,47.75
1624984494.309,1,50.21
1624984494.411,0,47.75
1624984494.415,1,50.09
1624984494.518,0,47.75
1624984494.521,1,50.21
1624984494.624,0,47.81
1624984494.627,1,50.15
1624984494.731,0,47.72
1624984494.736,1,50.05
1624984494.839,0,47.72
1624984494.842,1,49.96
1624984494.945,0,47.67
1624984494.948,1,50.0
1624984495.05,0,47.78
1624984495.053,1,50.12
1624984495.156,0,50.47
1624984495.159,1,55.99
1624984495.263,0,50.19
1624984495.265,1,57.32
1624984495.369,0,49.61
1624984495.372,1,59.83
1624984495.475,0,49.88
1624984495.478,1,73.6
1624984495.583,0,55.07
1624984495.586,1,67.86
1624984495.689,0,55.52
1624984495.692,1,57.87
1624984495.795,0,63.58
1624984495.799,1,64.71
1624984495.902,0,66.31
1624984495.906,1,63.99
1624984496.013,0,93.69
1624984496.016,1,90.58
1624984496.119,0,75.86
1624984496.122,1,105.53
1624984496.225,0,50.76
1624984496.228,1,56.79
1624984496.332,0,50.0
1624984496.334,1,57.51
1624984496.439,0,49.43
1624984496.442,1,65.29
1624984496.545,0,50.91
1624984496.549,1,90.34
1624984496.652,0,55.02
1624984496.655,1,66.52
1624984496.758,0,62.1
1624984496.762,1,62.72
1624984496.866,0,79.1
1624984496.87,1,76.11
1624984496.972,0,89.93
1624984496.975,1,104.63
1624984497.078,0,50.71
1624984497.083,1,56.12
1624984497.186,0,50.63
1624984497.189,1,56.92
1624984497.294,0,50.42
1624984497.297,1,56.81
1624984497.4,0,49.17
1624984497.404,1,61.29
1624984497.507,0,50.44
1624984497.51,1,78.9
1624984497.613,0,55.99
1624984497.616,1,83.4
1624984497.722,0,55.44
1624984497.725,1,57.89
1624984497.828,0,59.16
1624984497.832,1,60.49
1624984497.934,0,81.8
1624984497.938,1,79.46
1624984498.041,0,105.89
1624984498.045,1,101.78
1624984498.154,0,50.92
1624984498.157,1,65.82
1624984498.26,0,50.7
1624984498.266,1,56.1
1624984498.37,0,49.9
1624984498.372,1,57.31
1624984498.476,0,49.15
1624984498.479,1,67.77
1624984498.582,0,50.63
1624984498.587,1,92.11
1624984498.69,0,55.04
1624984498.693,1,59.27
1624984498.796,0,62.18
1624984498.8,1,62.82
1624984498.902,0,94.18
1624984498.908,1,90.12
1624984499.011,0,86.83
1624984499.014,1,110.03
1624984499.117,0,50.82
1624984499.119,1,56.21
1624984499.223,0,50.54
1624984499.228,1,56.45
1624984499.331,0,48.94
1624984499.334,1,59.91
1624984499.439,0,49.83
1624984499.442,1,74.71
1624984499.545,0,55.55
1624984499.549,1,74.4
1624984499.652,0,58.22
1624984499.657,1,60.26
1624984499.76,0,64.12
1624984499.763,1,64.26
1624984499.867,0,90.06
1624984499.871,1,84.64
1624984499.974,0,50.83
1624984499.977,1,65.11
1624984500.08,0,50.63
1624984500.083,1,56.15
1624984500.187,0,50.25
1624984500.191,1,56.71
1624984500.301,0,49.57
1624984500.304,1,59.38
1624984500.408,0,49.99
1624984500.412,1,75.4
1624984500.515,0,54.03
1624984500.518,1,81.73
1624984500.621,0,57.7
1624984500.624,1,59.1
1624984500.729,0,65.68
1624984500.734,1,65.97
1624984500.836,0,86.66
1624984500.84,1,82.98
1624984500.943,0,76.41
1624984500.946,1,98.21
1624984501.049,0,50.85
1624984501.054,1,55.97
1624984501.158,0,50.41
1624984501.162,1,56.94
1624984501.266,0,48.72
1624984501.268,1,63.38
1624984501.372,0,50.92
1624984501.375,1,92.25
1624984501.478,0,56.88
1624984501.481,1,58.85
1624984501.584,0,61.23
1624984501.588,1,62.34
1624984501.691,0,62.16
1624984501.696,1,64.04
1624984501.799,0,103.81
1624984501.803,1,96.33
1624984501.906,0,50.75
1624984501.909,1,56.06
1624984502.012,0,50.52
1624984502.017,1,56.22
1624984502.12,0,49.99
1624984502.123,1,57.24
1624984502.228,0,48.97
1624984502.23,1,66.04
1624984502.333,0,52.53
1624984502.338,1,81.61
1624984502.441,0,57.04
1624984502.444,1,58.84
1624984502.548,0,66.72
1624984502.551,1,67.38
1624984502.654,0,108.63
1624984502.659,1,99.53
1624984502.762,0,67.21
1624984502.768,1,94.55
1624984502.871,0,50.65
1624984502.874,1,56.64
1624984502.977,0,50.28
1624984502.981,1,56.95
1624984503.085,0,48.9
1624984503.088,1,61.58
1624984503.191,0,49.98
1624984503.194,1,77.99
1624984503.297,0,53.59
1624984503.302,1,88.83
1624984503.405,0,55.99
1624984503.408,1,58.24
1624984503.511,0,64.25
1624984503.515,1,64.87
1624984503.617,0,99.9
1624984503.623,1,89.6
1624984503.728,0,66.0
1624984503.731,1,93.85
1624984503.833,0,50.62
1624984503.836,1,56.4
1624984503.94,0,49.77
1624984503.944,1,57.6
1624984504.047,0,48.94
1624984504.05,1,63.26
1624984504.154,0,51.84
1624984504.156,1,89.81
1624984504.259,0,55.69
1624984504.265,1,57.95
1624984504.368,0,60.71
1624984504.373,1,62.22
1624984504.476,0,77.08
1624984504.479,1,76.47
1624984504.582,0,95.73
1624984504.586,1,117.52
1624984504.688,0,50.74
1624984504.691,1,56.27
1624984504.795,0,50.31
1624984504.798,1,56.65
1624984504.901,0,48.68
1624984504.906,1,62.11
1624984505.01,0,49.91
1624984505.013,1,78.19
1624984505.115,0,56.75
1624984505.119,1,61.58
1624984505.222,0,61.84
1624984505.228,1,62.42
1624984505.332,0,100.69
1624984505.336,1,95.46
1624984505.439,0,77.75
1624984505.441,1,100.39
1624984505.544,0,50.84
1624984505.548,1,56.5
1624984505.652,0,50.25
1624984505.655,1,57.08
1624984505.758,0,49.19
1624984505.761,1,60.98
1624984505.865,0,49.94
1624984505.869,1,75.53
1624984505.972,0,55.58
1624984505.976,1,60.69
1624984506.079,0,63.68
1624984506.083,1,65.03
1624984506.186,0,87.46
1624984506.19,1,85.66
1624984506.293,0,94.53
1624984506.296,1,110.79
1624984506.399,0,50.83
1624984506.402,1,56.48
1624984506.505,0,50.43
1624984506.511,1,56.9
1624984506.614,0,50.08
1624984506.617,1,57.31
1624984506.721,0,49.3
1624984506.723,1,65.25
1624984506.826,0,51.15
1624984506.832,1,89.51
1624984506.936,0,55.65
1624984506.94,1,57.91
1624984507.042,0,61.37
1624984507.046,1,62.55
1624984507.149,0,70.91
1624984507.153,1,70.69
1624984507.256,0,85.33
1624984507.26,1,84.21
1624984507.363,0,59.18
1624984507.366,1,87.74
1624984507.469,0,50.76
1624984507.475,1,56.18
1624984507.578,0,50.27
1624984507.581,1,56.59
1624984507.685,0,49.29
1624984507.688,1,60.47
1624984507.791,0,50.79
1624984507.795,1,79.51
1624984507.898,0,54.43
1624984507.901,1,67.71
1624984508.004,0,61.8
1624984508.007,1,62.62
1624984508.111,0,68.37
1624984508.117,1,69.22
1624984508.22,0,91.26
1624984508.223,1,89.25
1624984508.326,0,53.41
1624984508.329,1,79.21
1624984508.432,0,50.85
1624984508.437,1,55.9
1624984508.54,0,50.25
1624984508.543,1,56.32
1624984508.647,0,48.81
1624984508.65,1,62.43
1624984508.753,0,50.5
1624984508.758,1,87.91
1624984508.861,0,55.0
1624984508.864,1,64.03
1624984508.967,0,57.5
1624984508.971,1,59.47
1624984509.073,0,60.99
1624984509.079,1,61.82
1624984509.182,0,118.57
1624984509.185,1,111.15
1624984509.288,0,50.88
1624984509.291,1,56.31
1624984509.394,0,50.58
1624984509.4,1,56.58
1624984509.503,0,49.99
1624984509.506,1,57.12
1624984509.609,0,50.14
1624984509.612,1,73.53
1624984509.715,0,52.84
1624984509.721,1,92.74
1624984509.823,0,56.23
1624984509.827,1,58.6
1624984509.93,0,65.86
1624984509.933,1,66.42
1624984510.036,0,76.47
1624984510.042,1,75.53
1624984510.145,0,83.52
1624984510.148,1,98.61
1624984510.25,0,50.7
1624984510.253,1,55.88
1624984510.357,0,50.02
1624984510.362,1,57.37
1624984510.466,0,48.97
1624984510.469,1,61.16
1624984510.572,0,50.65
1624984510.575,1,88.27
1624984510.678,0,55.92
1624984510.683,1,57.99
1624984510.786,0,60.23
1624984510.79,1,61.35
1624984510.893,0,74.0
1624984510.896,1,73.41
1624984510.999,0,98.99
1624984511.005,1,85.98
1624984511.111,0,72.26
1624984511.113,1,95.71
1624984511.216,0,50.73
1624984511.219,1,56.42
1624984511.323,0,50.06
1624984511.325,1,57.03
1624984511.432,0,49.42
1624984511.435,1,59.83
1624984511.539,0,50.05
1624984511.541,1,77.69
1624984511.646,0,55.05
1624984511.649,1,66.86
1624984511.753,0,59.99
1624984511.756,1,61.4
1624984511.859,0,69.12
1624984511.863,1,69.59
1624984511.965,0,90.56
1624984511.969,1,81.56
1624984512.074,0,96.41
1624984512.077,1,117.16
1624984512.179,0,50.65
1624984512.182,1,55.85
1624984512.286,0,50.25
1624984512.289,1,56.64
1624984512.395,0,49.38
1624984512.398,1,60.04
1624984512.501,0,49.48
1624984512.504,1,68.28
1624984512.607,0,54.37
1624984512.61,1,74.85
1624984512.716,0,58.72
1624984512.719,1,60.41
1624984512.822,0,64.89
1624984512.826,1,65.67
1624984512.929,0,88.72
1624984512.932,1,81.57
1624984513.037,0,75.14
1624984513.04,1,97.57
1624984513.143,0,50.73
1624984513.146,1,56.5
1624984513.25,0,50.22
1624984513.253,1,56.67
1624984513.359,0,49.71
1624984513.361,1,57.8
1624984513.465,0,49.07
1624984513.471,1,61.74
1624984513.574,0,49.82
1624984513.577,1,75.43
1624984513.68,0,56.04
1624984513.683,1,58.76
1624984513.786,0,62.6
1624984513.792,1,63.54
1624984513.895,0,76.24
1624984513.898,1,76.01
1624984514.001,0,115.12
1624984514.004,1,134.17
1624984514.107,0,50.83
1624984514.113,1,56.05
1624984514.217,0,50.41
1624984514.219,1,56.4
1624984514.323,0,49.11
1624984514.326,1,61.38
1624984514.429,0,50.52
1624984514.434,1,82.29
1624984514.536,0,56.38
1624984514.54,1,59.67
1624984514.643,0,64.21
1624984514.646,1,64.07
1624984514.749,0,85.2
1624984514.755,1,82.64
1624984514.858,0,97.67
1624984514.861,1,113.48
1624984514.963,0,50.7
1624984514.966,1,55.92
1624984515.07,0,50.41
1624984515.075,1,56.99
1624984515.178,0,49.87
1624984515.181,1,57.8
1624984515.285,0,49.32
1624984515.288,1,70.21
1624984515.39,0,52.1
1624984515.396,1,84.24
1624984515.499,0,57.28
1624984515.502,1,59.33
1624984515.605,0,64.04
1624984515.609,1,65.14
1624984515.712,0,76.45
1624984515.717,1,75.03
1624984515.82,0,104.21
1624984515.823,1,121.61
1624984515.926,0,50.7
1624984515.929,1,56.14
1624984516.032,0,50.6
1624984516.038,1,56.67
1624984516.141,0,49.9
1624984516.144,1,58.37
1624984516.248,0,49.29
1624984516.251,1,70.43
1624984516.353,0,51.73
1624984516.359,1,95.9
1624984516.462,0,58.57
1624984516.465,1,60.07
1624984516.568,0,67.53
1624984516.571,1,67.21
1624984516.674,0,83.71
1624984516.681,1,79.36
1624984516.784,0,109.67
1624984516.787,1,123.61
1624984516.89,0,50.73
1624984516.892,1,56.28
1624984516.996,0,50.58
1624984517.002,1,56.28
1624984517.105,0,50.01
1624984517.108,1,57.24
1624984517.211,0,49.13
1624984517.214,1,63.67
1624984517.318,0,50.14
1624984517.322,1,82.44
1624984517.425,0,55.83
1624984517.428,1,67.54
1624984517.531,0,66.49
1624984517.534,1,66.91
1624984517.637,0,75.32
1624984517.643,1,73.81
1624984517.746,0,102.16
1624984517.749,1,111.01
1624984517.852,0,50.75
1624984517.854,1,56.05
1624984517.958,0,50.35
1624984517.964,1,56.62
1624984518.067,0,49.29
1624984518.07,1,60.65
1624984518.174,0,49.96
1624984518.176,1,76.82
1624984518.279,0,55.94
1624984518.285,1,64.67
1624984518.388,0,61.08
1624984518.391,1,62.01
1624984518.494,0,86.48
1624984518.498,1,81.9
1624984518.601,0,91.46
1624984518.606,1,112.96
1624984518.709,0,50.83
1624984518.712,1,56.37
1624984518.815,0,50.44
1624984518.818,1,56.82
1624984518.922,0,49.38
1624984518.926,1,58.7
1624984519.03,0,50.05
1624984519.033,1,72.36
1624984519.135,0,53.2
1624984519.138,1,94.08
1624984519.241,0,57.32
1624984519.247,1,58.9
1624984519.35,0,73.21
1624984519.354,1,71.23
1624984519.457,0,112.99
1624984519.46,1,111.68
1624984519.563,0,50.7
1624984519.568,1,55.82
1624984519.672,0,50.35
1624984519.675,1,56.74
1624984519.778,0,49.17
1624984519.781,1,64.66
1624984519.884,0,50.58
1624984519.889,1,86.44
1624984519.992,0,56.15
1624984519.995,1,58.33
1624984520.098,0,67.89
1624984520.102,1,67.71
1624984520.204,0,97.44
1624984520.212,1,84.08
1624984520.317,0,89.53
1624984520.32,1,109.5
1624984520.423,0,50.76
1624984520.425,1,56.16
1624984520.529,0,50.34
1624984520.532,1,56.6
1624984520.638,0,48.94
1624984520.641,1,60.76
1624984520.744,0,49.83
1624984520.747,1,75.71
1624984520.85,0,55.1
1624984520.853,1,72.63
1624984520.958,0,57.69
1624984520.962,1,59.43
1624984521.065,0,69.54
1624984521.068,1,70.07
1624984521.171,0,109.8
1624984521.175,1,97.75
1624984521.28,0,76.28
1624984521.282,1,103.67
1624984521.385,0,50.57
1624984521.388,1,56.24
1624984521.492,0,50.18
1624984521.495,1,56.72
1624984521.601,0,48.84
1624984521.604,1,63.34
1624984521.707,0,50.89
1624984521.71,1,91.5
1624984521.813,0,56.16
1624984521.817,1,58.01
1624984521.921,0,62.1
1624984521.925,1,63.09
1624984522.028,0,85.8
1624984522.031,1,83.6
1624984522.134,0,87.73
1624984522.137,1,110.86
1624984522.242,0,50.76
1624984522.245,1,56.47
1624984522.349,0,50.49
1624984522.351,1,56.28
1624984522.455,0,49.77
1624984522.458,1,57.8
1624984522.563,0,49.1
1624984522.566,1,66.71
1624984522.669,0,52.51
1624984522.672,1,82.43
1624984522.775,0,58.08
1624984522.778,1,59.01
1624984522.884,0,60.26
1624984522.888,1,61.59
1624984522.991,0,88.13
1624984522.994,1,85.16
1624984523.097,0,84.33
1624984523.1,1,108.31
1624984523.205,0,50.74
1624984523.208,1,56.06
1624984523.311,0,49.96
1624984523.314,1,56.6
1624984523.418,0,48.9
1624984523.422,1,60.35
1624984523.526,0,50.24
1624984523.529,1,79.76
1624984523.632,0,56.61
1624984523.636,1,62.89
1624984523.739,0,59.75
1624984523.742,1,60.41
1624984523.847,0,66.38
1624984523.851,1,68.21
1624984523.954,0,116.62
1624984523.956,1,121.25
1624984524.06,0,50.8
1624984524.063,1,93.86
1624984524.168,0,50.6
1624984524.171,1,55.83
1624984524.274,0,50.28
1624984524.277,1,56.16
1624984524.381,0,49.0
1624984524.384,1,62.27
1624984524.489,0,51.8
1624984524.492,1,86.61
1624984524.595,0,57.83
1624984524.599,1,59.91
1624984524.701,0,65.79
1624984524.705,1,65.2
1624984524.81,0,102.94
1624984524.813,1,96.15
1624984524.916,0,54.25
1624984524.919,1,77.51
1624984525.022,0,50.68
1624984525.026,1,56.07
1624984525.131,0,50.31
1624984525.134,1,56.49
1624984525.237,0,48.84
1624984525.24,1,63.63
1624984525.343,0,51.23
1624984525.346,1,89.34
1624984525.451,0,56.36
1624984525.454,1,58.41
1624984525.557,0,60.69
1624984525.561,1,61.88
1624984525.664,0,61.74
1624984525.668,1,62.49
1624984525.772,0,81.6
1624984525.776,1,80.13
1624984525.879,0,71.2
1624984525.881,1,97.69
1624984525.984,0,50.63
1624984525.99,1,56.63
1624984526.093,0,50.35
1624984526.096,1,56.34
1624984526.2,0,48.86
1624984526.202,1,63.84
1624984526.305,0,51.21
1624984526.308,1,86.78
1624984526.414,0,55.33
1624984526.417,1,65.3
1624984526.52,0,56.63
1624984526.523,1,58.9
1624984526.626,0,72.94
1624984526.63,1,71.16
1624984526.734,0,77.01
1624984526.739,1,75.68
1624984526.842,0,77.94
1624984526.845,1,98.45
1624984526.948,0,50.47
1624984526.951,1,56.57
1624984527.056,0,50.35
1624984527.06,1,56.43
1624984527.163,0,49.7
1624984527.166,1,58.47
1624984527.269,0,49.01
1624984527.272,1,66.77
1624984527.376,0,50.85
1624984527.379,1,82.17
1624984527.482,0,56.15
1624984527.485,1,58.58
1624984527.588,0,62.29
1624984527.592,1,62.01
1624984527.697,0,75.84
1624984527.701,1,74.31
1624984527.804,0,110.74
1624984527.807,1,128.97
1624984527.91,0,50.6
1624984527.913,1,55.82
1624984528.018,0,50.31
1624984528.021,1,56.51
1624984528.125,0,49.51
1624984528.13,1,58.47
1624984528.233,0,49.25
1624984528.236,1,70.41
1624984528.339,0,53.33
1624984528.342,1,77.85
1624984528.445,0,59.71
1624984528.448,1,60.71
1624984528.551,0,66.47
1624984528.559,1,66.82
1624984528.662,0,48.33
1624984528.665,1,50.86
1624984528.768,0,58.83
1624984528.772,1,60.61
1624984528.875,0,70.27
1624984528.878,1,69.98
1624984528.981,0,84.29
1624984528.985,1,80.01
1624984529.088,0,66.08
1624984529.091,1,90.9
1624984529.194,0,50.74
1624984529.197,1,55.77
1624984529.302,0,50.34
1624984529.307,1,56.13
1624984529.411,0,49.86
1624984529.414,1,57.65
1624984529.517,0,48.93
1624984529.52,1,62.7
1624984529.623,0,50.94
1624984529.626,1,91.78
1624984529.729,0,55.87
1624984529.734,1,58.05
1624984529.837,0,60.16
1624984529.84,1,61.35
1624984529.944,0,70.28
1624984529.947,1,69.75
1624984530.05,0,102.07
1624984530.053,1,119.29
1624984530.156,0,50.72
1624984530.16,1,56.18
1624984530.264,0,50.18
1624984530.267,1,56.64
1624984530.371,0,49.13
1624984530.374,1,59.99
1624984530.477,0,50.12
1624984530.48,1,75.31
1624984530.585,0,51.9
1624984530.591,1,90.7
1624984530.695,0,55.81
1624984530.698,1,58.16
1624984530.801,0,64.54
1624984530.805,1,65.49
1624984530.908,0,64.86
1624984530.911,1,66.2
1624984531.014,0,112.8
1624984531.017,1,122.24
1624984531.12,0,50.66
1624984531.123,1,61.89
1624984531.227,0,50.5
1624984531.23,1,56.42
1624984531.334,0,49.7
1624984531.337,1,58.18
1624984531.44,0,49.25
1624984531.445,1,63.56
1624984531.548,0,50.91
1624984531.551,1,79.65
1624984531.654,0,55.14
1624984531.657,1,67.7
1624984531.76,0,62.36
1624984531.764,1,61.76
1624984531.869,0,74.93
1624984531.874,1,74.35
1624984531.976,0,86.22
1624984531.979,1,96.83
1624984532.082,0,50.74
1624984532.085,1,55.89
1624984532.189,0,50.37
1624984532.193,1,56.18
1624984532.298,0,49.51
1624984532.302,1,57.73
1624984532.405,0,49.38
1624984532.408,1,73.31
1624984532.511,0,54.6
1624984532.514,1,71.95
1624984532.617,0,59.32
1624984532.62,1,60.93
1624984532.723,0,66.32
1624984532.729,1,65.72
1624984532.832,0,91.42
1624984532.835,1,86.7
1624984532.938,0,50.7
1624984532.941,1,58.88
1624984533.044,0,50.38
1624984533.047,1,56.55
1624984533.153,0,49.69
1624984533.159,1,58.16
1624984533.262,0,49.46
1624984533.265,1,70.74
1624984533.368,0,53.63
1624984533.371,1,77.04
1624984533.474,0,58.44
1624984533.477,1,60.33
1624984533.58,0,61.71
1624984533.584,1,63.06
1624984533.687,0,74.39
1624984533.691,1,72.69
1624984533.794,0,103.75
1624984533.797,1,124.21
1624984533.902,0,50.5
1624984533.905,1,56.39
1624984534.008,0,50.06
1624984534.011,1,56.98
1624984534.116,0,48.88
1624984534.119,1,62.16
1624984534.223,0,50.06
1624984534.226,1,80.59
1624984534.329,0,55.88
1624984534.332,1,59.2
1624984534.436,0,60.96
1624984534.44,1,62.27
1624984534.543,0,83.07
1624984534.549,1,80.79
1624984534.652,0,98.09
1624984534.655,1,97.74
1624984534.758,0,50.77
1624984534.761,1,67.15
1624984534.864,0,50.31
1624984534.866,1,56.49
1624984534.97,0,49.45
1624984534.975,1,57.28
1624984535.078,0,49.9
1624984535.081,1,74.62
1624984535.184,0,54.2
1624984535.187,1,78.78
1624984535.29,0,58.03
1624984535.293,1,59.36
1624984535.399,0,61.53
1624984535.402,1,61.51
1624984535.507,0,121.77
1624984535.51,1,113.65
1624984535.613,0,50.65
1624984535.616,1,77.89
1624984535.72,0,50.54
1624984535.723,1,56.45
1624984535.826,0,50.12
1624984535.832,1,56.39
1624984535.935,0,48.65
1624984535.938,1,63.22
1624984536.041,0,50.31
1624984536.044,1,85.19
1624984536.147,0,53.83
1624984536.15,1,67.47
1624984536.252,0,61.08
1624984536.256,1,61.18
1624984536.361,0,74.16
1624984536.365,1,72.82
1624984536.468,0,94.22
1624984536.47,1,107.22
1624984536.573,0,50.72
1624984536.577,1,56.06
1624984536.683,0,50.22
1624984536.686,1,56.77
1624984536.789,0,49.54
1624984536.794,1,58.09
1624984536.897,0,49.37
1624984536.9,1,71.19
1624984537.003,0,53.65
1624984537.006,1,69.72
1624984537.11,0,59.98
1624984537.114,1,60.6
1624984537.217,0,81.61
1624984537.221,1,76.4
1624984537.324,0,103.0
1624984537.327,1,118.12
1624984537.43,0,50.67
1624984537.433,1,58.25
1624984537.536,0,50.54
1624984537.54,1,56.32
1624984537.645,0,49.66
1624984537.648,1,58.17
1624984537.752,0,48.94
1624984537.755,1,63.87
1624984537.858,0,51.6
1624984537.861,1,79.34
1624984537.966,0,56.13
1624984537.97,1,58.2
1624984538.073,0,61.77
1624984538.076,1,63.37
1624984538.179,0,75.61
1624984538.183,1,71.53
1624984538.287,0,111.88
1624984538.29,1,112.62
1624984538.393,0,53.62
1624984538.397,1,96.62
1624984538.5,0,50.53
1624984538.503,1,56.4
1624984538.608,0,49.93
1624984538.611,1,56.88
1624984538.716,0,48.68
1624984538.719,1,61.5
1624984538.822,0,50.63
1624984538.825,1,82.53
1624984538.93,0,54.85
1624984538.933,1,63.41
1624984539.036,0,61.91
1624984539.04,1,62.91
1624984539.143,0,88.87
1624984539.146,1,82.85
1624984539.25,0,98.23
1624984539.253,1,116.3
1624984539.356,0,50.57
1624984539.359,1,55.92
1624984539.462,0,49.67
1624984539.465,1,56.99
1624984539.571,0,49.22
1624984539.574,1,69.46
1624984539.677,0,52.85
1624984539.68,1,78.98
1624984539.783,0,56.97
1624984539.786,1,58.49
1624984539.892,0,60.85
1624984539.895,1,62.37
1624984539.998,0,67.42
1624984540.003,1,66.93
1624984540.106,0,98.6
1624984540.109,1,108.47
1624984540.213,0,50.66
1624984540.216,1,68.56
1624984540.319,0,50.35
1624984540.322,1,56.53
1624984540.426,0,49.35
1624984540.428,1,58.51
1624984540.534,0,49.81
1624984540.537,1,76.88
1624984540.64,0,55.71
1624984540.643,1,66.99
1624984540.746,0,61.84
1624984540.75,1,61.84
1624984540.855,0,78.72
1624984540.858,1,76.29
1624984540.961,0,94.72
1624984540.964,1,115.14
1624984541.067,0,50.6
1624984541.07,1,57.43
1624984541.176,0,50.37
1624984541.179,1,55.88
1624984541.282,0,49.51
1624984541.285,1,57.97
1624984541.389,0,49.77
1624984541.391,1,70.71
1624984541.497,0,51.77
1624984541.5,1,92.55
1624984541.603,0,56.81
1624984541.607,1,58.85
1624984541.71,0,60.0
1624984541.713,1,61.01
1624984541.817,0,68.57
1624984541.821,1,69.16
1624984541.924,0,114.52
1624984541.927,1,109.07
1624984542.03,0,50.65
1624984542.033,1,90.01
1624984542.138,0,50.57
1624984542.141,1,55.97
1624984542.245,0,49.96
1624984542.248,1,57.57
1624984542.352,0,49.83
1624984542.354,1,66.74
1624984542.459,0,51.61
1624984542.462,1,88.4
1624984542.565,0,55.41
1624984542.569,1,57.56
1624984542.672,0,63.78
1624984542.675,1,62.84
1624984542.78,0,78.03
1624984542.784,1,75.85
1624984542.887,0,91.7
1624984542.89,1,117.1
1624984542.993,0,50.65
1624984542.995,1,56.05
1624984543.101,0,50.28
1624984543.104,1,56.05
1624984543.208,0,49.74
1624984543.212,1,57.53
1624984543.315,0,49.29
1624984543.318,1,63.57
1624984543.422,0,52.25
1624984543.425,1,93.33
1624984543.528,0,57.89
1624984543.532,1,59.7
1624984543.635,0,66.48
1624984543.638,1,65.71
1624984543.743,0,85.01
1624984543.747,1,82.97
1624984543.85,0,87.99
1624984543.853,1,104.88
1624984543.955,0,50.65
1624984543.958,1,56.41
1624984544.064,0,50.18
1624984544.067,1,56.19
1624984544.17,0,49.64
1624984544.173,1,58.13
1624984544.277,0,50.32
1624984544.279,1,73.75
1624984544.385,0,55.33
1624984544.388,1,58.89
1624984544.491,0,58.5
1624984544.495,1,60.39
1624984544.598,0,64.28
1624984544.602,1,64.83
1624984544.706,0,108.54
1624984544.709,1,101.69
1624984544.812,0,50.67
1624984544.815,1,68.96
1624984544.918,0,50.05
1624984544.921,1,56.41
1624984545.027,0,48.73
1624984545.03,1,60.92
1624984545.133,0,50.4
1624984545.136,1,75.01
1624984545.239,0,52.92
1624984545.242,1,89.14
1624984545.348,0,57.71
1624984545.351,1,59.57
1624984545.454,0,58.85
1624984545.458,1,60.94
1624984545.561,0,86.72
1624984545.564,1,81.94
1624984545.668,0,109.95
1624984545.672,1,103.7
1624984545.775,0,69.99
1624984545.777,1,86.32
1624984545.88,0,50.41
1624984545.883,1,56.19
1624984545.989,0,49.54
1624984545.992,1,57.45
1624984546.096,0,49.32
1624984546.099,1,71.18
1624984546.202,0,53.7
1624984546.205,1,84.2
1624984546.31,0,60.03
1624984546.314,1,61.26
1624984546.416,0,73.11
1624984546.42,1,72.09
1624984546.523,0,96.79
1624984546.526,1,97.23
1624984546.631,0,50.73
1624984546.634,1,70.55
1624984546.737,0,50.54
1624984546.74,1,56.43
1624984546.843,0,49.97
1624984546.846,1,57.24
1624984546.952,0,48.81
1624984546.955,1,60.33
1624984547.058,0,49.92
1624984547.061,1,78.45
1624984547.164,0,55.23
1624984547.167,1,85.21
1624984547.273,0,56.95
1624984547.276,1,58.72
1624984547.38,0,71.59
1624984547.383,1,71.58
1624984547.486,0,105.51
1624984547.49,1,92.27
1624984547.594,0,97.56
1624984547.597,1,113.6
1624984547.699,0,50.64
1624984547.702,1,56.06
1624984547.806,0,50.07
1624984547.809,1,56.51
1624984547.915,0,48.94
1624984547.918,1,60.93
1624984548.022,0,50.04
1624984548.024,1,78.95
1624984548.127,0,56.41
1624984548.131,1,67.54
1624984548.236,0,57.09
1624984548.239,1,59.3
1624984548.342,0,73.89
1624984548.345,1,72.75
1624984548.448,0,95.36
1624984548.451,1,119.5
1624984548.557,0,50.53
1624984548.559,1,56.34
1624984548.663,0,50.06
1624984548.666,1,57.38
1624984548.769,0,48.93
1624984548.772,1,60.49
1624984548.878,0,49.92
1624984548.88,1,77.42
1624984548.983,0,55.25
1624984548.987,1,59.99
1624984549.09,0,61.42
1624984549.093,1,61.51
1624984549.198,0,71.43
1624984549.201,1,71.05
1624984549.304,0,126.42
1624984549.307,1,141.0
1624984549.41,0,50.53
1624984549.413,1,55.76
1624984549.519,0,50.35
1624984549.522,1,56.16
1624984549.626,0,49.13
1624984549.629,1,59.42
1624984549.732,0,50.53
1624984549.735,1,78.68
1624984549.841,0,56.03
1624984549.844,1,65.27
1624984549.947,0,58.9
1624984549.95,1,60.43
1624984550.053,0,67.1
1624984550.057,1,66.36
1624984550.161,0,72.03
1624984550.164,1,70.37
1624984550.267,0,81.64
1624984550.27,1,103.18
1624984550.373,0,50.76
1624984550.376,1,63.87
1624984550.482,0,50.28
1624984550.485,1,56.1
1624984550.588,0,49.8
1624984550.591,1,57.64
1624984550.695,0,49.22
1624984550.698,1,65.33
1624984550.803,0,50.94
1624984550.806,1,91.53
1624984550.909,0,58.55
1624984550.912,1,59.76
1624984551.015,0,67.1
1624984551.019,1,65.83
1624984551.124,0,82.09
1624984551.128,1,77.59
1624984551.231,0,107.63
1624984551.237,1,125.98
1624984551.34,0,50.57
1624984551.342,1,55.6
1624984551.448,0,50.18
1624984551.451,1,56.36
1624984551.554,0,48.66
1624984551.558,1,60.68
1624984551.661,0,49.96
1624984551.664,1,72.24
1624984551.767,0,53.35
1624984551.77,1,69.96
1624984551.873,0,57.55
1624984551.879,1,58.95
1624984551.982,0,72.17
1624984551.985,1,72.75
1624984552.088,0,106.42
1624984552.091,1,103.76
1624984552.194,0,83.92
1624984552.2,1,101.39
1624984552.303,0,50.67
1624984552.306,1,55.9
1624984552.409,0,50.0
1624984552.412,1,57.35
1624984552.515,0,48.65
1624984552.521,1,63.81
1624984552.624,0,52.37
1624984552.627,1,92.72
1624984552.73,0,54.68
1624984552.734,1,65.9
1624984552.837,0,57.21
1624984552.842,1,58.55
1624984552.95,0,63.82
1624984552.954,1,65.4
1624984553.057,0,100.11
1624984553.063,1,96.95
1624984553.166,0,68.46
1624984553.169,1,88.92
1624984553.272,0,50.47
1624984553.275,1,55.87
1624984553.378,0,50.27
1624984553.383,1,56.93
1624984553.487,0,49.44
1624984553.489,1,72.49
1624984553.592,0,55.07
1624984553.595,1,66.17
1624984553.698,0,60.04
1624984553.704,1,61.63
1624984553.807,0,71.54
1624984553.811,1,71.73
1624984553.914,0,116.46
1624984553.917,1,110.2
1624984554.02,0,50.66
1624984554.025,1,80.19
1624984554.128,0,50.15
1624984554.131,1,56.24
1624984554.234,0,48.84
1624984554.238,1,59.35
1624984554.342,0,49.54
1624984554.346,1,67.78
1624984554.449,0,51.75
1624984554.452,1,95.22
1624984554.556,0,57.32
1624984554.56,1,59.4
1624984554.663,0,65.17
1624984554.667,1,65.34
1624984554.77,0,111.34
1624984554.774,1,103.3
1624984554.877,0,50.49
1624984554.88,1,60.57
1624984554.983,0,50.49
1624984554.988,1,56.2
1624984555.092,0,49.88
1624984555.094,1,56.56
1624984555.198,0,48.79
1624984555.201,1,62.93
1624984555.304,0,50.89
1624984555.309,1,91.08
1624984555.411,0,55.13
1624984555.415,1,57.76
1624984555.518,0,65.61
1624984555.522,1,66.2
1624984555.625,0,81.47
1624984555.63,1,81.28
1624984555.733,0,93.69
1624984555.736,1,110.97
1624984555.839,0,50.58
1624984555.842,1,55.69
1624984555.945,0,50.22
1624984555.951,1,56.43
1624984556.054,0,48.95
1624984556.057,1,58.38
1624984556.161,0,49.7
1624984556.164,1,78.32
1624984556.267,0,54.21
1624984556.272,1,67.5
1624984556.375,0,59.58
1624984556.378,1,61.02
1624984556.481,0,71.59
1624984556.484,1,72.38
1624984556.587,0,117.71
1624984556.593,1,107.36
1624984556.696,0,50.54
1624984556.699,1,55.78
1624984556.802,0,50.18
1624984556.805,1,56.76
1624984556.909,0,49.42
1624984556.914,1,59.05
1624984557.017,0,49.69
1624984557.02,1,75.78
1624984557.123,0,54.63
1624984557.126,1,67.4
1624984557.229,0,56.33
1624984557.235,1,58.19
1624984557.338,0,69.4
1624984557.341,1,68.44
1624984557.444,0,87.21
1624984557.448,1,83.66
1624984557.551,0,65.14
1624984557.556,1,83.31
1624984557.659,0,50.59
1624984557.661,1,56.3
1624984557.766,0,50.31
1624984557.769,1,56.11
1624984557.873,0,50.12
1624984557.877,1,56.88
1624984557.98,0,48.94
1624984557.983,1,62.59
1624984558.087,0,50.57
1624984558.089,1,78.27
1624984558.192,0,51.41
1624984558.198,1,91.45
1624984558.301,0,54.67
1624984558.304,1,67.37
1624984558.408,0,57.69
1624984558.411,1,59.56
1624984558.514,0,68.56
1624984558.519,1,68.55
1624984558.622,0,76.81
1624984558.625,1,76.58
1624984558.729,0,63.9
1624984558.732,1,93.71
1624984558.835,0,50.46
1624984558.84,1,55.74
1624984558.943,0,49.8
1624984558.946,1,56.55
1624984559.052,0,48.93
1624984559.055,1,61.72
1624984559.158,0,50.27
1624984559.161,1,84.15
1624984559.264,0,54.12
1624984559.267,1,72.99
1624984559.37,0,61.04
1624984559.373,1,60.26
1624984559.48,0,79.52
1624984559.484,1,75.9
1624984559.587,0,101.11
1624984559.59,1,117.63
1624984559.693,0,50.73
1624984559.695,1,78.25
1624984559.801,0,50.53
1624984559.804,1,56.42
1624984559.907,0,49.86
1624984559.91,1,57.47
1624984560.013,0,48.96
1624984560.016,1,61.57
1624984560.12,0,50.85
1624984560.123,1,81.04
1624984560.226,0,56.29
1624984560.229,1,59.97
1624984560.332,0,62.4
1624984560.335,1,63.34
1624984560.438,0,65.56
1624984560.443,1,65.94
1624984560.546,0,94.41
1624984560.549,1,106.85
1624984560.652,0,50.5
1624984560.655,1,55.99
1624984560.759,0,50.19
1624984560.764,1,56.57
1624984560.87,0,48.64
1624984560.873,1,62.38
1624984560.977,0,50.67
1624984560.979,1,77.39
1624984561.082,0,55.46
1624984561.086,1,62.28
1624984561.189,0,69.78
1624984561.192,1,65.6
1624984561.299,0,111.4
1624984561.302,1,129.39
1624984561.405,0,49.88
1624984561.408,1,54.91
1624984561.512,0,48.38
1624984561.514,1,57.74
1624984561.617,0,55.88
1624984561.62,1,65.14
1624984561.723,0,58.51
1624984561.728,1,60.27
1624984561.831,0,63.73
1624984561.834,1,64.1
1624984561.937,0,91.8
1624984561.941,1,87.28
1624984562.044,0,94.46
1624984562.049,1,92.9
1624984562.152,0,50.65
1624984562.155,1,69.42
1624984562.258,0,50.47
1624984562.261,1,56.28
1624984562.364,0,49.96
1624984562.369,1,56.55
1624984562.474,0,48.74
1624984562.477,1,64.3
1624984562.58,0,51.91
1624984562.583,1,84.22
1624984562.686,0,56.73
1624984562.69,1,58.51
1624984562.794,0,61.99
1624984562.797,1,62.9
1624984562.901,0,92.64
1624984562.904,1,87.69
1624984563.007,0,101.16
1624984563.011,1,122.59
1624984563.114,0,50.57
1624984563.117,1,55.49
1624984563.22,0,49.96
1624984563.223,1,56.83
1624984563.333,0,49.9
1624984563.335,1,56.86
1624984563.439,0,49.06
1624984563.442,1,60.01
1624984563.545,0,50.53
1624984563.548,1,89.01
1624984563.651,0,55.43
1624984563.654,1,57.51
1624984563.759,0,59.79
1624984563.763,1,61.1
1624984563.865,0,83.35
1624984563.869,1,81.34
1624984563.972,0,86.55
1624984563.975,1,106.16
1624984564.078,0,50.57
1624984564.08,1,55.84
1624984564.187,0,50.16
1624984564.19,1,56.06
1624984564.293,0,48.87
1624984564.296,1,58.85
1624984564.4,0,49.42
1624984564.403,1,73.32
1624984564.506,0,54.68
1624984564.509,1,70.67
1624984564.614,0,58.48
1624984564.618,1,60.29
1624984564.721,0,65.22
1624984564.725,1,65.63
1624984564.827,0,79.63
1624984564.831,1,76.95
1624984564.934,0,90.67
1624984564.937,1,123.36
1624984565.043,0,50.47
1624984565.046,1,63.57
1624984565.149,0,50.31
1624984565.152,1,56.49
1624984565.255,0,49.72
1624984565.258,1,57.03
1624984565.362,0,48.87
1624984565.366,1,57.88
1624984565.476,0,49.45
1624984565.479,1,71.22
1624984565.581,0,53.1
1624984565.584,1,66.91
1624984565.687,0,62.61
1624984565.691,1,63.54
1624984565.794,0,73.6
1624984565.799,1,70.94
1624984565.904,0,117.39
1624984565.906,1,131.32
1624984566.009,0,50.62
1624984566.012,1,55.78
1624984566.115,0,50.18
1624984566.12,1,56.33
1624984566.223,0,48.74
1624984566.226,1,60.45
1624984566.332,0,49.8
1624984566.335,1,69.96
1624984566.438,0,55.33
1624984566.441,1,74.56
1624984566.544,0,60.76
1624984566.547,1,61.65
1624984566.65,0,87.63
1624984566.654,1,85.01
1624984566.757,0,101.74
1624984566.762,1,122.71
1624984566.865,0,50.61
1624984566.869,1,55.83
1624984566.972,0,50.35
1624984566.975,1,56.41
1624984567.078,0,50.17
1624984567.083,1,56.93
1624984567.186,0,48.58
1624984567.189,1,63.33
1624984567.292,0,50.84
1624984567.295,1,92.84
1624984567.398,0,56.09
1624984567.404,1,57.84
1624984567.507,0,56.19
1624984567.51,1,58.16
1624984567.615,0,70.09
1624984567.618,1,69.96
1624984567.721,0,101.57
1624984567.725,1,96.19
1624984567.828,0,52.31
1624984567.831,1,77.54
1624984567.934,0,50.25
1624984567.937,1,55.54
1624984568.04,0,49.96
1624984568.046,1,56.8
1624984568.149,0,48.84
1624984568.152,1,63.94
1624984568.255,0,50.9
1624984568.258,1,94.97
1624984568.361,0,55.51
1624984568.367,1,63.44
1624984568.471,0,61.19
1624984568.476,1,62.21
1624984568.579,0,75.28
1624984568.582,1,73.83
1624984568.685,0,100.78
1624984568.689,1,116.32
1624984568.791,0,50.63
1624984568.794,1,55.55
1624984568.898,0,50.31
1624984568.901,1,56.76
1624984569.004,0,49.67
1624984569.009,1,57.36
1624984569.113,0,49.96
1624984569.116,1,77.65
1624984569.218,0,54.62
1624984569.222,1,67.12
1624984569.324,0,60.12
1624984569.331,1,60.38
1624984569.435,0,57.6
1624984569.439,1,62.16
1624984569.541,0,69.2
1624984569.544,1,70.54
1624984569.648,0,57.52
1624984569.651,1,59.97
1624984569.755,0,54.98
1624984569.758,1,58.5
1624984569.861,0,56.66
1624984569.864,1,83.5
1624984569.967,0,64.46
1624984569.972,1,64.83
1624984570.075,0,58.0
1624984570.08,1,60.54
1624984570.183,0,52.92
1624984570.186,1,57.18
1624984570.29,0,83.68
1624984570.293,1,82.3
1624984570.397,0,64.07
1624984570.399,1,64.7
1624984570.503,0,55.94
1624984570.506,1,58.87
1624984570.609,0,64.22
1624984570.614,1,95.45
1624984570.717,0,68.94
1624984570.72,1,68.17
1624984570.823,0,60.51
1624984570.826,1,62.59
1624984570.929,0,53.5
1624984570.935,1,56.81
1624984571.04,0,84.71
1624984571.043,1,83.82
1624984571.146,0,62.13
1624984571.149,1,63.18
1624984571.252,0,57.59
1624984571.256,1,59.96
1624984571.359,0,52.79
1624984571.362,1,56.66
1624984571.466,0,77.67
1624984571.469,1,75.28
1624984571.572,0,61.74
1624984571.577,1,63.6
1624984571.681,0,53.2
1624984571.685,1,57.26
1624984571.788,0,83.38
1624984571.791,1,89.38
1624984571.894,0,69.51
1624984571.899,1,68.06
1624984572.002,0,55.31
1624984572.005,1,58.32
1624984572.109,0,48.81
1624984572.111,1,50.95
1624984572.214,0,47.58
1624984572.219,1,49.74
1624984572.322,0,47.52
1624984572.325,1,49.76
1624984572.428,0,47.56
1624984572.43,1,49.72
1624984572.533,0,47.53
1624984572.536,1,49.66
1624984572.639,0,47.43
1624984572.642,1,49.57
1624984572.747,0,47.56
1624984572.75,1,49.72
1624984572.853,0,47.49
1624984572.856,1,49.83
1624984572.959,0,47.53
1624984572.962,1,49.61
1624984573.068,0,47.45
1624984573.071,1,49.59
1624984573.174,0,47.44
1624984573.177,1,49.5
1624984573.28,0,47.46
1624984573.282,1,49.6
1624984573.389,0,47.52
1624984573.391,1,49.8
1624984573.494,0,47.37
1624984573.497,1,49.51
1624984573.6,0,47.53
1624984573.603,1,49.53
1624984573.709,0,47.37
1624984573.712,1,49.62
1624984573.815,0,47.49
1624984573.818,1,49.75
1624984573.921,0,47.45
1624984573.924,1,49.49
1624984574.03,0,47.5
1624984574.033,1,49.38
1624984574.136,0,47.3
1624984574.139,1,49.45
1624984574.242,0,47.44
1624984574.245,1,49.51
1624984574.351,0,47.27
1624984574.354,1,49.5
1624984574.456,0,47.37
1624984574.459,1,49.51
1624984574.562,0,47.37
1624984574.565,1,49.41
1624984574.671,0,47.43
1624984574.674,1,49.38
1624984574.777,0,41.11
1624984574.78,1,49.62
1624984574.883,0,41.46
1624984574.886,1,49.45
1624984574.992,0,41.91
1624984574.995,1,49.41
1624984575.098,0,42.0
1624984575.101,1,49.33
1624984575.204,0,42.04
1624984575.206,1,49.35
1624984575.312,0,42.01
1624984575.315,1,49.46
1624984575.418,0,41.91
1624984575.421,1,49.41
1624984575.524,0,42.0
1624984575.527,1,49.43
1624984575.633,0,42.04
1624984575.636,1,49.47
1624984575.739,0,42.05
1624984575.742,1,49.42
1624984575.845,0,41.94
1624984575.848,1,49.56
1624984575.954,0,41.99
1624984575.957,1,49.33
1624984576.059,0,41.93
1624984576.063,1,49.47
1624984576.166,0,41.92
1624984576.168,1,49.53
1624984576.274,0,41.93
1624984576.277,1,49.38
1624984576.38,0,41.79
1624984576.383,1,49.41
1624984576.486,0,44.21
1624984576.489,1,54.26
1624984576.592,0,47.32
1624984576.596,1,54.53
1624984576.699,0,47.21
1624984576.702,1,65.74
1624984576.805,0,51.19
1624984576.81,1,90.37
1624984576.912,0,57.15
1624984576.916,1,58.94
1624984577.019,0,68.33
1624984577.022,1,67.42
1624984577.126,0,76.09
1624984577.131,1,74.89
1624984577.234,0,72.11
1624984577.237,1,90.47
1624984577.34,0,50.25
1624984577.343,1,55.64
1624984577.446,0,50.06
1624984577.452,1,55.96
1624984577.555,0,49.03
1624984577.558,1,59.05
1624984577.661,0,49.57
1624984577.664,1,76.5
1624984577.767,0,54.69
1624984577.772,1,66.43
1624984577.875,0,60.47
1624984577.879,1,61.41
1624984577.982,0,76.67
1624984577.985,1,73.92
1624984578.088,0,108.98
1624984578.093,1,127.87
1624984578.196,0,50.41
1624984578.199,1,55.34
1624984578.302,0,50.18
1624984578.305,1,55.8
1624984578.408,0,49.21
1624984578.414,1,57.79
1624984578.517,0,48.81
1624984578.52,1,63.73
1624984578.623,0,49.91
1624984578.626,1,82.22
1624984578.729,0,54.15
1624984578.735,1,78.22
1624984578.838,0,57.77
1624984578.841,1,59.48
1624984578.944,0,79.94
1624984578.948,1,77.23
1624984579.051,0,121.03
1624984579.056,1,132.59
1624984579.159,0,50.31
1624984579.162,1,55.92
1624984579.265,0,49.9
1624984579.268,1,56.6
1624984579.372,0,49.29
1624984579.377,1,58.57
1624984579.48,0,49.27
1624984579.483,1,67.54
1624984579.586,0,51.06
1624984579.589,1,87.33
1624984579.692,0,55.27
1624984579.698,1,57.22
1624984579.8,0,68.25
1624984579.804,1,67.87
1624984579.907,0,87.01
1624984579.911,1,82.76
1624984580.014,0,104.75
1624984580.019,1,121.51
1624984580.121,0,50.51
1624984580.124,1,56.24
1624984580.228,0,49.9
1624984580.231,1,56.08
1624984580.334,0,48.65
1624984580.339,1,59.6
1624984580.443,0,49.0
1624984580.445,1,70.95
1624984580.548,0,51.59
1624984580.551,1,92.46
1624984580.654,0,55.5
1624984580.66,1,75.89
1624984580.766,0,58.24
1624984580.77,1,59.65
1624984580.873,0,77.35
1624984580.876,1,74.99
1624984580.979,0,106.84
1624984580.982,1,117.35
1624984581.087,0,50.37
1624984581.09,1,55.49
1624984581.193,0,50.31
1624984581.196,1,56.19
1624984581.3,0,49.45
1624984581.304,1,57.03
1624984581.409,0,48.8
1624984581.411,1,68.89
1624984581.514,0,51.03
1624984581.517,1,86.95
1624984581.62,0,55.57
1624984581.624,1,67.14
1624984581.729,0,59.89
1624984581.732,1,61.67
1624984581.836,0,58.86
1624984581.839,1,60.27
1624984581.942,0,74.26
1624984581.946,1,71.19
1624984582.05,0,117.47
1624984582.053,1,109.25
1624984582.156,0,50.47
1624984582.159,1,76.69
1624984582.264,0,50.05
1624984582.266,1,56.12
1624984582.371,0,49.73
1624984582.374,1,56.46
1624984582.478,0,48.65
1624984582.481,1,65.52
1624984582.584,0,50.79
1624984582.587,1,78.99
1624984582.692,0,54.91
1624984582.695,1,64.21
1624984582.798,0,58.51
1624984582.801,1,60.12
1624984582.904,0,72.39
1624984582.909,1,68.49
1624984583.013,0,116.37
1624984583.017,1,108.34
1624984583.12,0,50.45
1624984583.122,1,60.35
1624984583.226,0,50.33
1624984583.229,1,55.64
1624984583.334,0,50.07
1624984583.337,1,56.91
1624984583.44,0,49.41
1624984583.443,1,58.17
1624984583.547,0,49.53
1624984583.55,1,73.6
1624984583.655,0,53.67
1624984583.658,1,71.18
1624984583.76,0,56.52
1624984583.764,1,58.37
1624984583.869,0,62.58
1624984583.872,1,63.11
1624984583.976,0,67.27
1624984583.98,1,66.58
1624984584.083,0,100.58
1624984584.086,1,122.81
1624984584.189,0,50.45
1624984584.192,1,55.7
1624984584.297,0,49.91
1624984584.3,1,56.39
1624984584.403,0,48.81
1624984584.406,1,65.75
1624984584.509,0,53.41
1624984584.514,1,94.68
1624984584.617,0,54.79
1624984584.621,1,56.93
1624984584.724,0,61.88
1624984584.727,1,62.99
1624984584.83,0,86.83
1624984584.834,1,80.77
1624984584.938,0,94.52
1624984584.941,1,116.1
1624984585.044,0,50.6
1624984585.047,1,56.01
1624984585.15,0,49.87
1624984585.153,1,56.2
1624984585.259,0,49.19
1624984585.262,1,58.94
1624984585.365,0,49.28
1624984585.368,1,65.65
1624984585.473,0,50.9
1624984585.475,1,77.53
1624984585.58,0,53.54
1624984585.583,1,66.32
1624984585.686,0,60.72
1624984585.69,1,61.59
1624984585.793,0,72.14
1624984585.796,1,69.23
1624984585.901,0,92.51
1624984585.904,1,86.54
1624984586.007,0,50.51
1624984586.01,1,71.89
1624984586.113,0,50.19
1624984586.118,1,55.79
1624984586.222,0,49.99
1624984586.225,1,56.15
1624984586.328,0,48.36
1624984586.331,1,62.65
1624984586.435,0,51.04
1624984586.437,1,89.33
1624984586.543,0,54.15
1624984586.546,1,60.81
1624984586.649,0,49.27
1624984586.652,1,51.33
1624984586.755,0,89.41
1624984586.758,1,82.17
1624984586.863,0,56.65
1624984586.866,1,86.33
1624984586.969,0,50.18
1624984586.972,1,55.9
1624984587.077,0,49.87
1624984587.08,1,56.11
1624984587.185,0,48.84
1624984587.188,1,60.67
1624984587.292,0,50.28
1624984587.294,1,82.81
1624984587.397,0,52.7
1624984587.4,1,92.36
1624984587.506,0,54.57
1624984587.509,1,56.66
1624984587.612,0,61.84
1624984587.616,1,63.03
1624984587.719,0,81.79
1624984587.722,1,76.91
1624984587.827,0,113.44
1624984587.83,1,111.43
1624984587.933,0,50.43
1624984587.936,1,78.33
1624984588.039,0,49.99
1624984588.041,1,56.07
1624984588.148,0,49.81
1624984588.151,1,56.6
1624984588.254,0,48.44
1624984588.257,1,62.59
1624984588.36,0,50.13
1624984588.363,1,70.97
1624984588.468,0,52.99
1624984588.471,1,68.24
1624984588.574,0,56.11
1624984588.578,1,58.05
1624984588.681,0,65.13
1624984588.684,1,64.29
1624984588.789,0,67.83
1624984588.793,1,67.41
1624984588.896,0,114.65
1624984588.899,1,112.02
1624984589.002,0,50.45
1624984589.005,1,60.9
1624984589.11,0,50.15
1624984589.113,1,56.22
1624984589.217,0,49.03
1624984589.22,1,59.58
1624984589.323,0,50.59
1624984589.326,1,81.27
1624984589.431,0,54.92
1624984589.434,1,58.6
1624984589.537,0,60.22
1624984589.54,1,61.24
1624984589.644,0,71.99
1624984589.648,1,70.59
1624984589.751,0,111.51
1624984589.754,1,106.35
1624984589.857,0,52.03
1624984589.86,1,76.71
1624984589.963,0,50.28
1624984589.966,1,55.78
1624984590.072,0,49.7
1624984590.075,1,56.55
1624984590.179,0,49.35
1624984590.182,1,58.48
1624984590.285,0,48.8
1624984590.288,1,63.03
1624984590.393,0,51.21
1624984590.396,1,95.06
1624984590.499,0,55.16
1624984590.503,1,57.12
1624984590.606,0,64.43
1624984590.609,1,63.6
1624984590.714,0,83.76
1624984590.717,1,81.71
1624984590.82,0,110.43
1624984590.823,1,106.05
1624984590.926,0,50.44
1624984590.93,1,86.43
1624984591.034,0,50.38
1624984591.037,1,56.31
1624984591.141,0,49.75
1624984591.144,1,56.77
1624984591.247,0,49.44
1624984591.25,1,64.41
1624984591.355,0,51.98
1624984591.358,1,92.95
1624984591.461,0,56.59
1624984591.465,1,58.44
1624984591.568,0,62.44
1624984591.571,1,62.55
1624984591.676,0,65.51
1624984591.68,1,66.19
1624984591.783,0,90.02
1624984591.786,1,86.44
1624984591.889,0,65.5
1624984591.892,1,105.39
1624984591.997,0,50.48
1624984592.0,1,55.58
1624984592.104,0,49.83
1624984592.106,1,57.06
1624984592.21,0,48.68
1624984592.213,1,59.09
1624984592.319,0,49.38
1624984592.321,1,68.48
1624984592.424,0,50.58
1624984592.427,1,79.73
1624984592.53,0,55.98
1624984592.534,1,63.24
1624984592.639,0,57.77
1624984592.643,1,59.64
1624984592.746,0,67.07
1624984592.749,1,66.97
1624984592.852,0,83.69
1624984592.855,1,77.53
1624984592.96,0,84.78
1624984592.963,1,100.98
1624984593.066,0,50.31
1624984593.069,1,55.24
1624984593.173,0,50.08
1624984593.176,1,56.28
1624984593.281,0,49.41
1624984593.284,1,57.05
1624984593.388,0,48.65
1624984593.391,1,63.19
1624984593.494,0,49.99
1624984593.498,1,73.94
1624984593.602,0,53.58
1624984593.605,1,83.29
1624984593.708,0,57.28
1624984593.711,1,59.36
1624984593.814,0,68.14
1624984593.82,1,67.48
1624984593.923,0,78.49
1624984593.926,1,76.67
1624984594.029,0,76.19
1624984594.032,1,99.36
1624984594.135,0,50.28
1624984594.138,1,55.39
1624984594.243,0,49.89
1624984594.246,1,55.71
1624984594.35,0,49.22
1624984594.353,1,59.52
1624984594.456,0,49.33
1624984594.459,1,65.13
1624984594.565,0,51.06
1624984594.567,1,85.25
1624984594.67,0,55.6
1624984594.674,1,62.71
1624984594.777,0,63.09
1624984594.781,1,62.11
1624984594.885,0,98.16
1624984594.889,1,93.04
1624984594.994,0,83.01
1624984594.996,1,104.22
1624984595.099,0,50.37
1624984595.102,1,55.4
1624984595.207,0,49.7
1624984595.21,1,56.25
1624984595.313,0,48.7
1624984595.316,1,65.79
1624984595.419,0,52.23
1624984595.422,1,95.68
1624984595.527,0,57.07
1624984595.53,1,58.75
1624984595.633,0,65.19
1624984595.639,1,65.49
1624984595.742,0,67.23
1624984595.746,1,66.95
1624984595.849,0,84.07
1624984595.851,1,106.75
1624984595.954,0,50.22
1624984595.957,1,55.34
1624984596.061,0,50.06
1624984596.068,1,55.83
1624984596.171,0,48.62
1624984596.174,1,61.52
1624984596.278,0,51.05
1624984596.28,1,95.06
1624984596.383,0,56.18
1624984596.387,1,57.86
1624984596.49,0,67.16
1624984596.493,1,66.96
1624984596.597,0,79.63
1624984596.601,1,78.93
1624984596.704,0,79.14
1624984596.707,1,105.7
1624984596.811,0,50.39
1624984596.814,1,55.9
1624984596.917,0,49.97
1624984596.92,1,56.26
1624984597.023,0,49.0
1624984597.026,1,57.99
1624984597.132,0,50.44
1624984597.135,1,82.73
1624984597.238,0,52.84
1624984597.244,1,87.23
1624984597.346,0,56.87
1624984597.35,1,58.66
1624984597.453,0,70.32
1624984597.456,1,70.08
1624984597.559,0,135.15
1624984597.563,1,124.61
1624984597.666,0,50.47
1624984597.669,1,84.3
1624984597.774,0,50.19
1624984597.777,1,55.83
1624984597.88,0,49.9
1624984597.883,1,56.74
1624984597.987,0,48.34
1624984597.99,1,57.98
1624984598.094,0,52.63
1624984598.097,1,74.79
1624984598.201,0,60.77
1624984598.21,1,61.04
1624984598.315,0,77.66
1624984598.319,1,75.88
1624984598.422,0,50.1
1624984598.425,1,54.94
1624984598.528,0,49.33
1624984598.534,1,53.8
1624984598.638,0,49.09
1624984598.641,1,65.33
1624984598.743,0,55.17
1624984598.747,1,62.94
1624984598.85,0,72.76
1624984598.853,1,70.32
1624984598.957,0,50.38
1624984598.96,1,60.63
1624984599.063,0,49.85
1624984599.067,1,54.78
1624984599.171,0,48.23
1624984599.174,1,56.53
1624984599.278,0,49.81
1624984599.281,1,85.19
1624984599.384,0,58.6
1624984599.387,1,59.82
1624984599.49,0,121.34
1624984599.493,1,99.14
1624984599.599,0,50.61
1624984599.602,1,82.1
1624984599.706,0,50.41
1624984599.709,1,55.42
1624984599.813,0,50.06
1624984599.815,1,55.95
1624984599.92,0,48.51
1624984599.923,1,61.47
1624984600.027,0,49.54
1624984600.03,1,79.04
1624984600.133,0,56.34
1624984600.136,1,65.64
1624984600.241,0,59.95
1624984600.245,1,61.34
1624984600.348,0,64.92
1624984600.352,1,64.34
1624984600.455,0,88.86
1624984600.462,1,85.97
1624984600.565,0,97.02
1624984600.568,1,114.77
1624984600.671,0,50.3
1624984600.674,1,55.9
1624984600.777,0,49.58
1624984600.78,1,56.54
1624984600.884,0,48.62
1624984600.887,1,61.1
1624984600.99,0,50.38
1624984600.993,1,86.53
1624984601.096,0,55.0
1624984601.099,1,66.71
1624984601.204,0,63.56
1624984601.208,1,62.42
1624984601.312,0,81.39
1624984601.316,1,78.83
1624984601.419,0,101.12
1624984601.423,1,96.59
1624984601.526,0,63.49
1624984601.529,1,89.77
1624984601.632,0,50.15
1624984601.635,1,55.55
1624984601.738,0,49.54
1624984601.741,1,56.49
1624984601.847,0,48.74
1624984601.852,1,65.9
1624984601.955,0,51.4
1624984601.958,1,91.39
1624984602.061,0,57.92
1624984602.065,1,59.14
1624984602.168,0,68.97
1624984602.171,1,68.78
1624984602.274,0,103.71
1624984602.278,1,99.29
1624984602.381,0,81.51
1624984602.384,1,109.04
1624984602.488,0,50.19
1624984602.491,1,55.91
1624984602.594,0,49.62
1624984602.597,1,57.22
1624984602.701,0,49.09
1624984602.704,1,62.11
1624984602.81,0,49.79
1624984602.818,1,71.15
1624984602.92,0,52.9
1624984602.923,1,90.41
1624984603.026,0,57.24
1624984603.03,1,59.0
1624984603.133,0,67.41
1624984603.136,1,67.57
1624984603.239,0,68.85
1624984603.244,1,68.4
1624984603.347,0,97.78
1624984603.35,1,121.81
1624984603.453,0,50.47
1624984603.456,1,55.61
1624984603.56,0,49.99
1624984603.562,1,56.08
1624984603.666,0,49.8
1624984603.669,1,56.88
1624984603.772,0,48.9
1624984603.775,1,68.53
1624984603.878,0,52.03
1624984603.881,1,84.86
1624984603.984,0,57.78
1624984603.988,1,58.49
1624984604.093,0,68.3
1624984604.097,1,68.27
1624984604.2,0,111.0
1624984604.203,1,103.0
1624984604.306,0,57.25
1624984604.309,1,96.93
1624984604.414,0,50.46
1624984604.416,1,55.97
1624984604.522,0,50.28
1624984604.526,1,56.15
1624984604.63,0,49.89
1624984604.633,1,56.46
1624984604.736,0,48.84
1624984604.739,1,63.74
1624984604.842,0,52.52
1624984604.845,1,85.21
1624984604.948,0,55.17
1624984604.951,1,63.74
1624984605.056,0,59.01
1624984605.06,1,60.7
1624984605.162,0,64.55
1624984605.166,1,65.38
1624984605.269,0,82.33
1624984605.273,1,77.7
1624984605.377,0,95.15
1624984605.38,1,114.58
1624984605.483,0,50.32
1624984605.485,1,55.48
1624984605.589,0,49.88
1624984605.592,1,56.06
1624984605.699,0,48.61
1624984605.701,1,59.88
1624984605.805,0,49.97
1624984605.808,1,73.48
1624984605.91,0,52.25
1624984605.913,1,86.94
1624984606.019,0,55.22
1624984606.022,1,57.46
1624984606.125,0,60.33
1624984606.13,1,62.01
1624984606.233,0,85.07
1624984606.236,1,80.93
1624984606.34,0,113.1
1624984606.343,1,116.76
1624984606.446,0,50.48
1624984606.448,1,78.71
1624984606.551,0,50.18
1624984606.555,1,56.06
1624984606.661,0,49.75
1624984606.664,1,57.2
1624984606.767,0,48.91
1624984606.77,1,67.15
1624984606.873,0,51.35
1624984606.876,1,89.87
1624984606.981,0,56.22
1624984606.985,1,58.01
1624984607.088,0,60.58
1624984607.091,1,61.61
1624984607.194,0,88.84
1624984607.198,1,84.43
1624984607.302,0,73.63
1624984607.305,1,93.35
1624984607.408,0,50.37
1624984607.411,1,55.77
1624984607.514,0,49.92
1624984607.518,1,55.72
1624984607.624,0,48.32
1624984607.626,1,61.41
1624984607.73,0,50.38
1624984607.734,1,86.88
1624984607.837,0,55.95
1624984607.84,1,66.11
1624984607.944,0,59.79
1624984607.948,1,60.82
1624984608.051,0,67.96
1624984608.054,1,68.72
1624984608.157,0,107.31
1624984608.16,1,129.4
1624984608.265,0,50.31
1624984608.268,1,55.62
1624984608.371,0,49.96
1624984608.374,1,55.66
1624984608.478,0,48.74
1624984608.481,1,58.6
1624984608.586,0,49.48
1624984608.589,1,67.9
1624984608.692,0,52.86
1624984608.694,1,83.72
1624984608.797,0,55.78
1624984608.802,1,59.44
1624984608.907,0,57.1
1624984608.91,1,59.08
1624984609.013,0,67.5
1624984609.016,1,66.94
1624984609.119,0,108.43
1624984609.122,1,135.03
1624984609.227,0,50.33
1624984609.23,1,55.47
1624984609.334,0,50.15
1624984609.338,1,55.67
1624984609.442,0,49.54
1624984609.445,1,56.15
1624984609.549,0,48.67
1624984609.552,1,68.2
1624984609.655,0,52.34
1624984609.658,1,93.8
1624984609.76,0,56.54
1624984609.764,1,61.08
1624984609.869,0,59.32
1624984609.873,1,60.72
1624984609.976,0,58.5
1624984609.979,1,60.19
1624984610.082,0,95.44
1624984610.086,1,88.9
1624984610.19,0,88.92
1624984610.193,1,113.32
1624984610.295,0,50.33
1624984610.298,1,55.82
1624984610.402,0,49.99
1624984610.406,1,55.81
1624984610.511,0,48.58
1624984610.514,1,60.23
1624984610.617,0,49.54
1624984610.62,1,77.55
1624984610.723,0,54.42
1624984610.726,1,86.93
1624984610.831,0,54.85
1624984610.835,1,57.13
1624984610.938,0,64.31
1624984610.943,1,63.98
1624984611.046,0,78.36
1624984611.049,1,76.09
1624984611.152,0,76.65
1624984611.155,1,100.26
1624984611.258,0,50.22
1624984611.261,1,56.0
1624984611.365,0,49.99
1624984611.369,1,55.91
1624984611.474,0,49.29
1624984611.476,1,58.34
1624984611.58,0,49.47
1624984611.583,1,69.26
1624984611.686,0,51.98
1624984611.689,1,85.64
1624984611.794,0,56.41
1624984611.797,1,58.9
1624984611.9,0,56.01
1624984611.904,1,58.01
1624984612.007,0,61.15
1624984612.012,1,61.81
1624984612.115,0,69.76
1624984612.119,1,68.39
1624984612.222,0,107.08
1624984612.225,1,125.56
1624984612.327,0,50.44
1624984612.333,1,55.18
1624984612.436,0,50.22
1624984612.439,1,56.11
1624984612.542,0,49.87
1624984612.547,1,56.47
1624984612.65,0,48.74
1624984612.653,1,65.56
1624984612.757,0,52.0
1624984612.76,1,79.99
1624984612.863,0,54.47
1624984612.866,1,56.71
1624984612.969,0,59.76
1624984612.975,1,60.6
1624984613.078,0,64.09
1624984613.081,1,65.21
1624984613.184,0,111.81
1624984613.187,1,111.72
1624984613.29,0,59.77
1624984613.295,1,87.41
1624984613.398,0,50.31
1624984613.401,1,56.19
1624984613.505,0,49.83
1624984613.508,1,56.3
1624984613.611,0,49.58
1624984613.617,1,57.57
1624984613.721,0,49.41
1624984613.724,1,74.71
1624984613.826,0,54.67
1624984613.829,1,67.26
1624984613.932,0,58.59
1624984613.938,1,60.18
1624984614.042,0,69.16
1624984614.046,1,67.62
1624984614.149,0,111.94
1624984614.153,1,116.61
1624984614.256,0,49.98
1624984614.259,1,54.63
1624984614.363,0,48.13
1624984614.366,1,59.81
1624984614.469,0,52.38
1624984614.471,1,85.16
1624984614.574,0,63.7
1624984614.58,1,64.68
1624984614.683,0,89.4
1624984614.686,1,88.26
1624984614.789,0,49.94
1624984614.792,1,55.07
1624984614.896,0,49.03
1624984614.901,1,57.66
1624984615.004,0,49.31
1624984615.007,1,70.61
1624984615.11,0,51.52
1624984615.113,1,92.65
1624984615.216,0,55.68
1624984615.223,1,57.91
1624984615.326,0,63.69
1624984615.33,1,63.94
1624984615.432,0,71.54
1624984615.436,1,70.71
1624984615.539,0,95.72
1624984615.543,1,121.84
1624984615.647,0,50.43
1624984615.65,1,55.26
1624984615.754,0,50.07
1624984615.758,1,56.06
1624984615.861,0,48.65
1624984615.865,1,60.0
1624984615.968,0,49.18
1624984615.971,1,68.17
1624984616.074,0,53.55
1624984616.076,1,84.28
1624984616.179,0,56.75
1624984616.185,1,58.18
1624984616.288,0,63.91
1624984616.292,1,63.89
1624984616.394,0,94.11
1624984616.398,1,89.26
1624984616.501,0,60.71
1624984616.506,1,88.73
1624984616.609,0,50.28
1624984616.612,1,55.78
1624984616.715,0,49.54
1624984616.718,1,56.38
1624984616.822,0,49.0
1624984616.828,1,59.03
1624984616.931,0,49.32
1624984616.934,1,69.69
1624984617.037,0,53.43
1624984617.04,1,80.29
1624984617.143,0,56.29
1624984617.149,1,58.05
1624984617.252,0,64.83
1624984617.255,1,65.86
1624984617.358,0,78.85
1624984617.363,1,73.11
1624984617.469,0,97.21
1624984617.472,1,92.06
1624984617.576,0,50.38
1624984617.578,1,74.95
1624984617.681,0,50.02
1624984617.684,1,55.55
1624984617.79,0,50.05
1624984617.793,1,56.5
1624984617.896,0,49.13
1624984617.899,1,59.53
1624984618.002,0,50.08
1624984618.005,1,71.4
1624984618.11,0,56.17
1624984618.114,1,61.01
1624984618.217,0,63.67
1624984618.22,1,64.09
1624984618.323,0,76.44
1624984618.326,1,72.0
1624984618.431,0,107.12
1624984618.434,1,119.53
1624984618.537,0,50.51
1624984618.54,1,55.15
1624984618.643,0,50.17
1624984618.646,1,55.68
1624984618.754,0,50.07
1624984618.757,1,55.84
1624984618.86,0,49.77
1624984618.864,1,56.79
1624984618.967,0,48.78
1624984618.97,1,65.03
1624984619.073,0,51.0
1624984619.076,1,96.82
1624984619.179,0,59.26
1624984619.182,1,60.66
1624984619.285,0,64.72
1624984619.289,1,63.11
1624984619.394,0,68.55
1624984619.397,1,67.13
1624984619.5,0,94.17
1624984619.503,1,100.95
1624984619.606,0,50.37
1624984619.609,1,66.9
1624984619.715,0,50.15
1624984619.718,1,55.87
1624984619.821,0,49.54
1624984619.824,1,57.06
1624984619.927,0,49.21
1624984619.93,1,62.81
1624984620.036,0,50.5
1624984620.039,1,89.5
1624984620.142,0,57.05
1624984620.145,1,58.53
1624984620.248,0,61.59
1624984620.252,1,60.51
1624984620.358,0,73.84
1624984620.361,1,71.75
1624984620.464,0,108.78
1624984620.469,1,107.58
1624984620.572,0,76.62
1624984620.578,1,95.71
1624984620.681,0,50.25
1624984620.684,1,55.58
1624984620.787,0,49.69
1624984620.79,1,57.09
1624984620.894,0,49.42
1624984620.899,1,57.49
1624984621.002,0,48.65
1624984621.005,1,62.5
1624984621.108,0,50.91
1624984621.111,1,86.29
1624984621.213,0,55.44
1624984621.219,1,67.75
1624984621.322,0,63.99
1624984621.326,1,64.36
1624984621.429,0,63.33
1624984621.432,1,64.47
1624984621.535,0,113.54
1624984621.54,1,108.68
1624984621.643,0,50.35
1624984621.646,1,68.11
1624984621.75,0,50.17
1624984621.753,1,55.46
1624984621.856,0,49.57
1624984621.861,1,58.05
1624984621.965,0,48.88
1624984621.967,1,70.49
1624984622.07,0,51.0
1624984622.073,1,87.21
1624984622.176,0,55.01
1624984622.182,1,67.24
1624984622.285,0,61.24
1624984622.288,1,62.16
1624984622.391,0,83.39
1624984622.395,1,79.61
1624984622.498,0,114.71
1624984622.503,1,109.69
1624984622.606,0,50.44
1624984622.609,1,62.89
1624984622.712,0,50.09
1624984622.715,1,55.76
1624984622.819,0,49.06
1624984622.824,1,58.31
1624984622.927,0,48.98
1624984622.93,1,70.37
1624984623.033,0,54.69
1624984623.036,1,64.39
1624984623.139,0,64.28
1624984623.145,1,64.46
1624984623.248,0,67.09
1624984623.252,1,68.02
1624984623.354,0,95.36
1624984623.358,1,91.31
1624984623.461,0,50.41
1624984623.466,1,67.61
1624984623.569,0,49.96
1624984623.572,1,55.81
1624984623.675,0,48.93
1624984623.678,1,59.24
1624984623.782,0,48.86
1624984623.787,1,64.36
1624984623.889,0,51.71
1624984623.892,1,89.8
1624984623.995,0,55.91
1624984623.999,1,57.67
1624984624.102,0,62.78
1624984624.108,1,64.02
1624984624.211,0,80.28
1624984624.214,1,76.25
1624984624.317,0,105.14
1624984624.32,1,121.56
1624984624.423,0,50.48
1624984624.428,1,55.81
1624984624.532,0,49.86
1624984624.535,1,56.63
1624984624.638,0,48.64
1624984624.641,1,59.22
1624984624.745,0,49.63
1624984624.749,1,76.93
1624984624.852,0,53.51
1624984624.854,1,67.13
1624984624.957,0,58.56
1624984624.961,1,60.46
1624984625.064,0,66.09
1624984625.07,1,66.54
1624984625.173,0,85.79
1624984625.177,1,84.13
1624984625.28,0,81.59
1624984625.283,1,100.31
1624984625.385,0,50.28
1624984625.391,1,55.8
1624984625.494,0,49.83
1624984625.497,1,57.09
1624984625.601,0,48.58
1624984625.603,1,61.57
1624984625.707,0,50.28
1624984625.712,1,72.55
1624984625.814,0,53.71
1624984625.817,1,80.62
1624984625.92,0,58.14
1624984625.924,1,59.07
1624984626.027,0,61.27
1624984626.033,1,62.46
1624984626.136,0,83.21
1624984626.139,1,81.4
1624984626.242,0,79.09
1624984626.245,1,100.49
1624984626.348,0,50.39
1624984626.353,1,54.98
1624984626.458,0,49.81
1624984626.461,1,56.7
1624984626.564,0,48.57
1624984626.567,1,61.84
1624984626.671,0,51.84
1624984626.674,1,77.29
1624984626.782,0,54.28
1624984626.785,1,69.66
1624984626.888,0,56.63
1624984626.891,1,58.01
1624984626.994,0,75.43
1624984626.998,1,71.43
1624984627.103,0,113.13
1624984627.105,1,116.41
1624984627.208,0,50.37
1624984627.211,1,69.76
1624984627.314,0,50.25
1624984627.317,1,55.97
1624984627.421,0,48.78
1624984627.424,1,59.91
1624984627.527,0,49.73
1624984627.53,1,80.09
1624984627.633,0,53.47
1624984627.637,1,67.37
1624984627.74,0,59.75
1624984627.743,1,60.89
1624984627.846,0,59.44
1624984627.85,1,61.02
1624984627.953,0,78.08
1624984627.958,1,75.25
1624984628.061,0,95.99
1624984628.064,1,96.82
1624984628.167,0,50.42
1624984628.17,1,85.54
1624984628.275,0,50.21
1624984628.279,1,56.02
1624984628.382,0,49.9
1624984628.385,1,56.43
1624984628.488,0,48.62
1624984628.491,1,61.09
1624984628.595,0,50.12
1624984628.599,1,78.46
1624984628.705,0,54.76
1624984628.708,1,67.04
1624984628.811,0,60.98
1624984628.814,1,62.02
1624984628.917,0,70.46
1624984628.921,1,69.51
1624984629.024,0,99.1
1624984629.027,1,103.36
1624984629.13,0,50.45
1624984629.132,1,79.86
1624984629.235,0,50.28
1624984629.241,1,55.21
1624984629.344,0,49.93
1624984629.347,1,56.32
1624984629.451,0,48.94
1624984629.454,1,60.27
1624984629.557,0,48.89
1624984629.561,1,65.22
1624984629.664,0,51.49
1624984629.667,1,95.26
1624984629.77,0,57.38
1624984629.773,1,59.15
1624984629.876,0,58.97
1624984629.883,1,60.35
1624984629.986,0,64.84
1624984629.989,1,65.21
1624984630.092,0,99.42
1624984630.095,1,96.22
1624984630.198,0,70.19
1624984630.204,1,99.37
1624984630.307,0,50.48
1624984630.31,1,55.23
1624984630.414,0,50.09
1624984630.417,1,55.78
1624984630.52,0,49.45
1624984630.524,1,57.53
1624984630.628,0,48.97
1624984630.631,1,61.17
1624984630.739,0,49.9
1624984630.745,1,72.35
1624984630.848,0,53.96
1624984630.85,1,74.36
1624984630.953,0,58.57
1624984630.957,1,58.87
1624984631.063,0,64.78
1624984631.066,1,65.14
1624984631.169,0,87.29
1624984631.173,1,83.88
1624984631.276,0,73.15
1624984631.279,1,99.44
1624984631.381,0,50.31
1624984631.387,1,55.44
1624984631.491,0,50.01
1624984631.496,1,56.22
1624984631.599,0,48.65
1624984631.602,1,61.38
1624984631.706,0,50.22
1624984631.709,1,88.65
1624984631.812,0,56.76
1624984631.815,1,57.99
1624984631.92,0,63.35
1624984631.923,1,64.59
1624984632.026,0,81.9
1624984632.03,1,80.44
1624984632.133,0,79.7
1624984632.135,1,98.57
1624984632.238,0,50.06
1624984632.241,1,55.85
1624984632.345,0,49.65
1624984632.349,1,56.54
1624984632.453,0,49.01
1624984632.456,1,64.96
1624984632.559,0,50.69
1624984632.561,1,93.9
1624984632.664,0,56.03
1624984632.671,1,70.47
1624984632.78,0,57.1
1624984632.783,1,58.68
1624984632.886,0,66.29
1624984632.891,1,66.49
1624984632.994,0,95.24
1624984632.999,1,81.19
1624984633.105,0,105.35
1624984633.108,1,118.86
1624984633.211,0,50.45
1624984633.214,1,55.88
1624984633.317,0,49.88
1624984633.32,1,55.94
1624984633.424,0,49.03
1624984633.427,1,58.65
1624984633.53,0,49.38
1624984633.533,1,67.13
1624984633.637,0,52.37
1624984633.639,1,86.43
1624984633.742,0,55.69
1624984633.746,1,57.55
1624984633.849,0,59.21
1624984633.854,1,60.42
1624984633.958,0,86.32
1624984633.961,1,82.8
1624984634.065,0,106.03
1624984634.068,1,116.31
1624984634.17,0,50.4
1624984634.175,1,55.14
1624984634.278,0,49.93
1624984634.281,1,55.92
1624984634.384,0,49.54
1624984634.387,1,56.48
1624984634.494,0,48.62
1624984634.497,1,63.92
1624984634.6,0,50.25
1624984634.604,1,79.74
1624984634.707,0,53.84
1624984634.71,1,67.43
1624984634.813,0,62.56
1624984634.817,1,60.26
1624984634.927,0,65.06
1624984634.93,1,64.85
1624984635.033,0,79.81
1624984635.038,1,76.08
1624984635.141,0,83.72
1624984635.143,1,96.53
1624984635.246,0,50.35
1624984635.249,1,55.69
1624984635.353,0,50.06
1624984635.358,1,55.91
1624984635.461,0,48.36
1624984635.464,1,60.06
1624984635.568,0,49.35
1624984635.57,1,67.21
1624984635.676,0,50.6
1624984635.679,1,82.6
1624984635.782,0,56.34
1624984635.785,1,58.04
1624984635.888,0,65.48
1624984635.892,1,64.46
1624984635.998,0,89.95
1624984636.001,1,85.1
1624984636.104,0,107.21
1624984636.108,1,123.76
1624984636.211,0,50.38
1624984636.214,1,70.58
1624984636.319,0,50.15
1624984636.322,1,55.54
1624984636.425,0,49.42
1624984636.428,1,56.82
1624984636.532,0,49.19
1624984636.534,1,66.65
1624984636.641,0,51.82
1624984636.643,1,90.07
1624984636.746,0,55.37
1624984636.75,1,57.14
1624984636.853,0,62.11
1624984636.856,1,62.08
1624984636.961,0,75.52
1624984636.965,1,74.69
1624984637.068,0,115.21
1624984637.071,1,133.89
1624984637.174,0,50.29
1624984637.177,1,55.59
1624984637.283,0,50.2
1624984637.286,1,55.53
1624984637.389,0,49.57
1624984637.392,1,56.55
1624984637.495,0,49.06
1624984637.498,1,70.03
1624984637.604,0,53.48
1624984637.606,1,77.26
1624984637.709,0,58.46
1624984637.713,1,59.65
1624984637.816,0,61.52
1624984637.819,1,61.45
1624984637.924,0,90.62
1624984637.928,1,84.84
1624984638.031,0,89.85
1624984638.033,1,110.32
1624984638.136,0,50.37
1624984638.139,1,55.72
1624984638.245,0,50.0
1624984638.248,1,55.62
1624984638.351,0,49.54
1624984638.354,1,56.4
1624984638.458,0,49.22
1624984638.46,1,70.25
1624984638.566,0,51.16
1624984638.568,1,86.92
1624984638.671,0,55.04
1624984638.675,1,56.8
1624984638.778,0,66.51
1624984638.781,1,65.38
1624984638.886,0,96.63
1624984638.89,1,90.16
1624984638.993,0,50.28
1624984638.996,1,73.75
1624984639.098,0,50.14
1624984639.101,1,55.66
1624984639.207,0,49.58
1624984639.21,1,56.51
1624984639.314,0,49.19
1624984639.316,1,71.36
1624984639.419,0,53.85
1624984639.423,1,67.93
1624984639.528,0,59.35
1624984639.531,1,60.59
1624984639.634,0,83.81
1624984639.638,1,79.89
1624984639.741,0,86.63
1624984639.744,1,85.67
1624984639.848,0,66.72
1624984639.851,1,88.32
1624984639.954,0,50.18
1624984639.957,1,55.18
1624984640.061,0,49.82
1624984640.063,1,55.9
1624984640.169,0,48.36
1624984640.172,1,60.19
1624984640.276,0,50.2
1624984640.279,1,79.63
1624984640.381,0,54.06
1624984640.385,1,79.82
1624984640.49,0,56.13
1624984640.494,1,57.8
1624984640.597,0,62.25
1624984640.6,1,63.67
1624984640.703,0,81.43
1624984640.707,1,75.35
1624984640.811,0,103.3
1624984640.814,1,123.12
1624984640.917,0,50.32
1624984640.92,1,55.66
1624984641.023,0,49.97
1624984641.026,1,55.74
1624984641.132,0,49.32
1624984641.135,1,56.85
1624984641.238,0,48.9
1624984641.241,1,65.12
1624984641.344,0,50.38
1624984641.347,1,72.89
1624984641.453,0,53.38
1624984641.455,1,83.92
1624984641.558,0,59.13
1624984641.562,1,60.44
1624984641.665,0,69.53
1624984641.668,1,66.75
1624984641.774,0,101.56
1624984641.777,1,97.71
1624984641.88,0,76.73
1624984641.883,1,94.34
1624984641.986,0,50.28
1624984641.989,1,55.61
1624984642.095,0,49.48
1624984642.098,1,56.35
1624984642.201,0,48.71
1624984642.204,1,61.4
1624984642.307,0,49.93
1624984642.31,1,71.15
1624984642.416,0,53.7
1624984642.42,1,80.57
1624984642.523,0,59.11
1624984642.526,1,60.31
1624984642.629,0,59.74
1624984642.633,1,60.65
1624984642.736,0,91.22
1624984642.74,1,86.32
1624984642.843,0,78.56
1624984642.846,1,100.8
1624984642.949,0,50.25
1624984642.952,1,58.9
1624984643.057,0,50.1
1624984643.06,1,55.34
1624984643.164,0,50.01
1624984643.167,1,56.67
1624984643.27,0,47.38
1624984643.273,1,51.34
1624984643.379,0,48.9
1624984643.382,1,58.47
1624984643.485,0,49.32
1624984643.488,1,72.86
1624984643.591,0,52.99
1624984643.593,1,92.55
1624984643.699,0,56.38
1624984643.703,1,57.95
1624984643.806,0,60.95
1624984643.809,1,62.07
1624984643.912,0,80.14
1624984643.915,1,73.49
1624984644.021,0,99.37
1624984644.026,1,92.04
1624984644.129,0,69.35
1624984644.131,1,87.7
1624984644.234,0,50.07
1624984644.237,1,55.41
1624984644.342,0,49.69
1624984644.344,1,56.76
1624984644.448,0,48.74
1624984644.451,1,62.87
1624984644.555,0,50.34
1624984644.558,1,82.34
1624984644.662,0,55.23
1624984644.665,1,64.85
1624984644.768,0,59.08
1624984644.772,1,59.71
1624984644.875,0,72.68
1624984644.878,1,68.65
1624984644.983,0,89.72
1624984644.987,1,85.76
1624984645.09,0,76.99
1624984645.093,1,99.38
1624984645.196,0,50.25
1624984645.198,1,55.48
1624984645.305,0,49.77
1624984645.308,1,55.65
1624984645.411,0,49.47
1624984645.414,1,56.97
1624984645.517,0,48.97
1624984645.52,1,66.0
1624984645.626,0,52.26
1624984645.629,1,90.43
1624984645.732,0,56.26
1624984645.735,1,58.03
1624984645.838,0,59.14
1624984645.845,1,60.54
1624984645.948,0,75.76
1624984645.951,1,72.9
1624984646.054,0,113.61
1624984646.057,1,123.27
1624984646.161,0,50.19
1624984646.166,1,55.51
1624984646.269,0,49.96
1624984646.272,1,55.95
1624984646.376,0,49.16
1624984646.379,1,57.91
1624984646.482,0,49.03
1624984646.486,1,70.1
1624984646.589,0,51.72
1624984646.592,1,92.28
1624984646.695,0,56.68
1624984646.698,1,58.45
1624984646.801,0,62.74
1624984646.808,1,63.67
1624984646.911,0,77.96
1624984646.914,1,75.6
1624984647.017,0,86.44
1624984647.021,1,86.53
1624984647.124,0,50.51
1624984647.128,1,84.03
1624984647.231,0,50.1
1624984647.234,1,55.87
1624984647.338,0,49.67
1624984647.341,1,56.22
1624984647.444,0,49.02
1624984647.449,1,62.96
1624984647.552,0,50.58
1624984647.555,1,82.59
1624984647.658,0,55.32
1624984647.661,1,67.29
1624984647.766,0,58.92
1624984647.771,1,60.05
1624984647.874,0,68.29
1624984647.877,1,68.34
1624984647.98,0,111.39
1624984647.983,1,129.37
1624984648.086,0,50.38
1624984648.091,1,65.39
1624984648.194,0,50.12
1624984648.197,1,55.81
1624984648.3,0,49.56
1624984648.303,1,56.97
1624984648.406,0,48.93
1624984648.411,1,65.38
1624984648.514,0,52.52
1624984648.517,1,93.45
1624984648.62,0,56.5
1624984648.624,1,58.27
1624984648.727,0,60.24
1624984648.732,1,61.45
1624984648.835,0,66.68
1624984648.839,1,67.25
1624984648.942,0,117.2
1624984648.945,1,130.14
1624984649.048,0,50.41
1624984649.053,1,72.36
1624984649.156,0,50.25
1624984649.159,1,56.05
1624984649.263,0,49.74
1624984649.266,1,56.78
1624984649.37,0,48.84
1624984649.374,1,58.97
1624984649.478,0,50.16
1624984649.481,1,75.73
1624984649.584,0,56.52
1624984649.587,1,58.17
1624984649.69,0,58.41
1624984649.696,1,59.44
1624984649.799,0,62.67
1624984649.802,1,64.37
1624984649.905,0,99.57
1624984649.908,1,92.55
1624984650.011,0,77.32
1624984650.017,1,99.89
1624984650.119,0,50.08
1624984650.122,1,56.17
1624984650.226,0,49.7
1624984650.229,1,56.47
1624984650.332,0,49.26
1624984650.337,1,57.65
1624984650.44,0,49.08
1624984650.443,1,66.09
1624984650.546,0,51.37
1624984650.549,1,91.98
1624984650.652,0,54.06
1624984650.658,1,71.6
1624984650.761,0,58.37
1624984650.764,1,59.85
1624984650.867,0,76.58
1624984650.871,1,75.67
1624984650.974,0,116.09
1624984650.979,1,111.21
1624984651.082,0,50.3
1624984651.085,1,56.84
1624984651.188,0,49.93
1624984651.191,1,55.81
1624984651.294,0,49.22
1624984651.3,1,57.76
1624984651.403,0,49.46
1624984651.406,1,76.54
1624984651.509,0,55.47
1624984651.512,1,57.47
1624984651.615,0,61.66
1624984651.621,1,62.49
1624984651.724,0,76.95
1624984651.727,1,75.53
1624984651.83,0,109.81
1624984651.833,1,125.85
1624984651.936,0,50.33
1624984651.943,1,55.71
1624984652.046,0,50.0
1624984652.049,1,56.18
1624984652.152,0,49.29
1624984652.155,1,57.97
1624984652.259,0,48.94
1624984652.262,1,69.79
1624984652.365,0,53.62
1624984652.368,1,80.26
1624984652.471,0,58.42
1624984652.475,1,59.9
1624984652.578,0,87.55
1624984652.584,1,83.21
1624984652.687,0,50.25
1624984652.689,1,55.18
1624984652.793,0,49.03
1624984652.796,1,54.84
1624984652.899,0,48.81
1624984652.904,1,69.98
1624984653.007,0,55.93
1624984653.011,1,57.93
1624984653.113,0,70.6
1624984653.117,1,70.31
1624984653.22,0,92.12
1624984653.225,1,84.18
1624984653.328,0,58.03
1624984653.331,1,90.2
1624984653.434,0,49.89
1624984653.437,1,55.61
1624984653.54,0,49.56
1624984653.547,1,55.83
1624984653.651,0,48.2
1624984653.654,1,60.53
1624984653.757,0,50.24
1624984653.76,1,85.57
1624984653.863,0,55.42
1624984653.867,1,64.85
1624984653.97,0,61.38
1624984653.974,1,62.04
1624984654.077,0,97.46
1624984654.08,1,94.93
1624984654.183,0,79.64
1624984654.188,1,100.47
1624984654.291,0,50.23
1624984654.294,1,55.67
1624984654.397,0,49.87
1624984654.4,1,55.76
1624984654.504,0,49.54
1624984654.51,1,56.68
1624984654.613,0,48.81
1624984654.616,1,65.07
1624984654.719,0,51.69
1624984654.722,1,88.88
1624984654.825,0,54.97
1624984654.831,1,56.94
1624984654.934,0,58.11
1624984654.937,1,59.99
1624984655.04,0,73.25
1624984655.043,1,71.9
1624984655.146,0,98.54
1624984655.153,1,89.05
1624984655.256,0,52.2
1624984655.259,1,78.21
1624984655.362,0,50.19
1624984655.365,1,56.01
1624984655.468,0,49.16
1624984655.472,1,56.78
1624984655.576,0,49.1
1624984655.579,1,66.45
1624984655.683,0,51.37
1624984655.686,1,87.59
1624984655.789,0,55.15
1624984655.794,1,57.13
1624984655.897,0,60.0
1624984655.9,1,61.34
1624984656.003,0,71.72
1624984656.006,1,71.0
1624984656.109,0,98.22
1624984656.115,1,94.72
1624984656.218,0,88.2
1624984656.221,1,111.09
1624984656.324,0,50.34
1624984656.327,1,55.76
1624984656.431,0,50.09
1624984656.436,1,55.48
1624984656.539,0,49.35
1624984656.542,1,57.45
1624984656.646,0,48.38
1624984656.648,1,65.45
1624984656.751,0,51.21
1624984656.758,1,91.57
1624984656.861,0,54.99
1624984656.865,1,56.76
1624984656.968,0,64.54
1624984656.971,1,63.38
1624984657.076,0,72.35
1624984657.079,1,70.33
1624984657.182,0,105.45
1624984657.185,1,124.5
1624984657.288,0,50.28
1624984657.291,1,55.9
1624984657.397,0,49.77
1624984657.4,1,55.64
1624984657.503,0,49.13
1624984657.506,1,58.2
1624984657.61,0,49.21
1624984657.613,1,63.83
1624984657.718,0,49.88
1624984657.721,1,78.62
1624984657.824,0,54.57
1624984657.827,1,73.31
1624984657.93,0,58.25
1624984657.933,1,58.88
1624984658.038,0,61.76
1624984658.042,1,63.07
1624984658.145,0,91.11
1624984658.148,1,88.02
1624984658.251,0,96.45
1624984658.254,1,118.74
1624984658.359,0,50.41
1624984658.363,1,55.64
1624984658.466,0,50.02
1624984658.469,1,55.81
1624984658.573,0,48.94
1624984658.575,1,58.7
1624984658.68,0,48.84
1624984658.683,1,65.25
1624984658.786,0,52.1
1624984658.789,1,86.46
1624984658.892,0,57.86
1624984658.895,1,58.44
1624984659.001,0,61.76
1624984659.004,1,62.27
1624984659.107,0,87.29
1624984659.111,1,86.75
1624984659.214,0,105.38
1624984659.217,1,124.28
1624984659.321,0,50.25
1624984659.326,1,55.76
1624984659.429,0,49.58
1624984659.432,1,56.61
1624984659.535,0,48.49
1624984659.538,1,59.38
1624984659.643,0,48.84
1624984659.646,1,65.77
1624984659.749,0,52.24
1624984659.752,1,85.89
1624984659.855,0,57.92
1624984659.858,1,58.93
1624984659.963,0,60.17
1624984659.97,1,61.19
1624984660.073,0,68.02
1624984660.076,1,68.57
1624984660.179,0,98.13
1624984660.182,1,114.48
1624984660.285,0,50.21
1624984660.29,1,55.25
1624984660.395,0,49.93
1624984660.398,1,55.74
1624984660.502,0,49.26
1624984660.505,1,56.95
1624984660.608,0,48.61
1624984660.612,1,66.58
1624984660.715,0,51.82
1624984660.718,1,85.88
1624984660.821,0,59.46
1624984660.824,1,60.96
1624984660.927,0,66.98
1624984660.931,1,66.69
1624984661.034,0,53.33
1624984661.037,1,76.68
1624984661.14,0,50.22
1624984661.143,1,55.53
1624984661.247,0,50.16
1624984661.25,1,55.95
1624984661.354,0,49.67
1624984661.358,1,56.33
1624984661.462,0,49.11
1624984661.465,1,71.21
1624984661.568,0,53.65
1624984661.571,1,69.16
1624984661.674,0,59.37
1624984661.677,1,60.91
1624984661.78,0,75.07
1624984661.787,1,73.56
1624984661.89,0,112.46
1624984661.894,1,103.56
1624984661.998,0,50.25
1624984662.001,1,60.63
1624984662.104,0,50.05
1624984662.108,1,55.48
1624984662.212,0,49.8
1624984662.215,1,55.77
1624984662.318,0,48.45
1624984662.321,1,64.8
1624984662.424,0,51.09
1624984662.427,1,94.1
1624984662.531,0,56.5
1624984662.534,1,58.29
1624984662.637,0,69.21
1624984662.641,1,68.93
1624984662.743,0,94.21
1624984662.747,1,86.26
1624984662.851,0,95.79
1624984662.856,1,116.43
1624984662.959,0,50.28
1624984662.962,1,55.39
1624984663.066,0,49.99
1624984663.069,1,55.67
1624984663.172,0,49.22
1624984663.175,1,57.42
1624984663.279,0,48.78
1624984663.282,1,63.97
1624984663.385,0,50.8
1624984663.388,1,85.58
1624984663.493,0,55.23
1624984663.496,1,57.48
1624984663.6,0,56.5
1624984663.609,1,57.99
1624984663.713,0,61.44
1624984663.717,1,62.94
1624984663.82,0,75.62
1624984663.823,1,75.81
1624984663.926,0,100.54
1624984663.929,1,118.15
1624984664.034,0,50.25
1624984664.037,1,55.28
1624984664.141,0,50.09
1624984664.144,1,55.52
1624984664.247,0,49.48
1624984664.25,1,56.25
1624984664.356,0,48.78
1624984664.359,1,59.95
1624984664.463,0,50.19
1624984664.466,1,86.79
1624984664.569,0,55.27
1624984664.572,1,76.78
1624984664.676,0,55.86
1624984664.68,1,58.12
1624984664.783,0,63.21
1624984664.787,1,63.66
1624984664.89,0,82.32
1624984664.894,1,79.36
1624984664.997,0,95.61
1624984665.0,1,110.04
1624984665.104,0,50.18
1624984665.107,1,55.21
1624984665.21,0,49.98
1624984665.214,1,55.58
1624984665.318,0,49.13
1624984665.321,1,57.69
1624984665.425,0,49.53
1624984665.428,1,70.46
1624984665.53,0,52.96
1624984665.533,1,81.17
1624984665.639,0,56.38
1624984665.647,1,58.15
1624984665.75,0,61.18
1624984665.753,1,60.56
1624984665.859,0,80.0
1624984665.863,1,75.36
1624984665.966,0,109.74
1624984665.971,1,102.11
1624984666.074,0,50.34
1624984666.077,1,65.02
1624984666.181,0,50.02
1624984666.183,1,55.72
1624984666.287,0,48.63
1624984666.29,1,59.4
1624984666.393,0,49.51
1624984666.396,1,67.57
1624984666.501,0,50.47
1624984666.504,1,82.85
1624984666.608,0,53.49
1624984666.611,1,70.37
1624984666.714,0,56.46
1624984666.718,1,57.85
1624984666.822,0,66.96
1624984666.826,1,66.93
1624984666.929,0,104.49
1624984666.932,1,99.94
1624984667.035,0,50.23
1624984667.038,1,85.57
1624984667.143,0,50.09
1624984667.146,1,55.71
1624984667.249,0,49.23
1624984667.252,1,56.67
1624984667.356,0,48.87
1624984667.36,1,66.58
1624984667.464,0,51.53
1624984667.467,1,89.81
1624984667.57,0,56.77
1624984667.573,1,58.21
1624984667.676,0,63.12
1624984667.68,1,62.48
1624984667.784,0,76.68
1624984667.794,1,74.34
1624984667.897,0,88.31
1624984667.9,1,81.54
1624984668.005,0,99.76
1624984668.008,1,122.92
1624984668.112,0,50.22
1624984668.115,1,55.04
1624984668.218,0,49.93
1624984668.222,1,56.12
1624984668.327,0,49.74
1624984668.33,1,56.89
1624984668.433,0,49.17
1624984668.436,1,68.92
1624984668.539,0,51.08
1624984668.542,1,91.18
1624984668.647,0,54.73
1624984668.651,1,57.87
1624984668.754,0,57.41
1624984668.758,1,59.31
1624984668.861,0,86.43
1624984668.864,1,79.23
1624984668.968,0,110.44
1624984668.971,1,123.84
1624984669.074,0,50.18
1624984669.077,1,64.42
1624984669.18,0,50.15
1624984669.183,1,55.3
1624984669.29,0,49.74
1624984669.293,1,56.21
1624984669.396,0,48.87
1624984669.399,1,60.01
1624984669.502,0,50.36
1624984669.505,1,85.16
1624984669.61,0,55.21
1624984669.613,1,69.27
1624984669.718,0,61.51
1624984669.721,1,63.03
1624984669.824,0,68.05
1624984669.828,1,67.96
1624984669.931,0,92.97
1624984669.939,1,90.15
1624984670.042,0,61.65
1624984670.045,1,90.22
1624984670.148,0,50.28
1624984670.151,1,55.42
1624984670.254,0,49.98
1624984670.26,1,55.38
1624984670.363,0,48.38
1624984670.366,1,59.52
1624984670.472,0,49.61
1624984670.475,1,77.41
1624984670.578,0,55.43
1624984670.582,1,64.4
1624984670.685,0,61.81
1624984670.689,1,61.71
1624984670.793,0,79.92
1624984670.797,1,77.19
1624984670.9,0,96.5
1624984670.903,1,105.28
1624984671.006,0,50.28
1624984671.01,1,55.59
1624984671.114,0,49.77
1624984671.117,1,55.67
1624984671.222,0,49.22
1624984671.225,1,57.49
1624984671.329,0,48.96
1624984671.331,1,68.38
1624984671.436,0,51.01
1624984671.439,1,92.69
1624984671.542,0,55.04
1624984671.547,1,56.83
1624984671.65,0,60.61
1624984671.654,1,62.27
1624984671.757,0,69.58
1624984671.76,1,69.31
1624984671.863,0,69.49
1624984671.868,1,68.78
1624984671.971,0,94.01
1624984671.974,1,97.17
1624984672.077,0,50.22
1624984672.08,1,68.3
1624984672.183,0,50.25
1624984672.189,1,55.65
1624984672.293,0,49.9
1624984672.295,1,55.42
1624984672.399,0,49.48
1624984672.402,1,56.68
1624984672.505,0,48.31
1624984672.51,1,62.55
1624984672.613,0,51.57
1624984672.616,1,89.8
1624984672.719,0,55.28
1624984672.722,1,57.13
1624984672.825,0,65.07
1624984672.831,1,64.95
1624984672.934,0,93.97
1624984672.938,1,90.73
1624984673.041,0,74.83
1624984673.043,1,97.75
1624984673.146,0,50.15
1624984673.152,1,55.06
1624984673.255,0,49.61
1624984673.258,1,56.17
1624984673.362,0,48.58
1624984673.365,1,59.77
1624984673.468,0,49.75
1624984673.472,1,78.13
1624984673.575,0,54.58
1624984673.578,1,71.42
1624984673.681,0,58.73
1624984673.685,1,59.95
1624984673.788,0,76.71
1624984673.794,1,75.76
1624984673.897,0,113.04
1624984673.899,1,116.83
1624984674.002,0,50.27
1624984674.005,1,55.59
1624984674.109,0,49.97
1624984674.114,1,55.95
1624984674.217,0,48.7
1624984674.22,1,58.72
1624984674.324,0,49.41
1624984674.327,1,76.31
1624984674.429,0,53.61
1624984674.435,1,68.34
1624984674.538,0,60.19
1624984674.541,1,61.61
1624984674.644,0,82.8
1624984674.647,1,79.4
1624984674.75,0,82.31
1624984674.756,1,103.06
1624984674.859,0,50.18
1624984674.861,1,55.48
1624984674.965,0,49.96
1624984674.968,1,55.55
1624984675.071,0,49.19
1624984675.076,1,56.78
1624984675.18,0,49.03
1624984675.183,1,72.73
1624984675.285,0,53.14
1624984675.288,1,71.72
1624984675.391,0,61.0
1624984675.398,1,62.08
1624984675.501,0,65.55
1624984675.504,1,65.52
1624984675.607,0,70.81
1624984675.611,1,68.65
1624984675.714,0,91.18
1624984675.719,1,109.65
1624984675.822,0,50.35
1624984675.824,1,55.47
1624984675.928,0,49.67
1624984675.931,1,55.93
1624984676.034,0,49.39
1624984676.039,1,57.98
1624984676.142,0,49.47
1624984676.145,1,76.77
1624984676.248,0,55.51
1624984676.251,1,64.17
1624984676.354,0,57.5
1624984676.36,1,58.9
1624984676.463,0,61.39
1624984676.467,1,62.89
1624984676.57,0,75.39
1624984676.573,1,74.44
1624984676.676,0,111.22
1624984676.681,1,122.27
1624984676.784,0,50.28
1624984676.786,1,55.51
1624984676.89,0,49.7
1624984676.893,1,55.77
1624984676.996,0,49.54
1624984677.001,1,56.09
1624984677.105,0,48.73
1624984677.108,1,68.01
1624984677.211,0,52.27
1624984677.214,1,93.67
1624984677.317,0,56.04
1624984677.323,1,57.7
1624984677.426,0,63.87
1624984677.43,1,64.64
1624984677.533,0,93.61
1624984677.537,1,89.29
1624984677.64,0,100.85
1624984677.644,1,119.86
1624984677.747,0,50.25
1624984677.749,1,55.54
1624984677.853,0,49.83
1624984677.856,1,55.9
1624984677.959,0,48.42
1624984677.964,1,60.17
1624984678.068,0,50.74
1624984678.071,1,78.93
1624984678.173,0,56.17
1624984678.177,1,58.23
1624984678.28,0,62.39
1624984678.286,1,63.23
1624984678.389,0,79.11
1624984678.392,1,75.82
1624984678.496,0,87.61
1624984678.498,1,110.53
1624984678.601,0,50.2
1624984678.606,1,55.33
1624984678.709,0,49.96
1624984678.712,1,55.79
1624984678.816,0,49.29
1624984678.819,1,57.08
1624984678.922,0,48.78
1624984678.927,1,63.43
1624984679.03,0,50.87
1624984679.033,1,95.94
1624984679.136,0,56.68
1624984679.139,1,58.57
1624984679.242,0,62.28
1624984679.248,1,62.34
1624984679.351,0,82.83
1624984679.354,1,82.05
1624984679.457,0,97.55
1624984679.461,1,119.52
1624984679.564,0,50.16
1624984679.569,1,55.7
1624984679.672,0,49.74
1624984679.675,1,56.0
1624984679.779,0,48.26
1624984679.781,1,60.35
1624984679.885,0,49.49
1624984679.89,1,70.59
1624984679.993,0,51.46
1624984679.995,1,89.43
1624984680.099,0,54.72
1624984680.102,1,56.99
1624984680.205,0,60.88
1624984680.211,1,61.83
1624984680.314,0,94.84
1624984680.318,1,87.17
1624984680.421,0,79.79
1624984680.424,1,101.74
1624984680.527,0,50.14
1624984680.532,1,55.54
1624984680.635,0,50.09
1624984680.638,1,55.95
1624984680.743,0,49.42
1624984680.746,1,56.55
1624984680.849,0,48.81
1624984680.852,1,63.89
1624984680.955,0,50.25
1624984680.958,1,89.04
1624984681.061,0,56.07
1624984681.066,1,57.42
1624984681.169,0,63.41
1624984681.174,1,64.05
1624984681.277,0,104.84
1624984681.28,1,100.14
1624984681.383,0,62.23
1624984681.386,1,88.39
1624984681.489,0,50.0
1624984681.494,1,55.81
1624984681.597,0,49.54
1624984681.6,1,56.41
1624984681.704,0,48.81
1624984681.707,1,69.37
1624984681.81,0,50.09
1624984681.815,1,88.2
1624984681.918,0,56.18
1624984681.922,1,57.66
1624984682.025,0,60.75
1624984682.028,1,62.19
1624984682.131,0,70.76
1624984682.136,1,66.86
1624984682.242,0,96.1
1624984682.246,1,91.84
1624984682.349,0,73.26
1624984682.352,1,104.51
1624984682.454,0,50.1
1624984682.457,1,55.74
1624984682.564,0,49.98
1624984682.567,1,55.8
1624984682.67,0,48.24
1624984682.673,1,62.3
1624984682.776,0,50.14
1624984682.779,1,71.93
1624984682.884,0,54.6
1624984682.888,1,66.88
1624984682.99,0,59.04
1624984682.994,1,60.18
1624984683.097,0,69.84
1624984683.1,1,67.07
1624984683.205,0,107.13
1624984683.208,1,123.39
1624984683.311,0,50.22
1624984683.314,1,55.66
1624984683.418,0,49.8
1624984683.42,1,55.98
1624984683.527,0,49.22
1624984683.53,1,56.94
1624984683.633,0,48.62
1624984683.636,1,70.16
1624984683.739,0,52.78
1624984683.742,1,88.34
1624984683.849,0,56.27
1624984683.852,1,58.05
1624984683.955,0,63.67
1624984683.961,1,64.33
1624984684.064,0,76.22
1624984684.067,1,75.18
1624984684.17,0,89.22
1624984684.175,1,107.83
1624984684.277,0,50.2
1624984684.282,1,55.04
1624984684.385,0,49.95
1624984684.388,1,55.44
1624984684.492,0,49.06
1624984684.494,1,57.62
1624984684.598,0,48.33
1624984684.602,1,60.36
1624984684.706,0,50.12
1624984684.709,1,79.0
1624984684.812,0,55.86
1624984684.815,1,59.65
1624984684.918,0,59.13
1624984684.923,1,60.43
1624984685.026,0,72.27
1624984685.03,1,70.51
1624984685.133,0,109.06
1624984685.136,1,117.34
1624984685.239,0,52.25
1624984685.245,1,76.71
1624984685.347,0,50.11
1624984685.35,1,55.24
1624984685.455,0,49.26
1624984685.458,1,56.89
1624984685.562,0,48.52
1624984685.565,1,62.04
1624984685.669,0,50.66
1624984685.671,1,87.17
1624984685.774,0,55.65
1624984685.779,1,61.64
1624984685.882,0,60.7
1624984685.887,1,62.19
1624984685.99,0,61.82
1624984685.993,1,62.75
1624984686.096,0,101.45
1624984686.1,1,95.83
1624984686.203,0,89.0
1624984686.207,1,111.22
1624984686.31,0,50.19
1624984686.313,1,55.73
1624984686.416,0,49.8
1624984686.419,1,55.7
1624984686.523,0,49.35
1624984686.528,1,56.11
1624984686.631,0,48.5
1624984686.634,1,65.24
1624984686.737,0,53.34
1624984686.74,1,72.01
1624984686.843,0,57.26
1624984686.849,1,59.13
1624984686.952,0,66.3
1624984686.956,1,65.62
1624984687.059,0,116.97
1624984687.062,1,114.73
1624984687.164,0,52.35
1624984687.17,1,84.93
1624984687.273,0,50.04
1624984687.276,1,55.65
1624984687.379,0,49.56
1624984687.383,1,55.92
1624984687.487,0,48.45
1624984687.491,1,59.1
1624984687.594,0,49.67
1624984687.597,1,72.15
1624984687.7,0,54.35
1624984687.703,1,73.81
1624984687.806,0,60.19
1624984687.812,1,61.5
1624984687.915,0,77.12
1624984687.918,1,76.04
1624984688.021,0,107.68
1624984688.024,1,121.53
1624984688.127,0,50.19
1624984688.132,1,56.75
1624984688.236,0,49.99
1624984688.239,1,56.17
1624984688.342,0,49.36
1624984688.345,1,57.39
1624984688.448,0,49.12
1624984688.453,1,72.98
1624984688.556,0,55.14
1624984688.559,1,67.28
1624984688.664,0,60.8
1624984688.667,1,62.0
1624984688.77,0,68.46
1624984688.774,1,68.64
1624984688.877,0,96.8
1624984688.881,1,93.05
1624984688.984,0,50.15
1624984688.987,1,55.28
1624984689.09,0,49.77
1624984689.095,1,55.95
1624984689.198,0,49.41
1624984689.201,1,57.62
1624984689.305,0,49.22
1624984689.308,1,72.78
1624984689.41,0,52.26
1624984689.416,1,92.54
1624984689.519,0,55.24
1624984689.522,1,57.39
1624984689.625,0,72.4
1624984689.628,1,71.91
1624984689.731,0,92.54
1624984689.737,1,87.66
1624984689.84,0,92.42
1624984689.843,1,111.61
1624984689.946,0,50.18
1624984689.949,1,55.39
1624984690.052,0,49.81
1624984690.058,1,55.43
1624984690.162,0,48.58
1624984690.165,1,58.41
1624984690.268,0,49.52
1624984690.271,1,71.13
1624984690.374,0,52.44
1624984690.379,1,92.54
1624984690.482,0,56.65
1624984690.485,1,58.22
1624984690.588,0,63.61
1624984690.592,1,64.93
1624984690.695,0,101.79
1624984690.7,1,97.5
1624984690.803,0,76.62
1624984690.806,1,94.09
1624984690.909,0,50.09
1624984690.912,1,55.31
1624984691.015,0,49.87
1624984691.021,1,55.95
1624984691.124,0,49.16
1624984691.127,1,57.82
1624984691.23,0,49.38
1624984691.233,1,73.11
1624984691.336,0,54.99
1624984691.342,1,67.12
1624984691.445,0,56.73
1624984691.448,1,58.64
1624984691.551,0,71.9
1624984691.555,1,70.81
1624984691.658,0,72.61
1624984691.663,1,70.14
1624984691.766,0,102.99
1624984691.769,1,118.88
1624984691.874,0,50.31
1624984691.876,1,57.01
1624984691.98,0,50.12
1624984691.984,1,55.9
1624984692.087,0,49.41
1624984692.09,1,55.96
1624984692.194,0,48.9
1624984692.197,1,69.78
1624984692.3,0,55.67
1624984692.305,1,70.32
1624984692.408,0,57.98
1624984692.411,1,59.1
1624984692.515,0,61.71
1624984692.519,1,62.27
1624984692.621,0,98.92
1624984692.626,1,91.22
1624984692.729,0,50.22
1624984692.732,1,85.63
1624984692.837,0,50.12
1624984692.84,1,54.95
1624984692.943,0,49.99
1624984692.947,1,55.59
1624984693.05,0,49.02
1624984693.053,1,58.14
1624984693.156,0,48.58
1624984693.159,1,68.06
1624984693.262,0,49.77
1624984693.267,1,75.06
1624984693.37,0,53.82
1624984693.373,1,76.35
1624984693.476,0,56.17
1624984693.479,1,57.16
1624984693.585,0,68.4
1624984693.589,1,68.39
1624984693.692,0,98.38
1624984693.695,1,94.21
1624984693.798,0,50.22
1624984693.801,1,90.16
1624984693.906,0,49.93
1624984693.909,1,55.74
1624984694.013,0,48.55
1624984694.016,1,59.03
1624984694.119,0,49.79
1624984694.122,1,74.19
1624984694.225,0,53.18
1624984694.23,1,82.44
1624984694.333,0,55.84
1624984694.336,1,57.57
1624984694.439,0,68.33
1624984694.443,1,68.22
1624984694.546,0,118.7
1624984694.551,1,108.72
1624984694.654,0,74.61
1624984694.657,1,91.79
1624984694.76,0,50.05
1624984694.763,1,55.54
1624984694.867,0,49.74
1624984694.872,1,55.65
1624984694.976,0,48.8
1624984694.979,1,59.3
1624984695.082,0,49.42
1624984695.085,1,74.82
1624984695.188,0,54.0
1624984695.192,1,66.6
1624984695.296,0,59.68
1624984695.3,1,59.86
1624984695.403,0,87.43
1624984695.407,1,84.06
1624984695.51,0,79.4
1624984695.514,1,77.76
1624984695.617,0,53.44
1624984695.62,1,82.87
1624984695.723,0,49.74
1624984695.726,1,55.82
1624984695.83,0,48.56
1624984695.834,1,59.55
1624984695.938,0,49.48
1624984695.941,1,73.17
1624984696.044,0,53.81
1624984696.046,1,77.2
1624984696.149,0,58.78
1624984696.156,1,59.74
1624984696.259,0,69.42
1624984696.262,1,69.13
1624984696.365,0,103.94
1624984696.368,1,120.79
1624984696.471,0,50.23
1624984696.476,1,65.37
1624984696.58,0,50.07
1624984696.583,1,55.11
1624984696.687,0,49.61
1624984696.69,1,56.68
1624984696.793,0,48.22
1624984696.797,1,62.77
1624984696.9,0,50.49
1624984696.903,1,90.38
1624984697.007,0,53.31
1624984697.01,1,65.6
1624984697.113,0,58.53
1624984697.118,1,59.86
1624984697.221,0,67.3
1624984697.225,1,66.55
1624984697.329,0,86.96
1624984697.332,1,81.3
1624984697.436,0,68.11
1624984697.439,1,91.64
1624984697.542,0,49.99
1624984697.545,1,55.18
1624984697.648,0,49.48
1624984697.651,1,55.94
1624984697.755,0,48.52
1624984697.76,1,65.69
1624984697.863,0,51.01
1624984697.866,1,82.8
1624984697.968,0,55.33
1624984697.972,1,57.39
1624984698.075,0,61.35
1624984698.081,1,62.36
1624984698.184,0,65.3
1624984698.187,1,67.39
1624984698.29,0,80.1
1624984698.294,1,76.48
1624984698.396,0,89.64
1624984698.401,1,107.36
1624984698.504,0,50.12
1624984698.507,1,55.44
1624984698.611,0,49.74
1624984698.614,1,55.24
1624984698.718,0,49.64
1624984698.722,1,56.3
1624984698.826,0,48.65
1624984698.828,1,66.01
1624984698.931,0,50.6
1624984698.934,1,88.21
1624984699.037,0,53.73
1624984699.043,1,70.7
1624984699.146,0,56.29
1624984699.15,1,58.16
1624984699.253,0,71.13
1624984699.256,1,70.13
1624984699.359,0,110.01
1624984699.365,1,103.95
1624984699.47,0,50.12
1624984699.473,1,58.65
1624984699.576,0,49.96
1624984699.579,1,55.85
1624984699.683,0,49.51
1624984699.685,1,56.43
1624984699.789,0,48.61
1624984699.792,1,69.56
1624984699.895,0,55.25
1624984699.898,1,57.95
1624984700.003,0,70.74
1624984700.007,1,71.34
1624984700.11,0,56.28
1624984700.114,1,57.89
1624984700.217,0,67.99
1624984700.22,1,68.12
1624984700.323,0,109.05
1624984700.327,1,99.3
1624984700.431,0,50.22
1624984700.434,1,61.35
1624984700.537,0,49.7
1624984700.54,1,55.58
1624984700.644,0,48.45
1624984700.648,1,58.09
1624984700.752,0,49.76
1624984700.754,1,83.4
1624984700.857,0,55.46
1624984700.861,1,60.88
1624984700.964,0,58.61
1624984700.97,1,59.64
1624984701.073,0,75.4
1624984701.076,1,73.48
1624984701.179,0,110.71
1624984701.182,1,129.88
1624984701.285,0,50.07
1624984701.29,1,54.72
1624984701.394,0,49.13
1624984701.397,1,55.95
1624984701.5,0,48.93
1624984701.503,1,65.06
1624984701.606,0,51.63
1624984701.611,1,93.74
1624984701.716,0,54.38
1624984701.72,1,65.8
1624984701.823,0,63.44
1624984701.827,1,63.51
1624984701.93,0,87.21
1624984701.934,1,84.4
1624984702.037,0,87.63
1624984702.039,1,108.8
1624984702.142,0,50.02
1624984702.145,1,55.15
1624984702.249,0,49.74
1624984702.254,1,55.36
1624984702.357,0,48.81
1624984702.36,1,58.03
1624984702.464,0,49.03
1624984702.467,1,65.28
1624984702.571,0,51.69
1624984702.575,1,92.79
1624984702.678,0,55.81
1624984702.681,1,57.69
1624984702.784,0,59.35
1624984702.788,1,59.82
1624984702.893,0,90.63
1624984702.896,1,87.83
1624984702.999,0,80.16
1624984703.002,1,99.91
1624984703.105,0,50.17
1624984703.108,1,55.32
1624984703.212,0,49.63
1624984703.216,1,55.92
1624984703.32,0,48.49
1624984703.324,1,58.68
1624984703.428,0,48.9
1624984703.431,1,69.9
1624984703.535,0,51.94
1624984703.538,1,92.61
1624984703.641,0,56.94
1624984703.644,1,58.62
1624984703.747,0,63.67
1624984703.751,1,62.12
1624984703.856,0,71.67
1624984703.86,1,70.43
1624984703.963,0,84.42
1624984703.966,1,84.41
1624984704.069,0,79.39
1624984704.072,1,108.09
1624984704.177,0,50.18
1624984704.18,1,55.2
1624984704.284,0,49.96
1624984704.287,1,55.47
1624984704.39,0,49.0
1624984704.393,1,56.05
1624984704.498,0,48.26
1624984704.501,1,64.06
1624984704.604,0,51.57
1624984704.607,1,79.61
1624984704.71,0,57.11
1624984704.713,1,57.76
1624984704.82,0,65.88
1624984704.823,1,66.59
1624984704.926,0,100.64
1624984704.93,1,96.24
1624984705.033,0,72.9
1624984705.035,1,96.57
1624984705.14,0,49.94
1624984705.143,1,54.95
1624984705.246,0,49.74
1624984705.249,1,56.11
1624984705.352,0,48.12
1624984705.355,1,59.87
1624984705.461,0,49.93
1624984705.464,1,80.5
1624984705.567,0,55.41
1624984705.57,1,65.2
1624984705.673,0,58.32
1624984705.676,1,58.49
1624984705.782,0,71.52
1624984705.786,1,70.37
1624984705.889,0,67.85
1624984705.892,1,68.25
1624984705.995,0,89.37
1624984705.998,1,119.07
1624984706.102,0,50.03
1624984706.106,1,55.2
1624984706.209,0,49.26
1624984706.212,1,56.4
1624984706.316,0,49.57
1624984706.319,1,69.2
1624984706.423,0,53.07
1624984706.427,1,69.77
1624984706.53,0,57.26
1624984706.535,1,58.85
1624984706.639,0,71.72
1624984706.643,1,71.55
1624984706.746,0,97.7
1624984706.749,1,91.77
1624984706.852,0,64.68
1624984706.855,1,95.04
1624984706.958,0,50.13
1624984706.961,1,55.39
1624984707.065,0,49.7
1624984707.069,1,55.8
1624984707.172,0,48.58
1624984707.175,1,59.56
1624984707.279,0,49.32
1624984707.282,1,68.46
1624984707.386,0,50.84
1624984707.389,1,91.96
1624984707.492,0,56.74
1624984707.496,1,58.24
1624984707.599,0,63.01
1624984707.603,1,62.79
1624984707.706,0,64.6
1624984707.711,1,65.15
1624984707.814,0,98.26
1624984707.817,1,93.59
1624984707.92,0,70.38
1624984707.923,1,101.78
1624984708.027,0,50.15
1624984708.031,1,55.39
1624984708.135,0,49.62
1624984708.138,1,56.03
1624984708.242,0,48.48
1624984708.245,1,58.68
1624984708.349,0,49.51
1624984708.352,1,70.77
1624984708.455,0,53.24
1624984708.458,1,66.46
1624984708.561,0,66.22
1624984708.564,1,64.06
1624984708.669,0,78.13
1624984708.674,1,76.33
1624984708.777,0,100.2
1624984708.78,1,97.77
1624984708.883,0,50.15
1624984708.886,1,71.61
1624984708.99,0,49.94
1624984708.994,1,55.66
1624984709.098,0,49.22
1624984709.101,1,57.25
1624984709.204,0,48.33
1624984709.207,1,60.47
1624984709.311,0,48.92
1624984709.315,1,67.25
1624984709.418,0,52.01
1624984709.421,1,89.57
1624984709.523,0,56.95
1624984709.527,1,57.99
1624984709.632,0,68.14
1624984709.636,1,67.36
1624984709.739,0,83.89
1624984709.743,1,77.59
1624984709.848,0,73.63
1624984709.85,1,93.84
1624984709.953,0,50.09
1624984709.957,1,54.93
1624984710.061,0,49.61
1624984710.063,1,56.26
1624984710.167,0,48.94
1624984710.17,1,59.4
1624984710.274,0,48.95
1624984710.278,1,71.18
1624984710.382,0,53.48
1624984710.385,1,77.13
1624984710.488,0,56.81
1624984710.492,1,58.41
1624984710.595,0,65.12
1624984710.599,1,65.28
1624984710.703,0,95.62
1624984710.706,1,91.23
1624984710.809,0,73.13
1624984710.812,1,105.8
1624984710.916,0,50.12
1624984710.92,1,55.51
1624984711.023,0,49.54
1624984711.026,1,56.47
1624984711.13,0,48.44
1624984711.132,1,61.05
1624984711.237,0,50.14
1624984711.241,1,88.49
1624984711.344,0,55.28
1624984711.347,1,56.8
1624984711.452,0,60.26
1624984711.456,1,61.16
1624984711.559,0,81.68
1624984711.562,1,79.88
1624984711.665,0,109.46
1624984711.668,1,125.52
1624984711.771,0,50.05
1624984711.774,1,55.35
1624984711.879,0,49.87
1624984711.882,1,55.97
1624984711.986,0,49.49
1624984711.989,1,56.76
1624984712.092,0,48.56
1624984712.095,1,63.07
1624984712.2,0,50.38
1624984712.203,1,82.91
1624984712.306,0,54.63
1624984712.309,1,71.67
1624984712.412,0,58.04
1624984712.415,1,58.79
1624984712.52,0,61.67
1624984712.524,1,62.51
1624984712.627,0,97.49
1624984712.631,1,91.93
1624984712.734,0,50.11
1624984712.737,1,78.67
1624984712.841,0,50.06
1624984712.845,1,55.6
1624984712.948,0,49.86
1624984712.951,1,55.74
1624984713.056,0,49.13
1624984713.059,1,57.12
1624984713.163,0,48.44
1624984713.166,1,63.62
1624984713.269,0,51.06
1624984713.272,1,85.4
1624984713.375,0,55.75
1624984713.378,1,62.78
1624984713.483,0,59.85
1624984713.487,1,60.45
1624984713.59,0,64.92
1624984713.593,1,65.58
1624984713.696,0,108.93
1624984713.699,1,96.04
1624984713.804,0,55.9
1624984713.807,1,75.83
1624984713.91,0,50.18
1624984713.913,1,55.62
1624984714.017,0,49.73
1624984714.02,1,55.93
1624984714.126,0,49.48
1624984714.128,1,56.04
1624984714.232,0,48.33
1624984714.235,1,63.63
1624984714.338,0,50.67
1624984714.341,1,89.09
1624984714.446,0,56.35
1624984714.451,1,57.68
1624984714.554,0,55.29
1624984714.557,1,57.09
1624984714.661,0,65.17
1624984714.664,1,65.34
1624984714.767,0,92.37
1624984714.771,1,87.21
1624984714.874,0,73.54
1624984714.876,1,95.44
1624984714.979,0,49.94
1624984714.982,1,55.61
1624984715.088,0,49.66
1624984715.091,1,55.65
1624984715.194,0,49.22
1624984715.197,1,57.22
1624984715.301,0,48.86
1624984715.304,1,62.95
1624984715.409,0,51.21
1624984715.412,1,86.86
1624984715.515,0,57.96
1624984715.518,1,59.56
1624984715.621,0,60.05
1624984715.624,1,60.1
1624984715.729,0,64.76
1624984715.733,1,64.26
1624984715.836,0,87.52
1624984715.84,1,83.35
1624984715.943,0,65.31
1624984715.945,1,94.98
1624984716.05,0,50.15
1624984716.053,1,54.98
1624984716.157,0,49.77
1624984716.16,1,55.35
1624984716.265,0,49.29
1624984716.268,1,56.97
1624984716.372,0,48.69
1624984716.375,1,69.19
1624984716.478,0,53.02
1624984716.48,1,74.27
1624984716.583,0,59.36
1624984716.587,1,59.39
1624984716.692,0,64.78
1624984716.695,1,64.48
1624984716.799,0,90.06
1624984716.802,1,85.83
1624984716.905,0,86.89
1624984716.908,1,99.32
1624984717.013,0,50.06
1624984717.016,1,64.81
1624984717.119,0,49.7
1624984717.122,1,55.58
1624984717.226,0,49.16
1624984717.229,1,56.51
1624984717.334,0,48.58
1624984717.337,1,62.49
1624984717.44,0,50.4
1624984717.443,1,88.62
1624984717.546,0,55.68
1624984717.549,1,57.01
1624984717.654,0,64.5
1624984717.659,1,64.5
1624984717.762,0,98.41
1624984717.766,1,93.7
1624984717.869,0,80.53
1624984717.872,1,108.75
1624984717.976,0,49.92
1624984717.979,1,55.59
1624984718.082,0,49.5
1624984718.085,1,56.13
1624984718.188,0,48.26
1624984718.191,1,59.82
1624984718.297,0,49.43
1624984718.299,1,76.75
1624984718.402,0,51.74
1624984718.405,1,77.67
1624984718.508,0,58.02
1624984718.512,1,58.58
1624984718.617,0,67.22
1624984718.621,1,67.04
1624984718.724,0,110.24
1624984718.727,1,123.74
1624984718.83,0,50.15
1624984718.833,1,68.51
1624984718.938,0,49.99
1624984718.941,1,55.58
1624984719.045,0,49.41
1624984719.048,1,56.17
1624984719.151,0,48.42
1624984719.154,1,60.83
1624984719.26,0,49.6
1624984719.264,1,79.5
1624984719.367,0,54.6
1624984719.37,1,67.26
1624984719.473,0,60.09
1624984719.476,1,60.74
1624984719.58,0,62.22
1624984719.584,1,62.71
1624984719.687,0,88.47
1624984719.69,1,84.82
1624984719.793,0,76.79
1624984719.796,1,108.5
1624984719.901,0,50.12
1624984719.904,1,55.51
1624984720.007,0,49.29
1624984720.01,1,56.72
1624984720.114,0,48.12
1624984720.116,1,60.55
1624984720.222,0,49.26
1624984720.225,1,72.55
1624984720.328,0,53.48
1624984720.331,1,66.45
1624984720.434,0,58.07
1624984720.438,1,58.8
1624984720.543,0,68.7
1624984720.547,1,68.8
1624984720.649,0,103.08
1624984720.653,1,95.84
1624984720.756,0,50.19
1624984720.759,1,75.7
1624984720.864,0,49.93
1624984720.868,1,55.81
1624984720.972,0,47.53
1624984720.974,1,56.7
1624984721.078,0,52.06
1624984721.081,1,89.58
1624984721.185,0,55.17
1624984721.188,1,57.32
1624984721.291,0,60.18
1624984721.294,1,61.11
1624984721.397,0,83.08
1624984721.401,1,76.29
1624984721.505,0,119.09
1624984721.508,1,132.6
1624984721.611,0,50.24
1624984721.614,1,54.91
1624984721.718,0,49.68
1624984721.721,1,55.94
1624984721.827,0,49.13
1624984721.83,1,57.6
1624984721.933,0,49.06
1624984721.936,1,72.17
1624984722.039,0,52.57
1624984722.042,1,94.64
1624984722.147,0,56.04
1624984722.15,1,57.72
1624984722.253,0,63.41
1624984722.257,1,64.04
1624984722.36,0,98.82
1624984722.363,1,90.38
1624984722.468,0,66.67
1624984722.472,1,96.2
1624984722.575,0,50.11
1624984722.578,1,55.71
1624984722.682,0,48.58
1624984722.685,1,57.62
1624984722.789,0,48.73
1624984722.792,1,69.53
1624984722.895,0,52.01
1624984722.898,1,90.56
1624984723.001,0,56.3
1624984723.004,1,57.32
1624984723.109,0,62.45
1624984723.113,1,63.18
1624984723.216,0,81.26
1624984723.22,1,79.56
1624984723.323,0,103.44
1624984723.325,1,112.66
1624984723.43,0,50.08
1624984723.433,1,54.85
1624984723.536,0,49.8
1624984723.539,1,55.59
1624984723.643,0,49.26
1624984723.646,1,56.21
1624984723.752,0,48.36
1624984723.755,1,65.74
1624984723.858,0,50.51
1624984723.86,1,83.99
1624984723.963,0,55.02
1624984723.967,1,77.82
1624984724.073,0,55.69
1624984724.077,1,57.45
1624984724.18,0,67.05
1624984724.183,1,67.49
1624984724.286,0,73.27
1624984724.289,1,72.46
1624984724.393,0,97.11
1624984724.396,1,116.25
1624984724.499,0,49.92
1624984724.502,1,55.62
1624984724.605,0,48.96
1624984724.608,1,56.6
1624984724.715,0,48.74
1624984724.717,1,58.76
1624984724.821,0,49.41
1624984724.824,1,74.99
1624984724.927,0,52.2
1624984724.93,1,91.53
1624984725.035,0,55.62
1624984725.039,1,57.42
1624984725.142,0,61.83
1624984725.145,1,62.35
1624984725.248,0,77.46
1624984725.252,1,73.51
1624984725.356,0,105.57
1624984725.359,1,124.51
1624984725.462,0,49.9
1624984725.465,1,55.32
1624984725.568,0,49.58
1624984725.571,1,55.76
1624984725.677,0,48.2
1624984725.68,1,62.91
1624984725.783,0,50.38
1624984725.786,1,80.44
1624984725.889,0,54.78
1624984725.893,1,64.87
1624984725.998,0,60.17
1624984726.001,1,61.01
1624984726.104,0,70.71
1624984726.108,1,70.63
1624984726.211,0,112.12
1624984726.214,1,97.87
1624984726.319,0,61.6
1624984726.321,1,85.52
1624984726.424,0,49.99
1624984726.428,1,55.03
1624984726.531,0,49.49
1624984726.534,1,55.86
1624984726.64,0,49.16
1624984726.643,1,57.1
1624984726.746,0,48.37
1624984726.749,1,62.26
1624984726.853,0,50.21
1624984726.855,1,76.21
1624984726.96,0,52.36
1624984726.963,1,90.4
1624984727.066,0,56.63
1624984727.069,1,58.32
1624984727.172,0,63.92
1624984727.176,1,62.57
1624984727.281,0,90.25
1624984727.288,1,84.34
1624984727.392,0,93.62
1624984727.395,1,109.29
1624984727.498,0,50.06
1624984727.501,1,55.0
1624984727.604,0,49.61
1624984727.608,1,55.31
1624984727.711,0,48.17
1624984727.714,1,60.58
1624984727.818,0,49.46
1624984727.821,1,72.65
1624984727.923,0,52.09
1624984727.929,1,93.77
1624984728.032,0,57.03
1624984728.036,1,58.61
1624984728.139,0,64.9
1624984728.142,1,65.17
1624984728.245,0,114.2
1624984728.248,1,107.97
1624984728.351,0,61.69
1624984728.354,1,85.17
1624984728.457,0,50.12
1624984728.46,1,55.51
1624984728.565,0,49.74
1624984728.568,1,55.53
1624984728.672,0,48.66
1624984728.676,1,57.8
1624984728.78,0,49.0
1624984728.783,1,66.77
1624984728.886,0,51.62
1624984728.889,1,84.62
1624984728.992,0,55.38
1624984728.996,1,57.16
1624984729.098,0,58.28
1624984729.106,1,59.37
1624984729.209,0,76.01
1624984729.212,1,74.21
1624984729.315,0,59.41
1624984729.318,1,86.92
1624984729.421,0,49.96
1624984729.424,1,55.17
1624984729.529,0,49.32
1624984729.531,1,56.28
1624984729.635,0,48.26
1624984729.638,1,63.04
1624984729.741,0,50.23
1624984729.744,1,87.14
1624984729.849,0,54.28
1624984729.853,1,66.01
1624984729.956,0,60.76
1624984729.959,1,62.07
1624984730.062,0,64.57
1624984730.066,1,64.33
1624984730.17,0,74.84
1624984730.173,1,73.05
1624984730.276,0,102.64
1624984730.279,1,118.34
1624984730.382,0,50.07
1624984730.385,1,55.2
1624984730.491,0,49.68
1624984730.494,1,55.58
1624984730.598,0,48.13
1624984730.603,1,59.86
1624984730.707,0,48.99
1624984730.709,1,74.86
1624984730.812,0,51.29
1624984730.815,1,92.86
1624984730.918,0,54.83
1624984730.921,1,56.71
1624984731.024,0,56.23
1624984731.033,1,57.74
1624984731.136,0,72.82
1624984731.14,1,70.71
1624984731.243,0,93.12
1624984731.246,1,90.94
1624984731.349,0,60.41
1624984731.352,1,84.16
1624984731.455,0,50.12
1624984731.458,1,55.44
1624984731.562,0,49.13
1624984731.565,1,56.74
1624984731.668,0,48.29
1624984731.671,1,65.09
1624984731.774,0,50.88
1624984731.777,1,84.75
1624984731.88,0,52.87
1624984731.885,1,67.77
1624984731.988,0,53.9
1624984731.992,1,56.06
1624984732.095,0,60.32
1624984732.099,1,61.04
1624984732.204,0,69.95
1624984732.207,1,68.69
1624984732.31,0,101.95
1624984732.314,1,96.22
1624984732.417,0,54.02
1624984732.42,1,73.61
1624984732.523,0,49.77
1624984732.526,1,55.59
1624984732.629,0,48.59
1624984732.632,1,56.94
1624984732.737,0,48.54
1624984732.741,1,68.21
1624984732.844,0,50.53
1624984732.847,1,85.49
1624984732.95,0,54.31
1624984732.953,1,65.76
1624984733.058,0,57.17
1624984733.062,1,58.49
1624984733.165,0,60.7
1624984733.174,1,60.49
1624984733.279,0,63.45
1624984733.282,1,65.07
1624984733.385,0,99.89
1624984733.389,1,93.36
1624984733.492,0,50.06
1624984733.495,1,73.16
1624984733.6,0,49.61
1624984733.603,1,55.67
1624984733.708,0,48.94
1624984733.711,1,57.02
1624984733.814,0,48.97
1624984733.817,1,69.02
1624984733.921,0,50.64
1624984733.927,1,94.25
1624984734.03,0,56.9
1624984734.034,1,58.37
1624984734.137,0,68.77
1624984734.14,1,68.48
1624984734.243,0,110.0
1624984734.246,1,105.86
1624984734.349,0,50.02
1624984734.352,1,69.0
1624984734.455,0,50.02
1624984734.46,1,55.45
1624984734.564,0,49.54
1624984734.567,1,56.0
1624984734.671,0,48.62
1624984734.674,1,59.11
1624984734.777,0,50.82
1624984734.78,1,77.57
1624984734.885,0,54.09
1624984734.889,1,65.36
1624984734.992,0,60.21
1624984734.996,1,60.64
1624984735.099,0,63.48
1624984735.103,1,64.23
1624984735.206,0,98.28
1624984735.209,1,92.91
1624984735.314,0,118.72
1624984735.323,1,111.67
1624984735.426,0,50.09
1624984735.429,1,67.31
1624984735.532,0,49.87
1624984735.535,1,55.31
1624984735.639,0,49.1
1624984735.642,1,56.4
1624984735.748,0,48.26
1624984735.752,1,61.02
1624984735.855,0,50.23
1624984735.858,1,93.18
1624984735.961,0,56.25
1624984735.964,1,57.93
1624984736.068,0,59.47
1624984736.072,1,61.06
1624984736.175,0,78.22
1624984736.181,1,77.64
1624984736.284,0,95.23
1624984736.287,1,118.02
1624984736.39,0,49.97
1624984736.393,1,55.5
1624984736.496,0,49.57
1624984736.499,1,55.54
1624984736.603,0,48.07
1624984736.606,1,61.02
1624984736.71,0,49.86
1624984736.713,1,73.64
1624984736.817,0,54.64
1624984736.82,1,64.25
1624984736.923,0,57.37
1624984736.927,1,58.38
1624984737.031,0,85.82
1624984737.034,1,81.39
1624984737.137,0,105.44
1624984737.141,1,102.9
1624984737.244,0,50.14
1624984737.247,1,87.33
1624984737.352,0,49.83
1624984737.355,1,55.44
1624984737.458,0,49.51
1624984737.465,1,55.98
1624984737.569,0,48.29
1624984737.572,1,60.11
1624984737.675,0,49.8
1624984737.678,1,83.07
1624984737.781,0,54.83
1624984737.786,1,57.84
1624984737.889,0,61.82
1624984737.893,1,62.84
1624984737.996,0,82.67
1624984737.999,1,78.99
1624984738.102,0,89.11
1624984738.107,1,87.59
1624984738.21,0,49.85
1624984738.213,1,54.78
1624984738.316,0,49.54
1624984738.319,1,55.82
1624984738.423,0,48.65
1624984738.427,1,57.64
1624984738.531,0,49.27
1624984738.534,1,69.12
1624984738.637,0,51.94
1624984738.639,1,83.2
1624984738.742,0,55.23
1624984738.749,1,57.39
1624984738.852,0,64.34
1624984738.856,1,65.36
1624984738.959,0,108.0
1624984738.962,1,102.04
1624984739.065,0,80.74
1624984739.07,1,105.99
1624984739.173,0,50.1
1624984739.176,1,54.84
1624984739.279,0,49.45
1624984739.282,1,56.04
1624984739.386,0,48.2
1624984739.39,1,61.85
1624984739.494,0,49.92
1624984739.497,1,79.82
1624984739.599,0,55.04
1624984739.603,1,64.37
1624984739.705,0,58.98
1624984739.712,1,60.19
1624984739.815,0,64.94
1624984739.818,1,65.29
1624984739.921,0,76.68
1624984739.925,1,75.01
1624984740.028,0,76.78
1624984740.032,1,99.34
1624984740.135,0,49.99
1624984740.138,1,55.22
1624984740.242,0,49.45
1624984740.245,1,55.82
1624984740.348,0,48.41
1624984740.353,1,65.7
1624984740.456,0,51.19
1624984740.459,1,91.68
1624984740.562,0,55.98
1624984740.565,1,57.48
1624984740.668,0,57.77
1624984740.674,1,59.33
1624984740.777,0,73.01
1624984740.781,1,71.57
1624984740.884,0,108.56
1624984740.887,1,101.63
1624984740.99,0,64.92
1624984740.995,1,106.82
1624984741.101,0,50.12
1624984741.104,1,54.98
1624984741.207,0,49.51
1624984741.21,1,56.06
1624984741.314,0,48.26
1624984741.316,1,59.26
1624984741.422,0,49.66
1624984741.425,1,79.42
1624984741.529,0,52.77
1624984741.532,1,66.52
1624984741.635,0,59.4
1624984741.638,1,59.29
1624984741.743,0,64.73
1624984741.747,1,65.03
1624984741.85,0,90.97
1624984741.853,1,87.21
1624984741.956,0,67.79
1624984741.959,1,94.39
1624984742.064,0,50.13
1624984742.067,1,55.16
1624984742.17,0,49.89
1624984742.176,1,54.92
1624984742.279,0,49.52
1624984742.282,1,56.49
1624984742.386,0,48.17
1624984742.388,1,64.6
1624984742.492,0,51.32
1624984742.494,1,90.02
1624984742.597,0,57.38
1624984742.601,1,58.13
1624984742.706,0,63.54
1624984742.709,1,63.81
1624984742.812,0,76.37
1624984742.816,1,74.96
1624984742.919,0,101.83
1624984742.921,1,124.2
1624984743.026,0,49.94
1624984743.029,1,55.24
1624984743.133,0,49.35
1624984743.136,1,56.26
1624984743.239,0,48.62
1624984743.242,1,64.29
1624984743.348,0,50.83
1624984743.35,1,94.65
1624984743.453,0,54.93
1624984743.457,1,57.09
1624984743.56,0,63.37
1624984743.563,1,62.76
1624984743.668,0,85.88
1624984743.672,1,83.76
1624984743.775,0,97.2
1624984743.779,1,121.78
1624984743.882,0,50.06
1624984743.885,1,55.09
1624984743.99,0,49.58
1624984743.993,1,55.71
1624984744.096,0,48.78
1624984744.099,1,58.22
1624984744.202,0,49.26
1624984744.205,1,71.33
1624984744.31,0,52.85
1624984744.313,1,76.37
1624984744.416,0,58.22
1624984744.419,1,59.29
1624984744.522,0,66.57
1624984744.526,1,65.2
1624984744.631,0,106.12
1624984744.635,1,101.41
1624984744.738,0,57.6
1624984744.741,1,80.06
1624984744.843,0,49.9
1624984744.846,1,55.21
1624984744.952,0,49.48
1624984744.955,1,56.16
1624984745.058,0,48.06
1624984745.061,1,60.17
1624984745.165,0,50.11
1624984745.167,1,82.03
1624984745.273,0,55.17
1624984745.276,1,64.2
1624984745.379,0,56.88
1624984745.383,1,58.28
1624984745.486,0,66.69
1624984745.49,1,65.25
1624984745.594,0,91.07
1624984745.597,1,88.01
1624984745.7,0,95.08
1624984745.703,1,116.51
1624984745.806,0,50.02
1624984745.809,1,55.43
1624984745.914,0,49.77
1624984745.917,1,55.56
1624984746.021,0,49.16
1624984746.024,1,56.99
1624984746.127,0,48.58
1624984746.13,1,62.45
1624984746.235,0,50.67
1624984746.238,1,91.27
1624984746.341,0,54.79
1624984746.345,1,60.49
1624984746.448,0,59.43
1624984746.452,1,59.78
1624984746.556,0,74.51
1624984746.56,1,73.28
1624984746.663,0,112.97
1624984746.666,1,104.69
1624984746.769,0,61.51
1624984746.773,1,93.6
1624984746.877,0,49.9
1624984746.88,1,54.93
1624984746.983,0,49.48
1624984746.989,1,56.06
1624984747.092,0,48.84
1624984747.095,1,57.99
1624984747.198,0,48.92
1624984747.201,1,67.87
1624984747.304,0,52.66
1624984747.307,1,69.82
1624984747.41,0,55.68
1624984747.415,1,57.43
1624984747.519,0,65.39
1624984747.522,1,65.51
1624984747.625,0,107.9
1624984747.629,1,100.64
1624984747.731,0,92.44
1624984747.736,1,109.7
1624984747.839,0,49.94
1624984747.842,1,55.44
1624984747.946,0,49.67
1624984747.948,1,55.64
1624984748.052,0,49.32
1624984748.057,1,56.38
1624984748.161,0,48.33
1624984748.163,1,63.77
1624984748.266,0,51.2
1624984748.269,1,86.13
1624984748.372,0,54.66
1624984748.378,1,56.51
1624984748.481,0,62.73
1624984748.485,1,63.38
1624984748.588,0,64.78
1624984748.593,1,64.41
1624984748.696,0,100.34
1624984748.7,1,91.54
1624984748.803,0,49.93
1624984748.806,1,61.32
1624984748.909,0,49.69
1624984748.912,1,55.57
1624984749.016,0,49.03
1624984749.02,1,56.38
1624984749.124,0,48.6
1624984749.127,1,62.92
1624984749.23,0,49.97
1624984749.233,1,92.0
1624984749.336,0,55.31
1624984749.342,1,60.5
1624984749.447,0,60.97
1624984749.45,1,61.89
1624984749.553,0,64.31
1624984749.557,1,65.05
1624984749.66,0,103.15
1624984749.664,1,96.83
1624984749.767,0,57.01
1624984749.77,1,86.51
1624984749.873,0,49.8
1624984749.876,1,55.81
1624984749.979,0,49.44
1624984749.984,1,55.98
1624984750.087,0,48.93
1624984750.09,1,66.99
1624984750.193,0,52.21
1624984750.197,1,87.57
1624984750.3,0,56.56
1624984750.306,1,58.41
1624984750.409,0,61.81
1624984750.412,1,62.08
1624984750.515,0,83.12
1624984750.519,1,80.94
1624984750.622,0,105.41
1624984750.626,1,125.22
1624984750.729,0,50.07
1624984750.732,1,54.78
1624984750.835,0,49.93
1624984750.838,1,55.55
1624984750.942,0,49.26
1624984750.948,1,56.69
1624984751.051,0,49.32
1624984751.054,1,75.39
1624984751.157,0,56.13
1624984751.16,1,62.58
1624984751.263,0,57.61
1624984751.269,1,59.19
1624984751.372,0,65.77
1624984751.376,1,66.15
1624984751.479,0,102.0
1624984751.482,1,92.27
1624984751.585,0,67.47
1624984751.59,1,97.25
1624984751.693,0,50.02
1624984751.696,1,55.53
1624984751.799,0,49.61
1624984751.804,1,55.4
1624984751.91,0,48.48
1624984751.913,1,59.82
1624984752.016,0,49.7
1624984752.019,1,82.39
1624984752.122,0,54.79
1624984752.125,1,65.93
1624984752.231,0,56.45
1624984752.234,1,58.12
1624984752.337,0,70.89
1624984752.341,1,70.52
1624984752.444,0,110.74
1624984752.447,1,98.77
1624984752.552,0,50.06
1624984752.555,1,55.09
1624984752.658,0,49.68
1624984752.661,1,55.58
1624984752.764,0,48.97
1624984752.767,1,56.49
1624984752.872,0,48.74
1624984752.875,1,63.32
1624984752.978,0,50.29
1624984752.981,1,90.62
1624984753.084,0,54.36
1624984753.087,1,77.35
1624984753.193,0,58.42
1624984753.196,1,59.84
1624984753.299,0,69.0
1624984753.303,1,68.51
1624984753.406,0,107.51
1624984753.409,1,98.0
1624984753.514,0,49.97
1624984753.517,1,80.77
1624984753.619,0,49.8
1624984753.622,1,55.59
1624984753.726,0,48.52
1624984753.729,1,57.05
1624984753.835,0,49.23
1624984753.838,1,69.51
1624984753.941,0,52.65
1624984753.944,1,86.6
1624984754.046,0,54.0
1624984754.05,1,68.22
1624984754.157,0,59.5
1624984754.161,1,59.54
1624984754.264,0,77.14
1624984754.267,1,74.69
1624984754.37,0,89.76
1624984754.373,1,109.94
1624984754.477,0,50.15
1624984754.48,1,54.67
1624984754.583,0,49.67
1624984754.586,1,55.09
1624984754.69,0,48.78
1624984754.693,1,56.2
1624984754.798,0,48.91
1624984754.8,1,67.92
1624984754.903,0,51.24
1624984754.906,1,87.28
1624984755.009,0,55.4
1624984755.012,1,70.44
1624984755.118,0,57.14
1624984755.122,1,58.46
1624984755.225,0,68.31
1624984755.228,1,67.74
1624984755.331,0,98.91
1624984755.334,1,88.54
1624984755.439,0,76.33
1624984755.442,1,96.6
1624984755.545,0,50.15
1624984755.547,1,54.91
1624984755.651,0,49.54
1624984755.654,1,55.63
1624984755.762,0,48.74
1624984755.765,1,58.67
1624984755.868,0,49.22
1624984755.871,1,76.0
1624984755.974,0,52.45
1624984755.977,1,78.07
1624984756.081,0,55.77
1624984756.085,1,57.66
1624984756.188,0,64.25
1624984756.191,1,64.36
1624984756.294,0,76.45
1624984756.297,1,72.37
1624984756.402,0,114.35
1624984756.405,1,111.47
1624984756.508,0,63.67
1624984756.511,1,93.34
1624984756.614,0,49.99
1624984756.617,1,55.7
1624984756.723,0,88.9
1624984756.726,1,90.52
1624984756.829,0,50.02
1624984756.832,1,60.1
1624984756.935,0,50.01
1624984756.938,1,54.96
1624984757.044,0,49.32
1624984757.047,1,56.12
1624984757.15,0,47.94
1624984757.153,1,61.79
1624984757.256,0,50.4
1624984757.259,1,80.77
1624984757.366,0,55.21
1624984757.37,1,62.42
1624984757.473,0,61.4
1624984757.476,1,61.78
1624984757.579,0,70.55
1624984757.585,1,69.06
1624984757.688,0,110.94
1624984757.691,1,120.55
1624984757.794,0,49.99
1624984757.797,1,55.32
1624984757.901,0,49.8
1624984757.906,1,55.7
1624984758.01,0,49.33
1624984758.013,1,55.99
1624984758.116,0,48.78
1624984758.119,1,67.13
1624984758.222,0,52.58
1624984758.227,1,84.03
1624984758.33,0,61.91
1624984758.333,1,62.07
1624984758.436,0,64.49
1624984758.44,1,65.31
1624984758.543,0,102.67
1624984758.548,1,99.4
1624984758.651,0,66.39
1624984758.654,1,96.77
1624984758.757,0,49.89
1624984758.76,1,55.2
1624984758.864,0,49.42
1624984758.869,1,55.74
1624984758.973,0,47.94
1624984758.975,1,61.43
1624984759.079,0,51.15
1624984759.081,1,89.76
1624984759.184,0,55.56
1624984759.19,1,57.31
1624984759.293,0,62.84
1624984759.296,1,63.28
1624984759.4,0,82.18
1624984759.403,1,78.88
1624984759.506,0,87.84
1624984759.51,1,105.85
1624984759.613,0,49.96
1624984759.616,1,55.46
1624984759.72,0,49.54
1624984759.723,1,55.74
1624984759.826,0,48.65
1624984759.831,1,58.2
1624984759.935,0,49.83
1624984759.937,1,79.63
1624984760.04,0,55.07
1624984760.044,1,56.83
1624984760.147,0,57.52
1624984760.153,1,58.34
1624984760.256,0,66.79
1624984760.259,1,67.36
1624984760.362,0,93.6
1624984760.366,1,89.9
1624984760.469,0,84.5
1624984760.473,1,120.23
1624984760.58,0,50.02
1624984760.583,1,55.17
1624984760.686,0,49.83
1624984760.689,1,55.03
1624984760.793,0,49.4
1624984760.796,1,56.34
1624984760.901,0,48.32
1624984760.904,1,61.69
1624984761.007,0,50.68
1624984761.01,1,82.71
1624984761.113,0,55.67
1624984761.116,1,58.58
1624984761.219,0,60.41
1624984761.224,1,61.37
1624984761.327,0,70.79
1624984761.33,1,70.37
1624984761.433,0,96.58
1624984761.437,1,92.3
1624984761.54,0,50.04
1624984761.542,1,81.07
1624984761.647,0,48.97
1624984761.65,1,53.74
1624984761.753,0,48.2
1624984761.757,1,60.25
1624984761.86,0,53.93
1624984761.863,1,73.28
1624984761.966,0,59.86
1624984761.969,1,61.28
1624984762.072,0,116.89
1624984762.078,1,108.44
1624984762.181,0,49.94
1624984762.184,1,54.6
1624984762.287,0,47.59
1624984762.29,1,54.27
1624984762.397,0,48.84
1624984762.4,1,67.37
1624984762.503,0,53.1
1624984762.506,1,70.34
1624984762.609,0,74.07
1624984762.613,1,72.75
1624984762.715,0,69.78
1624984762.719,1,87.51
1624984762.822,0,49.39
1624984762.825,1,54.06
1624984762.928,0,47.94
1624984762.931,1,61.25
1624984763.034,0,51.91
1624984763.04,1,82.8
1624984763.143,0,58.81
1624984763.147,1,59.43
1624984763.25,0,70.01
1624984763.253,1,68.74
1624984763.356,0,105.63
1624984763.361,1,100.44
1624984763.464,0,79.81
1624984763.467,1,115.33
1624984763.572,0,49.96
1624984763.575,1,55.26
1624984763.679,0,49.57
1624984763.682,1,55.75
1624984763.786,0,48.13
1624984763.788,1,61.02
1624984763.892,0,49.06
1624984763.895,1,65.14
1624984764.0,0,50.79
1624984764.003,1,96.26
1624984764.106,0,54.27
1624984764.109,1,65.92
1624984764.212,0,59.89
1624984764.215,1,61.01
1624984764.318,0,74.51
1624984764.324,1,67.72
1624984764.431,0,76.01
1624984764.434,1,73.67
1624984764.537,0,102.2
1624984764.54,1,121.42
1624984764.643,0,50.03
1624984764.646,1,54.7
1624984764.749,0,49.45
1624984764.752,1,55.72
1624984764.857,0,48.74
1624984764.86,1,58.4
1624984764.963,0,48.49
1624984764.966,1,69.45
1624984765.069,0,55.02
1624984765.072,1,63.21
1624984765.175,0,65.4
1624984765.179,1,63.13
1624984765.284,0,63.26
1624984765.288,1,62.94
1624984765.391,0,98.85
1624984765.394,1,96.0
1624984765.497,0,57.11
1624984765.5,1,78.99
1624984765.603,0,49.87
1624984765.607,1,54.61
1624984765.713,0,49.64
1624984765.716,1,55.63
1624984765.819,0,48.84
1624984765.822,1,58.21
1624984765.926,0,48.37
1624984765.929,1,68.61
1624984766.031,0,53.12
1624984766.036,1,82.74
1624984766.141,0,56.44
1624984766.145,1,58.05
1624984766.248,0,65.7
1624984766.251,1,66.15
1624984766.354,0,118.19
1624984766.357,1,108.07
1624984766.46,0,55.66
1624984766.463,1,93.71
1624984766.568,0,49.9
1624984766.571,1,54.75
1624984766.675,0,49.19
1624984766.678,1,56.05
1624984766.781,0,48.39
1624984766.784,1,66.09
1624984766.887,0,50.8
1624984766.891,1,82.49
1624984766.994,0,55.01
1624984766.997,1,59.8
1624984767.102,0,56.02
1624984767.105,1,57.99
1624984767.208,0,63.41
1624984767.212,1,63.85
1624984767.315,0,79.78
1624984767.319,1,78.01
1624984767.422,0,94.36
1624984767.425,1,114.98
1624984767.528,0,50.15
1624984767.533,1,55.07
1624984767.636,0,49.6
1624984767.64,1,55.6
1624984767.744,0,48.05
1624984767.747,1,59.78
1624984767.85,0,49.8
1624984767.854,1,87.92
1624984767.957,0,54.85
1624984767.96,1,63.69
1624984768.066,0,60.52
1624984768.069,1,61.37
1624984768.172,0,72.64
1624984768.176,1,70.92
1624984768.279,0,113.63
1624984768.282,1,115.06
1624984768.384,0,49.96
1624984768.387,1,54.6
1624984768.491,0,49.77
1624984768.496,1,54.81
1624984768.599,0,49.67
1624984768.602,1,55.64
1624984768.706,0,48.1
1624984768.709,1,58.7
1624984768.812,0,50.61
1624984768.816,1,95.04
1624984768.919,0,56.73
1624984768.923,1,66.81
1624984769.032,0,59.8
1624984769.037,1,60.71
1624984769.14,0,66.87
1624984769.146,1,65.96
1624984769.248,0,78.84
1624984769.252,1,72.98
1624984769.357,0,74.96
1624984769.36,1,98.77
1624984769.463,0,49.62
1624984769.466,1,55.21
1624984769.569,0,48.93
1624984769.572,1,56.55
1624984769.676,0,48.26
1624984769.679,1,64.23
1624984769.784,0,52.87
1624984769.787,1,79.76
1624984769.89,0,56.13
1624984769.893,1,57.73
1624984769.996,0,62.64
1624984770.0,1,61.42
1624984770.106,0,74.04
1624984770.109,1,73.07
1624984770.212,0,88.82
1624984770.215,1,106.21
1624984770.318,0,49.93
1624984770.321,1,54.48
1624984770.427,0,49.61
1624984770.43,1,55.49
1624984770.534,0,48.81
1624984770.537,1,57.53
1624984770.64,0,49.42
1624984770.643,1,68.99
1624984770.748,0,52.17
1624984770.751,1,91.68
1624984770.854,0,55.11
1624984770.857,1,56.87
1624984770.96,0,63.54
1624984770.964,1,62.59
1624984771.069,0,72.45
1624984771.073,1,72.03
1624984771.176,0,98.2
1624984771.179,1,114.47
1624984771.282,0,50.01
1624984771.284,1,71.11
1624984771.39,0,49.8
1624984771.393,1,54.82
1624984771.497,0,49.27
1624984771.5,1,55.75
1624984771.603,0,48.37
1624984771.606,1,60.78
1624984771.711,0,49.16
1624984771.714,1,70.43
1624984771.817,0,53.21
1624984771.82,1,70.56
1624984771.923,0,55.7
1624984771.926,1,57.09
1624984772.032,0,92.98
1624984772.035,1,87.76
1624984772.138,0,49.83
1624984772.141,1,54.46
1624984772.245,0,49.19
1624984772.248,1,54.12
1624984772.353,0,48.69
1624984772.356,1,71.18
1624984772.459,0,57.98
1624984772.463,1,59.49
1624984772.566,0,72.26
1624984772.569,1,70.27
1624984772.674,0,71.39
1624984772.677,1,91.8
1624984772.78,0,49.16
1624984772.783,1,53.8
1624984772.886,0,48.47
1624984772.889,1,60.99
1624984772.995,0,50.4
1624984772.998,1,81.96
1624984773.101,0,55.45
1624984773.104,1,57.97
1624984773.207,0,63.01
1624984773.211,1,61.86
1624984773.316,0,97.5
1624984773.319,1,90.27
1624984773.422,0,73.86
1624984773.425,1,99.06
1624984773.528,0,49.84
1624984773.531,1,55.08
1624984773.637,0,49.38
1624984773.64,1,55.17
1624984773.743,0,47.97
1624984773.749,1,59.12
1624984773.854,0,48.68
1624984773.857,1,74.25
1624984773.959,0,54.41
1624984773.963,1,71.14
1624984774.065,0,56.07
1624984774.07,1,57.85
1624984774.173,0,64.45
1624984774.177,1,65.52
1624984774.28,0,88.57
1624984774.283,1,82.99
1624984774.386,0,70.72
1624984774.391,1,94.13
1624984774.494,0,49.8
1624984774.497,1,54.75
1624984774.601,0,49.32
1624984774.604,1,55.32
1624984774.707,0,49.0
1624984774.712,1,57.8
1624984774.815,0,49.44
1624984774.818,1,74.17
1624984774.921,0,52.83
1624984774.924,1,80.16
1624984775.027,0,56.29
1624984775.033,1,57.97
1624984775.136,0,62.33
1624984775.139,1,63.28
1624984775.242,0,82.69
1624984775.246,1,79.67
1624984775.349,0,82.39
1624984775.354,1,111.56
1624984775.459,0,49.7
1624984775.461,1,55.4
1624984775.565,0,49.29
1624984775.568,1,55.67
1624984775.671,0,48.39
1624984775.675,1,58.51
1624984775.778,0,50.33
1624984775.781,1,83.1
1624984775.884,0,53.82
1624984775.887,1,73.42
1624984775.99,0,56.82
1624984775.996,1,58.51
1624984776.099,0,59.3
1624984776.103,1,61.01
1624984776.206,0,80.54
1624984776.209,1,79.32
1624984776.312,0,111.75
1624984776.317,1,116.12
1624984776.42,0,50.16
1624984776.422,1,74.23
1624984776.525,0,49.67
1624984776.528,1,55.47
1624984776.632,0,49.06
1624984776.637,1,56.51
1624984776.74,0,48.18
1624984776.743,1,63.9
1624984776.846,0,50.84
1624984776.849,1,87.62
1624984776.952,0,55.12
1624984776.958,1,56.74
1624984777.062,0,61.51
1624984777.065,1,62.25
1624984777.168,0,82.93
1624984777.172,1,78.76
1624984777.275,0,108.34
1624984777.279,1,130.58
1624984777.382,0,50.04
1624984777.385,1,55.26
1624984777.488,0,48.97
1624984777.491,1,56.97
1624984777.595,0,48.58
1624984777.6,1,69.36
1624984777.703,0,51.57
1624984777.706,1,89.39
1624984777.809,0,56.38
1624984777.812,1,57.57
1624984777.915,0,56.25
1624984777.922,1,57.84
1624984778.025,0,74.46
1624984778.028,1,73.78
1624984778.131,0,97.18
1624984778.134,1,100.83
1624984778.237,0,69.64
1624984778.242,1,92.95
1624984778.345,0,49.9
1624984778.348,1,55.0
1624984778.451,0,49.54
1624984778.454,1,55.34
1624984778.558,0,48.78
1624984778.563,1,58.01
1624984778.666,0,49.06
1624984778.669,1,72.39
1624984778.772,0,52.16
1624984778.775,1,84.5
1624984778.878,0,58.38
1624984778.884,1,59.47
1624984778.987,0,73.21
1624984778.99,1,71.3
1624984779.093,0,102.28
1624984779.096,1,120.08
1624984779.199,0,49.99
1624984779.204,1,55.3
1624984779.308,0,49.8
1624984779.311,1,55.81
1624984779.414,0,49.16
1624984779.417,1,56.22
1624984779.521,0,48.15
1624984779.525,1,63.13
1624984779.629,0,52.23
1624984779.631,1,92.9
1624984779.734,0,54.59
1624984779.738,1,62.44
1624984779.841,0,55.22
1624984779.847,1,57.22
1624984779.95,0,58.36
1624984779.954,1,60.72
1624984780.057,0,88.71
1624984780.06,1,82.27
1624984780.163,0,106.86
1624984780.168,1,122.89
1624984780.271,0,49.96
1624984780.274,1,54.89
1624984780.377,0,49.2
1624984780.38,1,56.26
1624984780.483,0,48.29
1624984780.488,1,60.04
1624984780.592,0,50.04
1624984780.595,1,85.42
1624984780.698,0,57.83
1624984780.701,1,59.31
1624984780.804,0,64.03
1624984780.81,1,64.59
1624984780.912,0,79.91
1624984780.916,1,77.17
1624984781.019,0,57.45
1624984781.022,1,86.55
1624984781.125,0,49.87
1624984781.13,1,55.11
1624984781.234,0,49.51
1624984781.237,1,55.7
1624984781.34,0,48.68
1624984781.343,1,58.41
1624984781.447,0,49.13
1624984781.451,1,69.57
1624984781.554,0,53.04
1624984781.557,1,78.8
1624984781.66,0,56.83
1624984781.663,1,58.32
1624984781.766,0,58.39
1624984781.772,1,59.38
1624984781.875,0,87.53
1624984781.879,1,82.48
1624984781.982,0,92.28
1624984781.985,1,116.13
1624984782.088,0,50.19
1624984782.093,1,55.25
1624984782.197,0,49.67
1624984782.199,1,55.64
1624984782.303,0,48.81
1624984782.306,1,58.18
1624984782.409,0,48.56
1624984782.414,1,65.69
1624984782.517,0,53.76
1624984782.52,1,67.22
1624984782.623,0,58.79
1624984782.626,1,60.2
1624984782.729,0,66.47
1624984782.735,1,65.78
1624984782.838,0,82.47
1624984782.842,1,79.38
1624984782.945,0,95.9
1624984782.948,1,114.71
1624984783.051,0,50.06
1624984783.056,1,55.2
1624984783.159,0,49.8
1624984783.162,1,55.69
1624984783.266,0,48.71
1624984783.269,1,57.88
1624984783.372,0,48.13
1624984783.376,1,60.94
1624984783.48,0,49.33
1624984783.483,1,79.2
1624984783.586,0,53.69
1624984783.589,1,66.58
1624984783.692,0,57.44
1624984783.698,1,58.85
1624984783.801,0,67.61
1624984783.804,1,67.63
1624984783.907,0,113.97
1624984783.91,1,105.39
1624984784.013,0,73.58
1624984784.018,1,89.42
1624984784.121,0,49.96
1624984784.124,1,54.89
1624984784.228,0,49.65
1624984784.231,1,54.77
1624984784.334,0,49.23
1624984784.339,1,56.0
1624984784.443,0,48.21
1624984784.446,1,65.59
1624984784.548,0,52.01
1624984784.551,1,78.19
1624984784.654,0,54.21
1624984784.661,1,56.36
1624984784.764,0,61.12
1624984784.767,1,62.63
1624984784.87,0,77.02
1624984784.874,1,73.14
1624984784.976,0,121.56
1624984784.983,1,98.2
1624984785.089,0,49.99
1624984785.092,1,76.45
1624984785.195,0,49.8
1624984785.198,1,55.2
1624984785.301,0,49.29
1624984785.304,1,56.25
1624984785.41,0,48.25
1624984785.413,1,64.57
1624984785.515,0,51.76
1624984785.518,1,78.97
1624984785.621,0,58.14
1624984785.625,1,58.11
1624984785.73,0,78.27
1624984785.734,1,74.99
1624984785.837,0,109.72
1624984785.84,1,101.73
1624984785.943,0,49.99
1624984785.946,1,74.8
1624984786.051,0,49.91
1624984786.054,1,55.05
1624984786.157,0,49.29
1624984786.16,1,56.12
1624984786.264,0,48.49
1624984786.267,1,62.8
1624984786.372,0,51.62
1624984786.375,1,90.07
1624984786.478,0,55.13
1624984786.481,1,58.64
1624984786.586,0,59.01
1624984786.589,1,59.54
1624984786.694,0,75.52
1624984786.697,1,75.93
1624984786.8,0,80.69
1624984786.807,1,77.76
1624984786.91,0,85.52
1624984786.912,1,108.23
1624984787.015,0,49.85
1624984787.018,1,55.24
1624984787.122,0,49.45
1624984787.128,1,55.36
1624984787.231,0,48.74
1624984787.234,1,57.7
1624984787.337,0,49.44
1624984787.34,1,77.69
1624984787.443,0,52.68
1624984787.448,1,70.69
1624984787.551,0,58.88
1624984787.554,1,59.68
1624984787.657,0,70.74
1624984787.661,1,69.6
1624984787.764,0,103.42
1624984787.769,1,98.21
1624984787.872,0,50.04
1624984787.875,1,66.03
1624984787.978,0,49.97
1624984787.981,1,54.92
1624984788.085,0,49.35
1624984788.091,1,55.51
1624984788.198,0,48.89
1624984788.201,1,56.24
1624984788.304,0,48.62
1624984788.307,1,69.64
1624984788.41,0,54.78
1624984788.413,1,73.53
1624984788.518,0,57.05
1624984788.522,1,58.17
1624984788.625,0,66.41
1624984788.628,1,66.82
1624984788.731,0,101.91
1624984788.735,1,90.42
1624984788.839,0,75.63
1624984788.842,1,95.63
1624984788.945,0,49.92
1624984788.948,1,54.95
1624984789.052,0,49.29
1624984789.054,1,55.07
1624984789.16,0,48.1
1624984789.163,1,61.78
1624984789.266,0,49.76
1624984789.269,1,85.99
1624984789.372,0,54.61
1624984789.376,1,66.92
1624984789.481,0,57.98
1624984789.485,1,59.38
1624984789.588,0,70.51
1624984789.596,1,66.14
1624984789.702,0,103.5
1624984789.705,1,96.78
1624984789.808,0,67.26
1624984789.811,1,93.33
1624984789.914,0,49.64
1624984789.917,1,54.86
1624984790.023,0,49.16
1624984790.026,1,55.92
1624984790.129,0,48.45
1624984790.132,1,68.63
1624984790.235,0,49.82
1624984790.238,1,87.01
1624984790.343,0,55.33
1624984790.346,1,63.22
1624984790.449,0,62.6
1624984790.453,1,62.78
1624984790.556,0,80.11
1624984790.559,1,75.97
1624984790.664,0,110.67
1624984790.667,1,125.06
1624984790.77,0,49.99
1624984790.773,1,55.02
1624984790.876,0,49.6
1624984790.879,1,55.53
1624984790.985,0,48.94
1624984790.988,1,57.33
1624984791.091,0,48.52
1624984791.094,1,69.16
1624984791.197,0,52.62
1624984791.201,1,88.16
1624984791.306,0,57.5
1624984791.309,1,58.68
1624984791.412,0,72.52
1624984791.416,1,71.42
1624984791.519,0,115.45
1624984791.522,1,103.23
1624984791.627,0,49.99
1624984791.629,1,54.85
1624984791.733,0,49.59
1624984791.736,1,55.7
1624984791.84,0,48.74
1624984791.843,1,57.02
1624984791.948,0,48.65
1624984791.951,1,70.02
1624984792.054,0,51.8
1624984792.056,1,93.66
1624984792.159,0,57.73
1624984792.163,1,58.21
1624984792.269,0,58.27
1624984792.272,1,59.49
1624984792.376,0,71.64
1624984792.379,1,72.13
1624984792.482,0,94.89
1624984792.485,1,87.07
1624984792.589,0,69.55
1624984792.592,1,91.88
1624984792.695,0,49.77
1624984792.698,1,55.1
1624984792.801,0,49.48
1624984792.806,1,55.36
1624984792.91,0,48.9
1624984792.913,1,57.96
1624984793.017,0,49.41
1624984793.019,1,74.75
1624984793.122,0,54.75
1624984793.126,1,78.28
1624984793.231,0,57.33
1624984793.234,1,59.19
1624984793.337,0,75.91
1624984793.34,1,73.15
1624984793.444,0,102.69
1624984793.447,1,91.14
1624984793.552,0,59.09
1624984793.555,1,89.96
1624984793.657,0,49.87
1624984793.66,1,55.76
1624984793.764,0,49.16
1624984793.768,1,56.49
1624984793.873,0,48.55
1624984793.876,1,59.82
1624984793.979,0,49.5
1624984793.982,1,74.36
1624984794.085,0,52.52
1624984794.089,1,93.14
1624984794.194,0,56.8
1624984794.197,1,58.48
1624984794.3,0,61.61
1624984794.304,1,62.06
1624984794.407,0,85.12
1624984794.414,1,82.21
1624984794.517,0,82.1
1624984794.52,1,110.05
1624984794.623,0,49.99
1624984794.626,1,54.61
1624984794.729,0,49.54
1624984794.734,1,55.45
1624984794.837,0,48.23
1624984794.84,1,62.08
1624984794.943,0,49.64
1624984794.946,1,85.73
1624984795.049,0,55.74
1624984795.052,1,59.13
1624984795.156,0,59.46
1624984795.16,1,60.16
1624984795.263,0,77.17
1624984795.266,1,73.55
1624984795.369,0,96.57
1624984795.372,1,120.56
1624984795.477,0,49.96
1624984795.48,1,54.88
1624984795.583,0,49.7
1624984795.586,1,55.39
1624984795.69,0,48.74
1624984795.693,1,56.22
1624984795.798,0,48.62
1624984795.802,1,69.93
1624984795.907,0,53.77
1624984795.91,1,66.96
1624984796.013,0,56.11
1624984796.016,1,57.86
1624984796.119,0,66.56
1624984796.122,1,66.26
1624984796.225,0,95.4
1624984796.233,1,91.05
1624984796.336,0,87.73
1624984796.339,1,104.65
1624984796.441,0,49.85
1624984796.444,1,55.27
1624984796.548,0,49.26
1624984796.551,1,56.32
1624984796.654,0,48.1
1624984796.657,1,62.89
1624984796.761,0,52.71
1624984796.763,1,89.74
1624984796.866,0,57.57
1624984796.87,1,58.48
1624984796.973,0,70.08
1624984796.979,1,69.13
1624984797.082,0,99.01
1624984797.086,1,93.04
1624984797.189,0,55.94
1624984797.192,1,86.76
1624984797.294,0,49.87
1624984797.297,1,55.65
1624984797.402,0,49.23
1624984797.405,1,56.14
1624984797.51,0,48.4
1624984797.512,1,59.83
1624984797.616,0,49.66
1624984797.619,1,76.96
1624984797.723,0,52.24
1624984797.726,1,77.99
1624984797.829,0,56.89
1624984797.832,1,58.39
1624984797.935,0,73.93
1624984797.939,1,69.32
1624984798.043,0,112.62
1624984798.047,1,113.33
1624984798.15,0,49.99
1624984798.153,1,66.91
1624984798.256,0,49.87
1624984798.261,1,54.91
1624984798.365,0,48.87
1624984798.368,1,57.03
1624984798.472,0,48.42
1624984798.474,1,69.55
1624984798.577,0,52.97
1624984798.58,1,93.02
1624984798.686,0,56.83
1624984798.689,1,58.11
1624984798.792,0,65.28
1624984798.796,1,65.15
1624984798.899,0,83.71
1624984798.902,1,78.69
1624984799.006,0,93.86
1624984799.012,1,102.24
1624984799.116,0,50.09
1624984799.119,1,55.09
1624984799.222,0,49.87
1624984799.225,1,55.47
1624984799.328,0,48.8
1624984799.331,1,57.66
1624984799.435,0,48.52
1624984799.439,1,65.69
1624984799.542,0,50.83
1624984799.544,1,84.62
1624984799.648,0,56.75
1624984799.652,1,58.24
1624984799.755,0,62.21
1624984799.758,1,62.96
1624984799.861,0,63.45
1624984799.867,1,64.16
1624984799.97,0,106.19
1624984799.973,1,125.55
1624984800.076,0,49.9
1624984800.079,1,54.87
1624984800.182,0,49.61
1624984800.185,1,55.33
1624984800.29,0,49.39
1624984800.299,1,56.18
1624984800.403,0,48.07
1624984800.405,1,59.69
1624984800.511,0,48.76
1624984800.514,1,70.93
1624984800.618,0,51.35
1624984800.624,1,89.74
1624984800.727,0,54.31
1624984800.73,1,56.29
1624984800.833,0,57.44
1624984800.837,1,58.94
1624984800.94,0,91.27
1624984800.943,1,87.81
1624984801.046,0,108.98
1624984801.049,1,106.23
1624984801.153,0,55.95
1624984801.156,1,81.67
1624984801.258,0,49.94
1624984801.262,1,54.5
1624984801.365,0,49.62
1624984801.368,1,55.8
1624984801.474,0,47.8
1624984801.476,1,59.82
1624984801.58,0,50.32
1624984801.583,1,93.1
1624984801.686,0,54.42
1624984801.69,1,61.08
1624984801.794,0,57.84
1624984801.798,1,59.61
1624984801.901,0,82.82
1624984801.904,1,78.68
1624984802.007,0,106.8
1624984802.012,1,100.82
1624984802.115,0,49.93
1624984802.118,1,55.17
1624984802.223,0,49.54
1624984802.226,1,55.26
1624984802.33,0,49.29
1624984802.333,1,56.05
1624984802.436,0,48.83
1624984802.445,1,58.08
1624984802.548,0,48.86
1624984802.551,1,65.9
1624984802.656,0,50.43
1624984802.659,1,92.48
1624984802.762,0,57.73
1624984802.766,1,59.22
1624984802.869,0,62.58
1624984802.874,1,62.47
1624984802.978,0,74.76
1624984802.981,1,73.98
1624984803.084,0,108.86
1624984803.087,1,120.81
1624984803.19,0,49.99
1624984803.193,1,90.17
1624984803.298,0,50.1
1624984803.304,1,55.15
1624984803.407,0,49.22
1624984803.411,1,56.35
1624984803.514,0,48.42
1624984803.517,1,68.25
1624984803.62,0,51.17
1624984803.623,1,85.92
1624984803.727,0,55.33
1624984803.731,1,57.3
1624984803.834,0,60.8
1624984803.838,1,61.92
1624984803.941,0,81.87
1624984803.945,1,79.19
1624984804.048,0,74.45
1624984804.051,1,94.64
1624984804.154,0,50.06
1624984804.157,1,54.53
1624984804.261,0,49.7
1624984804.264,1,55.49
1624984804.368,0,48.55
1624984804.371,1,58.38
1624984804.474,0,49.0
1624984804.48,1,73.95
1624984804.583,0,53.18
1624984804.586,1,71.78
1624984804.688,0,56.36
1624984804.692,1,57.68
1624984804.795,0,62.99
1624984804.801,1,62.98
1624984804.904,0,95.56
1624984804.908,1,88.84
1624984805.01,0,74.75
1624984805.013,1,92.84
1624984805.116,0,49.96
1624984805.122,1,55.27
1624984805.225,0,49.64
1624984805.228,1,54.96
1624984805.332,0,48.33
1624984805.335,1,59.01
1624984805.438,0,48.84
1624984805.443,1,67.71
1624984805.546,0,50.28
1624984805.548,1,93.85
1624984805.651,0,57.72
1624984805.655,1,58.92
1624984805.758,0,59.66
1624984805.764,1,60.58
1624984805.867,0,86.13
1624984805.87,1,82.8
1624984805.973,0,98.21
1624984805.976,1,121.67
1624984806.079,0,49.99
1624984806.085,1,62.65
1624984806.188,0,49.77
1624984806.191,1,55.57
1624984806.295,0,49.1
1624984806.298,1,56.4
1624984806.401,0,47.96
1624984806.406,1,61.59
1624984806.509,0,49.35
1624984806.512,1,71.61
1624984806.615,0,51.11
1624984806.618,1,85.41
1624984806.721,0,54.08
1624984806.727,1,56.15
1624984806.83,0,60.76
1624984806.833,1,62.37
1624984806.936,0,70.02
1624984806.94,1,69.9
1624984807.043,0,82.73
1624984807.048,1,80.88
1624984807.151,0,49.98
1624984807.154,1,76.89
1624984807.257,0,49.77
1624984807.259,1,55.36
1624984807.363,0,49.13
1624984807.368,1,56.26
1624984807.472,0,48.81
1624984807.475,1,70.87
1624984807.577,0,52.51
1624984807.58,1,90.36
1624984807.683,0,55.86
1624984807.69,1,57.35
1624984807.793,0,62.67
1624984807.796,1,64.0
1624984807.899,0,85.78
1624984807.902,1,84.13
1624984808.005,0,90.04
1624984808.011,1,85.11
1624984808.114,0,49.91
1624984808.116,1,57.02
1624984808.22,0,49.54
1624984808.223,1,55.53
1624984808.326,0,49.04
1624984808.331,1,56.77
1624984808.434,0,48.42
1624984808.437,1,64.02
1624984808.54,0,50.23
1624984808.543,1,81.34
1624984808.646,0,54.72
1624984808.652,1,56.68
1624984808.755,0,63.75
1624984808.758,1,64.59
1624984808.861,0,85.58
1624984808.865,1,82.08
1624984808.968,0,89.65
1624984808.973,1,111.11
1624984809.075,0,49.96
1624984809.078,1,55.39
1624984809.182,0,49.15
1624984809.185,1,56.43
1624984809.288,0,48.3
1624984809.293,1,60.31
1624984809.397,0,49.67
1624984809.4,1,81.13
1624984809.502,0,54.66
1624984809.506,1,67.01
1624984809.609,0,56.35
1624984809.615,1,58.11
1624984809.718,0,47.24
1624984809.72,1,49.38
1624984809.823,0,54.24
1624984809.827,1,62.22
1624984809.93,0,59.17
1624984809.935,1,60.29
1624984810.04,0,67.06
1624984810.043,1,67.05
1624984810.146,0,90.25
1624984810.15,1,87.46
1624984810.253,0,64.43
1624984810.256,1,92.71
1624984810.359,0,49.77
1624984810.362,1,55.45
1624984810.466,0,49.29
1624984810.468,1,55.84
1624984810.572,0,48.39
1624984810.577,1,59.65
1624984810.681,0,50.29
1624984810.683,1,82.1
1624984810.786,0,55.25
1624984810.79,1,63.62
1624984810.893,0,63.26
1624984810.898,1,63.17
1624984811.001,0,77.05
1624984811.005,1,75.17
1624984811.108,0,110.0
1624984811.11,1,122.82
1624984811.214,0,49.86
1624984811.219,1,54.78
1624984811.322,0,49.53
1624984811.325,1,55.6
1624984811.428,0,48.5
1624984811.431,1,58.32
1624984811.535,0,48.6
1624984811.54,1,63.54
1624984811.645,0,51.64
1624984811.647,1,90.9
1624984811.75,0,55.44
1624984811.754,1,57.41
1624984811.857,0,64.26
1624984811.861,1,64.93
1624984811.964,0,70.53
1624984811.967,1,68.41
1624984812.07,0,102.9
1624984812.073,1,123.48
1624984812.176,0,49.87
1624984812.181,1,54.85
1624984812.285,0,49.69
1624984812.288,1,55.09
1624984812.391,0,48.78
1624984812.395,1,56.98
1624984812.499,0,49.01
1624984812.502,1,68.46
1624984812.605,0,51.0
1624984812.608,1,87.68
1624984812.711,0,57.21
1624984812.714,1,58.16
1624984812.817,0,62.49
1624984812.823,1,62.75
1624984812.926,0,78.93
1624984812.93,1,77.39
1624984813.033,0,96.94
1624984813.036,1,115.3
1624984813.139,0,49.96
1624984813.144,1,64.76
1624984813.249,0,49.79
1624984813.252,1,55.77
1624984813.355,0,49.51
1624984813.358,1,56.17
1624984813.462,0,48.26
1624984813.465,1,65.05
1624984813.568,0,50.74
1624984813.571,1,93.58
1624984813.674,0,55.26
1624984813.677,1,57.1
1624984813.78,0,56.1
1624984813.786,1,57.86
1624984813.889,0,67.71
1624984813.893,1,67.43
1624984813.996,0,105.63
1624984814.001,1,87.53
1624984814.106,0,77.88
1624984814.109,1,97.7
1624984814.212,0,50.0
1624984814.215,1,55.04
1624984814.318,0,49.51
1624984814.321,1,55.57
1624984814.428,0,48.46
1624984814.431,1,58.88
1624984814.534,0,49.32
1624984814.537,1,76.5
1624984814.64,0,53.83
1624984814.643,1,75.95
1624984814.748,0,56.57
1624984814.752,1,58.47
1624984814.855,0,60.8
1624984814.858,1,61.69
1624984814.961,0,103.85
1624984814.964,1,91.39
1624984815.069,0,79.84
1624984815.072,1,99.21
1624984815.175,0,49.93
1624984815.178,1,54.74
1624984815.281,0,49.57
1624984815.284,1,55.34
1624984815.39,0,48.55
1624984815.393,1,59.33
1624984815.497,0,48.74
1624984815.499,1,67.03
1624984815.602,0,52.07
1624984815.605,1,94.06
1624984815.711,0,55.75
1624984815.714,1,57.63
1624984815.817,0,66.1
1624984815.821,1,65.71
1624984815.924,0,77.91
1624984815.927,1,73.26
1624984816.032,0,103.28
1624984816.034,1,119.77
1624984816.137,0,49.8
1624984816.14,1,55.21
1624984816.244,0,49.48
1624984816.247,1,55.36
1624984816.353,0,48.42
1624984816.356,1,58.91
1624984816.459,0,49.43
1624984816.462,1,72.34
1624984816.565,0,51.08
1624984816.568,1,93.84
1624984816.674,0,55.81
1624984816.677,1,57.42
1624984816.78,0,63.67
1624984816.784,1,64.42
1624984816.886,0,83.7
1624984816.89,1,77.23
1624984816.994,0,104.43
1624984816.997,1,119.54
1624984817.1,0,49.9
1624984817.103,1,54.72
1624984817.206,0,49.22
1624984817.209,1,55.6
1624984817.315,0,48.04
1624984817.318,1,60.14
1624984817.422,0,49.54
1624984817.424,1,71.58
1624984817.527,0,52.14
1624984817.53,1,84.24
1624984817.636,0,54.78
1624984817.64,1,56.97
1624984817.743,0,60.73
1624984817.746,1,61.85
1624984817.849,0,68.31
1624984817.853,1,66.13
1624984817.958,0,105.84
1624984817.961,1,100.64
1624984818.064,0,71.46
1624984818.067,1,96.67
1624984818.17,0,49.9
1624984818.173,1,55.01
1624984818.279,0,49.48
1624984818.281,1,55.26
1624984818.385,0,48.5
1624984818.388,1,58.8
1624984818.491,0,49.31
1624984818.494,1,72.62
1624984818.599,0,55.72
1624984818.602,1,57.32
1624984818.705,0,58.85
1624984818.709,1,60.05
1624984818.812,0,81.78
1624984818.815,1,74.98
1624984818.92,0,113.4
1624984818.923,1,106.46
1624984819.026,0,49.89
1624984819.029,1,72.06
1624984819.132,0,49.64
1624984819.135,1,55.34
1624984819.24,0,49.29
1624984819.243,1,55.75
1624984819.347,0,47.99
1624984819.35,1,63.27
1624984819.453,0,49.73
1624984819.456,1,78.44
1624984819.562,0,54.41
1624984819.566,1,60.57
1624984819.669,0,56.14
1624984819.672,1,57.74
1624984819.775,0,69.05
1624984819.782,1,69.08
1624984819.885,0,101.32
1624984819.888,1,97.78
1624984819.991,0,67.04
1624984819.994,1,89.9
1624984820.097,0,49.89
1624984820.103,1,54.65
1624984820.207,0,49.55
1624984820.21,1,55.33
1624984820.313,0,48.53
1624984820.316,1,57.11
1624984820.419,0,48.36
1624984820.423,1,65.82
1624984820.526,0,51.71
1624984820.529,1,91.83
1624984820.632,0,56.6
1624984820.636,1,58.1
1624984820.739,0,56.23
1624984820.745,1,57.91
1624984820.848,0,86.42
1624984820.851,1,81.02
1624984820.954,0,113.97
1624984820.958,1,106.37
1624984821.061,0,47.08
1624984821.065,1,49.92
1624984821.168,0,83.72
1624984821.172,1,79.82
1624984821.275,0,96.35
1624984821.278,1,113.04
1624984821.381,0,49.96
1624984821.387,1,56.5
1624984821.49,0,49.74
1624984821.493,1,55.14
1624984821.596,0,48.42
1624984821.599,1,58.95
1624984821.703,0,49.16
1624984821.707,1,79.95
1624984821.81,0,57.44
1624984821.813,1,59.23
1624984821.916,0,95.14
1624984821.921,1,90.96
1624984822.024,0,83.87
1624984822.029,1,102.7
1624984822.131,0,49.61
1624984822.134,1,55.31
1624984822.238,0,48.71
1624984822.241,1,56.8
1624984822.344,0,48.42
1624984822.349,1,63.15
1624984822.453,0,50.65
1624984822.456,1,81.8
1624984822.558,0,54.97
1624984822.562,1,56.81
1624984822.665,0,58.02
1624984822.671,1,59.72
1624984822.774,0,62.78
1624984822.777,1,63.51
1624984822.88,0,83.15
1624984822.884,1,79.34
1624984822.987,0,100.11
1624984822.991,1,120.09
1624984823.094,0,49.87
1624984823.097,1,54.41
1624984823.201,0,49.19
1624984823.204,1,55.2
1624984823.307,0,48.01
1624984823.312,1,59.59
1624984823.416,0,51.1
1624984823.419,1,88.24
1624984823.522,0,56.27
1624984823.525,1,57.87
1624984823.628,0,65.23
1624984823.633,1,65.1
1624984823.736,0,102.57
1624984823.74,1,95.43
1624984823.843,0,83.24
1624984823.846,1,101.27
1624984823.949,0,49.96
1624984823.954,1,54.92
1624984824.058,0,49.54
1624984824.06,1,54.89
1624984824.164,0,48.29
1624984824.167,1,60.47
1624984824.27,0,48.81
1624984824.275,1,72.92
1624984824.378,0,51.97
1624984824.381,1,71.38
1624984824.484,0,55.38
1624984824.487,1,56.98
1624984824.59,0,63.15
1624984824.597,1,64.23
1624984824.7,0,107.56
1624984824.703,1,99.8
1624984824.806,0,67.95
1624984824.809,1,84.59
1624984824.912,0,49.77
1624984824.917,1,55.05
1624984825.021,0,49.13
1624984825.024,1,56.25
1624984825.127,0,48.07
1624984825.13,1,64.12
1624984825.233,0,49.63
1624984825.238,1,77.31
1624984825.341,0,54.8
1624984825.344,1,58.13
1624984825.447,0,57.11
1624984825.451,1,58.51
1624984825.554,0,65.43
1624984825.559,1,65.6
1624984825.662,0,98.37
1624984825.666,1,93.77
1624984825.769,0,71.78
1624984825.772,1,95.01
1624984825.875,0,49.8
1624984825.88,1,55.3
1624984825.983,0,49.54
1624984825.986,1,55.42
1624984826.09,0,49.16
1624984826.093,1,56.88
1624984826.196,0,48.26
1624984826.201,1,66.25
1624984826.303,0,50.3
1624984826.306,1,93.55
1624984826.409,0,56.19
1624984826.413,1,58.07
1624984826.516,0,63.7
1624984826.522,1,62.53
1624984826.625,0,74.04
1624984826.628,1,73.11
1624984826.731,0,119.29
1624984826.734,1,111.45
1624984826.837,0,49.88
1624984826.843,1,54.94
1624984826.946,0,49.3
1624984826.949,1,55.65
1624984827.052,0,48.42
1624984827.055,1,59.36
1624984827.159,0,48.44
1624984827.163,1,67.63
1624984827.268,0,50.55
1624984827.271,1,88.93
1624984827.373,0,54.05
1624984827.377,1,66.82
1624984827.479,0,57.09
1624984827.484,1,58.31
1624984827.587,0,68.23
1624984827.591,1,65.16
1624984827.697,0,81.48
1624984827.7,1,79.58
1624984827.803,0,97.22
1624984827.806,1,113.11
1624984827.909,0,49.8
1624984827.912,1,54.42
1624984828.017,0,49.41
1624984828.02,1,55.78
1624984828.123,0,47.94
1624984828.126,1,63.56
1624984828.229,0,49.8
1624984828.232,1,76.84
1624984828.335,0,53.53
1624984828.338,1,66.4
1624984828.441,0,56.3
1624984828.447,1,57.5
1624984828.55,0,59.33
1624984828.553,1,60.54
1624984828.656,0,106.49
1624984828.66,1,94.33
1624984828.764,0,59.04
1624984828.768,1,92.82
1624984828.871,0,49.8
1624984828.873,1,55.22
1624984828.977,0,49.38
1624984828.98,1,55.98
1624984829.083,0,48.52
1624984829.088,1,58.45
1624984829.192,0,49.38
1624984829.195,1,71.12
1624984829.297,0,50.33
1624984829.3,1,86.32
1624984829.403,0,54.55
1624984829.409,1,65.89
1624984829.515,0,58.65
1624984829.519,1,59.38
1624984829.621,0,87.77
1624984829.625,1,82.47
1624984829.728,0,114.66
1624984829.731,1,112.18
1624984829.834,0,50.06
1624984829.838,1,60.5
1624984829.941,0,49.57
1624984829.944,1,55.76
1624984830.048,0,48.65
1624984830.051,1,57.9
1624984830.155,0,48.81
1624984830.158,1,68.0
1624984830.26,0,52.45
1624984830.263,1,88.69
1624984830.366,0,54.69
1624984830.373,1,60.95
1624984830.476,0,60.42
1624984830.479,1,61.53
1624984830.582,0,76.05
1624984830.585,1,72.01
1624984830.69,0,79.22
1624984830.694,1,75.75
1624984830.797,0,96.23
1624984830.799,1,114.88
1624984830.902,0,49.89
1624984830.905,1,54.53
1624984831.009,0,49.74
1624984831.014,1,55.42
1624984831.117,0,49.01
1624984831.12,1,56.22
1624984831.224,0,48.1
1624984831.226,1,64.36
1624984831.329,0,50.77
1624984831.334,1,92.94
1624984831.437,0,56.58
1624984831.441,1,56.74
1624984831.548,0,59.76
1624984831.551,1,61.08
1624984831.654,0,67.91
1624984831.658,1,68.21
1624984831.761,0,114.86
1624984831.764,1,109.18
1624984831.867,0,49.92
1624984831.87,1,70.58
1624984831.974,0,49.71
1624984831.977,1,55.02
1624984832.081,0,49.38
1624984832.084,1,55.76
1624984832.187,0,48.13
1624984832.19,1,63.16
1624984832.293,0,50.93
1624984832.297,1,93.14
1624984832.402,0,54.64
1624984832.405,1,62.18
1624984832.508,0,56.75
1624984832.511,1,58.25
1624984832.615,0,77.8
1624984832.619,1,76.3
1624984832.722,0,114.37
1624984832.724,1,106.86
1624984832.83,0,49.93
1624984832.833,1,78.1
1624984832.935,0,49.8
1624984832.939,1,54.91
1624984833.043,0,49.64
1624984833.047,1,55.78
1624984833.15,0,48.87
1624984833.153,1,56.78
1624984833.258,0,48.63
1624984833.261,1,66.0
1624984833.364,0,51.21
1624984833.367,1,90.93
1624984833.47,0,55.92
1624984833.473,1,57.61
1624984833.576,0,59.42
1624984833.581,1,58.13
1624984833.691,0,61.52
1624984833.694,1,62.81
1624984833.797,0,85.56
1624984833.802,1,82.96
1624984833.905,0,70.4
1624984833.908,1,86.23
1624984834.011,0,49.77
1624984834.014,1,54.58
1624984834.119,0,49.57
1624984834.123,1,55.38
1624984834.226,0,48.93
1624984834.229,1,55.97
1624984834.332,0,48.29
1624984834.335,1,65.28
1624984834.439,0,51.0
1624984834.444,1,91.85
1624984834.548,0,55.56
1624984834.553,1,57.33
1624984834.656,0,57.69
1624984834.659,1,58.99
1624984834.762,0,75.0
1624984834.766,1,73.78
1624984834.869,0,112.38
1624984834.871,1,112.65
1624984834.977,0,49.96
1624984834.98,1,68.74
1624984835.083,0,49.61
1624984835.086,1,55.33
1624984835.189,0,48.46
1624984835.192,1,59.15
1624984835.296,0,49.0
1624984835.299,1,69.83
1624984835.401,0,50.76
1624984835.406,1,89.12
1624984835.509,0,55.99
1624984835.513,1,57.74
1624984835.616,0,62.28
1624984835.619,1,63.22
1624984835.722,0,78.19
1624984835.728,1,73.69
1624984835.832,0,104.55
1624984835.835,1,125.99
1624984835.938,0,49.91
1624984835.941,1,55.03
1624984836.045,0,49.6
1624984836.049,1,55.01
1624984836.152,0,49.13
1624984836.157,1,55.65
1624984836.262,0,48.15
1624984836.265,1,60.08
1624984836.369,0,49.96
1624984836.372,1,80.47
1624984836.474,0,54.94
1624984836.478,1,62.64
1624984836.581,0,58.11
1624984836.584,1,59.51
1624984836.687,0,60.88
1624984836.692,1,61.75
1624984836.795,0,87.61
1624984836.798,1,85.08
1624984836.901,0,59.96
1624984836.904,1,98.43
1624984837.009,0,49.8
1624984837.012,1,54.34
1624984837.116,0,49.51
1624984837.119,1,55.53
1624984837.222,0,48.46
1624984837.225,1,58.52
1624984837.33,0,49.53
1624984837.333,1,77.16
1624984837.436,0,54.49
1624984837.439,1,67.42
1624984837.542,0,56.56
1624984837.545,1,57.36
1624984837.651,0,64.59
1624984837.654,1,65.05
1624984837.757,0,60.17
1624984837.762,1,80.59
1624984837.865,0,48.87
1624984837.868,1,53.99
1624984837.972,0,48.04
1624984837.975,1,63.25
1624984838.078,0,51.51
1624984838.081,1,92.0
1624984838.183,0,54.63
1624984838.187,1,68.6
1624984838.293,0,56.71
1624984838.296,1,58.1
1624984838.399,0,65.55
1624984838.403,1,66.59
1624984838.506,0,98.83
1624984838.509,1,91.97
1624984838.613,0,86.17
1624984838.617,1,105.19
1624984838.72,0,49.73
1624984838.723,1,54.67
1624984838.826,0,49.32
1624984838.829,1,55.92
1624984838.934,0,48.49
1624984838.938,1,58.9
1624984839.041,0,48.89
1624984839.044,1,68.69
1624984839.147,0,53.26
1624984839.15,1,72.7
1624984839.255,0,55.88
1624984839.259,1,57.39
1624984839.362,0,66.65
1624984839.367,1,67.0
1624984839.47,0,95.88
1624984839.473,1,89.1
1624984839.577,0,73.75
1624984839.58,1,97.14
1624984839.683,0,49.93
1624984839.686,1,54.86
1624984839.79,0,49.26
1624984839.793,1,56.09
1624984839.897,0,49.12
1624984839.901,1,56.72
1624984840.005,0,48.17
1624984840.007,1,64.25
1624984840.11,0,51.46
1624984840.113,1,82.39
1624984840.217,0,53.93
1624984840.223,1,55.92
1624984840.326,0,61.31
1624984840.329,1,62.22
1624984840.432,0,70.02
1624984840.436,1,70.81
1624984840.539,0,103.14
1624984840.543,1,120.91
1624984840.646,0,49.87
1624984840.649,1,54.86
1624984840.753,0,49.55
1624984840.756,1,54.97
1624984840.86,0,49.13
1624984840.864,1,56.38
1624984840.968,0,48.04
1624984840.972,1,63.58
1624984841.075,0,51.21
1624984841.078,1,94.76
1624984841.181,0,54.13
1624984841.186,1,64.83
1624984841.289,0,60.19
1624984841.292,1,61.6
1624984841.395,0,69.81
1624984841.399,1,69.09
1624984841.502,0,117.59
1624984841.507,1,105.83
1624984841.61,0,60.78
1624984841.613,1,86.38
1624984841.716,0,49.74
1624984841.719,1,54.99
1624984841.822,0,49.23
1624984841.828,1,55.59
1624984841.932,0,48.26
1624984841.934,1,59.26
1624984842.038,0,49.16
1624984842.041,1,78.56
1624984842.144,0,54.62
1624984842.149,1,60.61
1624984842.252,0,60.03
1624984842.255,1,60.2
1624984842.359,0,62.07
1624984842.363,1,63.4
1624984842.466,0,84.43
1624984842.47,1,80.91
1624984842.573,0,85.09
1624984842.576,1,100.98
1624984842.679,0,49.8
1624984842.682,1,54.44
1624984842.785,0,49.62
1624984842.79,1,55.32
1624984842.894,0,49.32
1624984842.897,1,55.28
1624984843.001,0,48.13
1624984843.003,1,60.94
1624984843.107,0,49.37
1624984843.111,1,71.5
1624984843.214,0,52.27
1624984843.217,1,76.12
1624984843.32,0,58.06
1624984843.323,1,59.28
1624984843.426,0,59.36
1624984843.432,1,60.47
1624984843.535,0,75.93
1624984843.539,1,74.15
1624984843.642,0,88.13
1624984843.645,1,84.88
1624984843.748,0,77.65
1624984843.753,1,101.51
1624984843.856,0,49.74
1624984843.859,1,55.46
1624984843.964,0,49.31
1624984843.967,1,56.08
1624984844.07,0,48.47
1624984844.074,1,58.17
1624984844.177,0,48.97
1624984844.18,1,69.65
1624984844.283,0,51.37
1624984844.286,1,89.04
1624984844.39,0,54.54
1624984844.395,1,56.76
1624984844.498,0,57.27
1624984844.502,1,58.67
1624984844.605,0,66.94
1624984844.608,1,66.57
1624984844.711,0,80.96
1624984844.716,1,78.89
1624984844.819,0,84.93
1624984844.822,1,88.58
1624984844.925,0,49.74
1624984844.928,1,74.14
1624984845.031,0,49.7
1624984845.037,1,55.11
1624984845.14,0,49.26
1624984845.144,1,55.63
1624984845.247,0,47.72
1624984845.25,1,60.23
1624984845.353,0,50.37
1624984845.357,1,88.99
1624984845.46,0,55.28
1624984845.464,1,57.13
1624984845.567,0,59.61
1624984845.57,1,60.35
1624984845.673,0,70.62
1624984845.679,1,69.77
1624984845.782,0,113.61
1624984845.785,1,109.97
1624984845.888,0,60.69
1624984845.891,1,87.25
1624984845.994,0,49.75
1624984846.0,1,55.25
1624984846.103,0,48.57
1624984846.106,1,57.42
1624984846.21,0,48.92
1624984846.213,1,72.33
1624984846.316,0,53.12
1624984846.321,1,80.35
1624984846.424,0,57.48
1624984846.427,1,58.61
1624984846.53,0,65.26
1624984846.533,1,65.3
1624984846.636,0,90.45
1624984846.642,1,87.55
1624984846.745,0,87.08
1624984846.747,1,111.53
1624984846.85,0,49.83
1624984846.853,1,55.27
1624984846.957,0,49.38
1624984846.962,1,55.72
1624984847.065,0,49.29
1624984847.068,1,56.05
1624984847.172,0,48.12
1624984847.174,1,64.32
1624984847.278,0,49.92
1624984847.283,1,77.02
1624984847.385,0,54.66
1624984847.389,1,59.1
1624984847.492,0,57.58
1624984847.495,1,59.05
1624984847.598,0,66.43
1624984847.604,1,66.22
1624984847.707,0,99.68
1624984847.71,1,95.43
1624984847.813,0,81.76
1624984847.816,1,104.27
1624984847.919,0,49.79
1624984847.924,1,54.82
1624984848.028,0,49.51
1624984848.031,1,55.41
1624984848.134,0,48.81
1624984848.137,1,56.01
1624984848.241,0,48.31
1624984848.245,1,69.48
1624984848.348,0,52.85
1624984848.351,1,66.38
1624984848.454,0,55.39
1624984848.457,1,57.24
1624984848.56,0,62.17
1624984848.567,1,62.73
1624984848.671,0,76.01
1624984848.674,1,71.31
1624984848.78,0,120.42
1624984848.783,1,112.25
1624984848.886,0,49.74
1624984848.891,1,60.22
1624984848.994,0,49.73
1624984848.997,1,55.04
1624984849.101,0,49.42
1624984849.104,1,55.49
1624984849.208,0,47.88
1624984849.211,1,62.42
1624984849.314,0,51.31
1624984849.317,1,88.7
1624984849.421,0,54.69
1624984849.425,1,60.68
1624984849.528,0,60.13
1624984849.531,1,61.34
1624984849.634,0,63.35
1624984849.637,1,62.34
1624984849.742,0,109.29
1624984849.745,1,116.54
1624984849.848,0,49.77
1624984849.851,1,54.62
1624984849.954,0,49.41
1624984849.957,1,55.36
1624984850.063,0,48.71
1624984850.066,1,57.03
1624984850.17,0,48.51
1624984850.172,1,63.11
1624984850.277,0,49.88
1624984850.28,1,78.48
1624984850.384,0,54.8
1624984850.387,1,69.35
1624984850.49,0,57.56
1624984850.496,1,58.29
1624984850.598,0,62.68
1624984850.602,1,62.81
1624984850.705,0,88.25
1624984850.709,1,84.74
1624984850.812,0,92.92
1624984850.815,1,114.82
1624984850.918,0,49.8
1624984850.92,1,54.46
1624984851.026,0,49.38
1624984851.029,1,55.37
1624984851.132,0,48.1
1624984851.135,1,64.79
1624984851.238,0,49.8
1624984851.241,1,83.06
1624984851.347,0,55.92
1624984851.35,1,57.3
1624984851.454,0,56.56
1624984851.457,1,58.45
1624984851.56,0,67.1
1624984851.563,1,66.24
1624984851.668,0,105.23
1624984851.671,1,102.27
1624984851.774,0,55.59
1624984851.777,1,91.83
1624984851.881,0,49.67
1624984851.884,1,54.71
1624984851.989,0,49.13
1624984851.992,1,56.28
1624984852.096,0,48.74
1624984852.1,1,67.68
1624984852.203,0,52.93
1624984852.206,1,90.26
1624984852.31,0,56.68
1624984852.313,1,58.27
1624984852.416,0,56.87
1624984852.42,1,58.16
1624984852.523,0,80.43
1624984852.526,1,74.57
1624984852.631,0,82.5
1624984852.633,1,102.49
1624984852.736,0,49.83
1624984852.739,1,54.69
1624984852.843,0,49.3
1624984852.846,1,55.09
1624984852.952,0,48.07
1624984852.955,1,59.55
1624984853.058,0,48.97
1624984853.061,1,69.94
1624984853.164,0,52.74
1624984853.167,1,82.21
1624984853.272,0,55.06
1624984853.276,1,57.03
1624984853.379,0,66.04
1624984853.382,1,65.74
1624984853.485,0,77.84
1624984853.489,1,73.69
1624984853.593,0,93.48
1624984853.596,1,91.04
1624984853.699,0,73.58
1624984853.704,1,95.97
1624984853.807,0,49.67
1624984853.809,1,55.35
1624984853.915,0,49.19
1624984853.918,1,56.24
1624984854.021,0,48.1
1624984854.024,1,60.79
1624984854.127,0,49.64
1624984854.13,1,77.96
1624984854.235,0,54.3
1624984854.238,1,64.11
1624984854.341,0,60.53
1624984854.344,1,61.17
1624984854.447,0,72.14
1624984854.451,1,69.01
1624984854.556,0,112.91
1624984854.559,1,107.86
1624984854.662,0,49.77
1624984854.665,1,54.48
1624984854.768,0,49.58
1624984854.771,1,54.59
1624984854.876,0,48.81
1624984854.879,1,56.6
1624984854.983,0,48.55
1624984854.986,1,67.19
1624984855.089,0,52.8
1624984855.091,1,87.02
1624984855.197,0,57.06
1624984855.201,1,59.06
1624984855.304,0,61.72
1624984855.308,1,62.17
1624984855.411,0,78.6
1624984855.415,1,74.89
1624984855.518,0,76.34
1624984855.521,1,92.56
1624984855.624,0,49.83
1624984855.627,1,59.57
1624984855.73,0,48.94
1624984855.733,1,53.86
1624984855.839,0,47.62
1624984855.842,1,59.07
1624984855.945,0,51.03
1624984855.948,1,84.45
1624984856.051,0,57.56
1624984856.054,1,58.28
1624984856.159,0,89.85
1624984856.163,1,85.31
1624984856.266,0,62.85
1624984856.269,1,78.92
1624984856.372,0,49.42
1624984856.375,1,54.86
1624984856.481,0,48.45
1624984856.484,1,56.77
1624984856.587,0,48.78
1624984856.59,1,68.46
1624984856.693,0,51.69
1624984856.696,1,91.1
1624984856.802,0,56.13
1624984856.805,1,57.44
1624984856.908,0,66.49
1624984856.912,1,65.24
1624984857.015,0,101.19
1624984857.019,1,92.1
1624984857.122,0,57.47
1624984857.125,1,84.79
1624984857.228,0,49.58
1624984857.231,1,55.0
1624984857.335,0,48.78
1624984857.338,1,55.82
1624984857.444,0,48.1
1624984857.447,1,62.44
1624984857.55,0,50.21
1624984857.553,1,90.64
1624984857.656,0,55.41
1624984857.659,1,63.82
1624984857.765,0,57.53
1624984857.768,1,58.82
1624984857.871,0,67.09
1624984857.875,1,65.72
1624984857.978,0,108.94
1624984857.981,1,98.01
1624984858.085,0,63.93
1624984858.088,1,90.29
1624984858.191,0,49.59
1624984858.194,1,55.2
1624984858.298,0,49.29
1624984858.3,1,55.76
1624984858.407,0,48.38
1624984858.409,1,58.68
1624984858.513,0,49.36
1624984858.516,1,73.0
1624984858.619,0,52.63
1624984858.621,1,85.15
1624984858.727,0,56.25
1624984858.731,1,57.93
1624984858.834,0,62.71
1624984858.837,1,63.16
1624984858.94,0,69.09
1624984858.944,1,67.28
1624984859.048,0,80.46
1624984859.052,1,77.59
1624984859.155,0,54.01
1624984859.157,1,83.97
1624984859.26,0,49.46
1624984859.263,1,55.15
1624984859.369,0,49.13
1624984859.372,1,56.27
1624984859.475,0,48.03
1624984859.478,1,62.73
1624984859.581,0,49.78
1624984859.584,1,79.24
1624984859.69,0,55.27
1624984859.693,1,56.84
1624984859.796,0,60.84
1624984859.799,1,61.67
1624984859.902,0,74.36
1624984859.906,1,70.32
1624984860.01,0,84.14
1624984860.014,1,82.76
1624984860.117,0,79.91
1624984860.121,1,97.39
1624984860.224,0,49.7
1624984860.227,1,54.62
1624984860.332,0,49.52
1624984860.335,1,55.61
1624984860.438,0,48.39
1624984860.441,1,58.67
1624984860.544,0,48.23
1624984860.547,1,65.79
1624984860.652,0,50.31
1624984860.655,1,85.32
1624984860.758,0,56.75
1624984860.762,1,58.71
1624984860.865,0,48.78
1624984860.868,1,50.49
1624984860.973,0,79.87
1624984860.976,1,89.94
1624984861.079,0,49.83
1624984861.083,1,57.78
1624984861.186,0,49.64
1624984861.189,1,54.96
1624984861.294,0,49.1
1624984861.297,1,55.54
1624984861.4,0,47.94
1624984861.405,1,58.74
1624984861.508,0,49.5
1624984861.511,1,81.73
1624984861.615,0,56.7
1624984861.618,1,57.99
1624984861.721,0,64.75
1624984861.73,1,62.52
1624984861.835,0,88.25
1624984861.839,1,85.15
1624984861.942,0,83.12
1624984861.945,1,104.52
1624984862.048,0,49.64
1624984862.051,1,54.96
1624984862.157,0,49.54
1624984862.16,1,55.45
1624984862.264,0,47.78
1624984862.266,1,60.71
1624984862.37,0,49.75
1624984862.373,1,70.52
1624984862.478,0,54.08
1624984862.481,1,67.15
1624984862.583,0,58.43
1624984862.587,1,59.43
1624984862.69,0,65.81
1624984862.694,1,64.38
1624984862.798,0,116.2
1624984862.802,1,108.43
1624984862.905,0,63.23
1624984862.908,1,88.5
1624984863.011,0,49.76
1624984863.017,1,55.28
1624984863.12,0,49.42
1624984863.123,1,55.59
1624984863.226,0,48.17
1624984863.229,1,58.84
1624984863.333,0,48.71
1624984863.336,1,66.19
1624984863.44,0,49.91
1624984863.445,1,78.72
1624984863.548,0,55.5
1624984863.552,1,57.19
1624984863.655,0,58.62
1624984863.658,1,59.66
1624984863.761,0,69.7
1624984863.764,1,68.45
1624984863.867,0,86.33
1624984863.871,1,82.0
1624984863.974,0,56.26
1624984863.977,1,87.79
1624984864.081,0,49.47
1624984864.084,1,55.16
1624984864.188,0,48.49
1624984864.194,1,57.82
1624984864.297,0,49.06
1624984864.3,1,74.62
1624984864.403,0,52.65
1624984864.405,1,83.61
1624984864.509,0,59.59
1624984864.512,1,60.34
1624984864.615,0,72.33
1624984864.621,1,72.12
1624984864.723,0,111.9
1624984864.726,1,113.13
1624984864.829,0,52.53
1624984864.832,1,71.88
1624984864.935,0,49.57
1624984864.938,1,54.86
1624984865.044,0,49.13
1624984865.047,1,55.5
1624984865.151,0,47.52
1624984865.153,1,60.47
1624984865.257,0,49.0
1624984865.26,1,68.1
1624984865.365,0,51.44
1624984865.368,1,92.82
1624984865.471,0,54.85
1624984865.479,1,56.72
1624984865.582,0,62.44
1624984865.585,1,63.21
1624984865.688,0,85.94
1624984865.692,1,82.23
1624984865.795,0,107.81
1624984865.798,1,125.58
1624984865.9,0,49.87
1624984865.905,1,57.36
1624984866.008,0,49.61
1624984866.011,1,55.15
1624984866.116,0,48.81
1624984866.119,1,56.43
1624984866.222,0,48.35
1624984866.225,1,64.58
1624984866.329,0,51.49
1624984866.332,1,84.86
1624984866.435,0,57.03
1624984866.439,1,58.52
1624984866.542,0,59.57
1624984866.545,1,60.79
1624984866.649,0,64.51
1624984866.652,1,66.37
1624984866.755,0,108.13
1624984866.76,1,124.51
1624984866.863,0,49.73
1624984866.866,1,54.57
1624984866.97,0,48.96
1624984866.973,1,56.09
1624984867.077,0,48.76
1624984867.079,1,65.77
1624984867.182,0,51.68
1624984867.185,1,90.96
1624984867.291,0,57.73
1624984867.294,1,58.73
1624984867.397,0,72.25
1624984867.401,1,71.7
1624984867.504,0,118.55
1624984867.506,1,114.21
1624984867.612,0,49.81
1624984867.616,1,87.77
1624984867.72,0,49.77
1624984867.723,1,54.72
1624984867.827,0,49.29
1624984867.83,1,55.07
1624984867.934,0,48.52
1624984867.936,1,56.88
1624984868.04,0,48.84
1624984868.043,1,68.7
1624984868.146,0,51.81
1624984868.151,1,88.6
1624984868.254,0,57.08
1624984868.257,1,58.2
1624984868.36,0,62.38
1624984868.364,1,63.4
1624984868.466,0,83.45
1624984868.47,1,75.95
1624984868.575,0,107.64
1624984868.581,1,110.32
1624984868.684,0,49.83
1624984868.687,1,54.41
1624984868.79,0,49.35
1624984868.793,1,55.14
1624984868.897,0,48.71
1624984868.9,1,57.7
1624984869.003,0,48.71
1624984869.006,1,67.55
1624984869.109,0,50.24
1624984869.113,1,93.69
1624984869.217,0,56.54
1624984869.22,1,57.65
1624984869.325,0,72.09
1624984869.328,1,70.48
1624984869.431,0,79.46
1624984869.434,1,76.01
1624984869.538,0,71.76
1624984869.541,1,88.25
1624984869.643,0,49.61
1624984869.648,1,55.21
1624984869.751,0,49.26
1624984869.754,1,55.21
1624984869.859,0,48.39
1624984869.862,1,59.47
1624984869.965,0,49.32
1624984869.968,1,72.14
1624984870.071,0,51.36
1624984870.08,1,92.61
1624984870.183,0,55.63
1624984870.186,1,57.41
1624984870.289,0,59.46
1624984870.293,1,60.66
1624984870.396,0,77.11
1624984870.399,1,74.75
1624984870.502,0,111.0
1624984870.508,1,104.77
1624984870.611,0,49.68
1624984870.614,1,56.59
1624984870.717,0,49.39
1624984870.72,1,55.29
1624984870.824,0,48.62
1624984870.827,1,56.51
1624984870.93,0,48.52
1624984870.936,1,62.42
1624984871.042,0,50.2
1624984871.045,1,90.18
1624984871.148,0,55.58
1624984871.151,1,57.58
1624984871.254,0,58.66
1624984871.257,1,58.6
1624984871.364,0,66.25
1624984871.367,1,66.43
1624984871.47,0,92.36
1624984871.474,1,87.74
1624984871.577,0,49.82
1624984871.579,1,73.04
1624984871.684,0,49.73
1624984871.687,1,55.15
1624984871.791,0,48.57
1624984871.794,1,59.0
1624984871.897,0,49.97
1624984871.902,1,74.62
1624984872.006,0,53.4
1624984872.008,1,75.22
1624984872.111,0,58.76
1624984872.115,1,59.86
1624984872.218,0,65.41
1624984872.221,1,63.67
1624984872.326,0,101.28
1624984872.33,1,89.71
1624984872.434,0,62.14
1624984872.437,1,93.88
1624984872.54,0,49.74
1624984872.546,1,54.65
1624984872.649,0,48.95
1624984872.652,1,55.03
1624984872.756,0,47.98
1624984872.759,1,60.68
1624984872.862,0,51.17
1624984872.867,1,89.83
1624984872.969,0,55.66
1624984872.973,1,57.55
1624984873.076,0,57.01
1624984873.079,1,58.32
1624984873.182,0,69.91
1624984873.188,1,68.08
1624984873.291,0,81.39
1624984873.295,1,78.32
1624984873.398,0,55.18
1624984873.401,1,86.97
1624984873.503,0,49.74
1624984873.509,1,55.05
1624984873.612,0,49.42
1624984873.615,1,55.15
1624984873.719,0,47.67
1624984873.721,1,62.46
1624984873.824,0,50.57
1624984873.83,1,82.69
1624984873.933,0,54.95
1624984873.936,1,61.54
1624984874.039,0,56.18
1624984874.043,1,57.64
1624984874.146,0,74.68
1624984874.151,1,72.95
1624984874.254,0,97.81
1624984874.257,1,93.46
1624984874.36,0,49.61
1624984874.363,1,71.31
1624984874.466,0,49.48
1624984874.472,1,54.87
1624984874.575,0,48.39
1624984874.578,1,57.17
1624984874.682,0,49.13
1624984874.684,1,73.23
1624984874.787,0,51.96
1624984874.792,1,91.93
1624984874.895,0,56.23
1624984874.899,1,57.89
1624984875.002,0,64.81
1624984875.005,1,65.26
1624984875.108,0,75.04
1624984875.114,1,72.96
1624984875.217,0,96.45
1624984875.22,1,102.49
1624984875.322,0,49.71
1624984875.325,1,55.04
1624984875.429,0,49.61
1624984875.434,1,54.56
1624984875.539,0,48.81
1624984875.542,1,55.55
1624984875.645,0,47.91
1624984875.648,1,63.86
1624984875.751,0,49.19
1624984875.755,1,74.66
1624984875.858,0,55.59
1624984875.861,1,63.6
1624984875.964,0,55.59
1624984875.968,1,57.2
1624984876.071,0,67.62
1624984876.077,1,66.93
1624984876.18,0,99.79
1624984876.183,1,92.74
1624984876.286,0,84.0
1624984876.289,1,99.48
1624984876.392,0,49.79
1624984876.397,1,58.24
1624984876.501,0,49.74
1624984876.504,1,55.15
1624984876.607,0,49.39
1624984876.61,1,56.09
1624984876.713,0,48.01
1624984876.718,1,60.42
1624984876.822,0,49.26
1624984876.824,1,77.65
1624984876.927,0,54.07
1624984876.93,1,66.95
1624984877.033,0,57.74
1624984877.04,1,58.49
1624984877.145,0,62.62
1624984877.148,1,63.78
1624984877.251,0,49.64
1624984877.254,1,54.18
1624984877.36,0,48.13
1624984877.363,1,53.45
1624984877.466,0,48.21
1624984877.469,1,63.88
1624984877.572,0,55.4
1624984877.576,1,61.44
1624984877.68,0,73.5
1624984877.684,1,72.66
1624984877.787,0,65.45
1624984877.79,1,88.74
1624984877.893,0,49.61
1624984877.896,1,54.84
1624984878.002,0,49.06
1624984878.005,1,55.15
1624984878.108,0,47.91
1624984878.111,1,62.13
1624984878.214,0,51.02
1624984878.218,1,88.11
1624984878.322,0,55.31
1624984878.325,1,57.47
1624984878.428,0,71.5
1624984878.432,1,70.81
1624984878.535,0,101.6
1624984878.538,1,92.93
1624984878.643,0,76.4
1624984878.645,1,101.54
1624984878.748,0,49.54
1624984878.751,1,54.96
1624984878.855,0,48.62
1624984878.858,1,55.98
1624984878.964,0,47.94
1624984878.967,1,59.9
1624984879.07,0,50.66
1624984879.073,1,83.34
1624984879.176,0,55.53
1624984879.179,1,56.55
1624984879.284,0,80.06
1624984879.288,1,75.35
1624984879.391,0,49.75
1624984879.394,1,66.18
1624984879.497,0,49.51
1624984879.5,1,54.56
1624984879.606,0,47.62
1624984879.608,1,56.0
1624984879.712,0,49.69
1624984879.715,1,90.11
1624984879.818,0,55.58
1624984879.822,1,58.92
1624984879.926,0,57.76
1624984879.93,1,59.24
1624984880.033,0,69.72
1624984880.036,1,69.5
1624984880.139,0,96.27
1624984880.143,1,88.49
1624984880.247,0,65.55
1624984880.25,1,93.2
1624984880.353,0,49.51
1624984880.356,1,55.2
1624984880.459,0,49.1
1624984880.462,1,55.34
1624984880.568,0,48.08
1624984880.571,1,59.14
1624984880.674,0,50.12
1624984880.677,1,81.16
1624984880.78,0,52.97
1624984880.783,1,87.2
1624984880.889,0,55.04
1624984880.892,1,56.72
1624984880.995,0,63.84
1624984880.999,1,64.58
1624984881.102,0,100.58
1624984881.105,1,88.21
1624984881.21,0,85.91
1624984881.213,1,107.43
1624984881.316,0,49.64
1624984881.319,1,54.75
1624984881.423,0,49.33
1624984881.427,1,54.74
1624984881.531,0,48.65
1624984881.534,1,56.46
1624984881.638,0,48.74
1624984881.641,1,71.87
1624984881.744,0,53.79
1624984881.747,1,68.85
1624984881.852,0,61.07
1624984881.856,1,61.79
1624984881.959,0,80.81
1624984881.962,1,77.41
1624984882.065,0,80.29
1624984882.068,1,114.01
1624984882.173,0,49.74
1624984882.176,1,54.71
1624984882.28,0,49.32
1624984882.282,1,55.2
1624984882.386,0,48.17
1624984882.389,1,58.08
1624984882.494,0,49.0
1624984882.497,1,77.0
1624984882.6,0,52.9
1624984882.603,1,66.13
1624984882.706,0,63.5
1624984882.71,1,62.55
1624984882.815,0,71.25
1624984882.819,1,71.74
1624984882.922,0,111.96
1624984882.925,1,105.33
1624984883.028,0,49.69
1624984883.031,1,54.08
1624984883.136,0,48.74
1624984883.139,1,54.63
1624984883.242,0,47.88
1624984883.245,1,60.39
1624984883.348,0,51.4
1624984883.351,1,94.44
1624984883.456,0,55.71
1624984883.46,1,57.21
1624984883.563,0,77.3
1624984883.566,1,74.4
1624984883.669,0,121.3
1624984883.672,1,144.01
1624984883.777,0,49.77
1624984883.78,1,54.61
1624984883.884,0,49.32
1624984883.887,1,54.81
1624984883.991,0,48.65
1624984883.993,1,56.43
1624984884.099,0,48.16
1624984884.102,1,64.48
1624984884.205,0,49.5
1624984884.207,1,85.84
1624984884.31,0,55.23
1624984884.314,1,63.42
1624984884.419,0,58.66
1624984884.423,1,60.26
1624984884.526,0,95.12
1624984884.529,1,86.22
1624984884.632,0,92.71
1624984884.635,1,116.68
1624984884.74,0,49.64
1624984884.743,1,55.07
1624984884.846,0,49.16
1624984884.849,1,55.74
1624984884.952,0,48.04
1624984884.955,1,61.48
1624984885.062,0,49.38
1624984885.065,1,75.68
1624984885.168,0,51.63
1624984885.17,1,87.74
1624984885.273,0,57.27
1624984885.277,1,57.8
1624984885.382,0,70.51
1624984885.385,1,69.66
1624984885.488,0,75.31
1624984885.491,1,74.53
1624984885.594,0,100.95
1624984885.597,1,114.01
1624984885.702,0,49.55
1624984885.705,1,54.61
1624984885.809,0,49.07
1624984885.812,1,55.62
1624984885.915,0,48.0
1624984885.918,1,58.65
1624984886.024,0,48.54
1624984886.027,1,66.01
1624984886.13,0,50.48
1624984886.132,1,82.75
1624984886.235,0,56.45
1624984886.239,1,57.36
1624984886.344,0,69.83
1624984886.348,1,69.55
1624984886.451,0,103.82
1624984886.454,1,95.19
1624984886.557,0,49.58
1624984886.56,1,54.62
1624984886.667,0,49.35
1624984886.67,1,54.93
1624984886.773,0,47.59
1624984886.776,1,61.05
1624984886.88,0,49.92
1624984886.882,1,75.13
1624984886.987,0,52.99
1624984886.99,1,74.44
1624984887.093,0,55.27
1624984887.096,1,57.05
1624984887.199,0,72.33
1624984887.203,1,69.16
1624984887.307,0,115.56
1624984887.31,1,127.08
1624984887.413,0,49.48
1624984887.416,1,54.68
1624984887.519,0,47.27
1624984887.522,1,55.1
1624984887.628,0,49.47
1624984887.631,1,82.98
1624984887.734,0,55.39
1624984887.738,1,58.28
1624984887.84,0,64.13
1624984887.844,1,62.84
1624984887.949,0,98.8
1624984887.952,1,94.2
1624984888.055,0,90.23
1624984888.058,1,112.46
1624984888.161,0,49.64
1624984888.164,1,54.28
1624984888.271,0,49.22
1624984888.274,1,54.93
1624984888.378,0,48.52
1624984888.381,1,56.26
1624984888.484,0,49.44
1624984888.487,1,79.64
1624984888.591,0,54.77
1624984888.594,1,56.58
1624984888.698,0,58.02
1624984888.701,1,58.82
1624984888.804,0,76.18
1624984888.807,1,73.39
1624984888.912,0,109.91
1624984888.915,1,110.08
1624984889.018,0,49.7
1624984889.021,1,55.19
1624984889.124,0,49.22
1624984889.127,1,55.23
1624984889.233,0,48.39
1624984889.236,1,57.73
1624984889.339,0,48.74
1624984889.342,1,68.79
1624984889.445,0,51.87
1624984889.448,1,84.16
1624984889.553,0,57.38
1624984889.557,1,58.9
1624984889.66,0,68.97
1624984889.663,1,69.54
1624984889.766,0,90.27
1624984889.77,1,80.96
1624984889.876,0,91.91
1624984889.879,1,86.01
1624984889.982,0,49.61
1624984889.985,1,54.41
1624984890.088,0,49.56
1624984890.091,1,54.99
1624984890.196,0,49.16
1624984890.198,1,55.34
1624984890.302,0,48.07
1624984890.305,1,65.74
1624984890.407,0,51.59
1624984890.41,1,84.82
1624984890.516,0,55.27
1624984890.52,1,57.03
1624984890.623,0,60.32
1624984890.626,1,60.58
1624984890.729,0,89.24
1624984890.733,1,79.98
1624984890.837,0,96.64
1624984890.84,1,115.67
1624984890.943,0,49.77
1624984890.946,1,54.61
1624984891.049,0,49.39
1624984891.052,1,54.72
1624984891.158,0,48.62
1624984891.161,1,56.61
1624984891.265,0,48.6
1624984891.267,1,71.79
1624984891.37,0,50.51
1624984891.373,1,79.36
1624984891.48,0,54.82
1624984891.483,1,63.45
1624984891.586,0,60.66
1624984891.59,1,61.5
1624984891.693,0,97.48
1624984891.696,1,86.36
1624984891.801,0,82.67
1624984891.803,1,105.49
1624984891.906,0,49.7
1624984891.909,1,54.43
1624984892.013,0,49.31
1624984892.016,1,54.78
1624984892.121,0,47.97
1624984892.124,1,59.5
1624984892.227,0,49.98
1624984892.23,1,82.29
1624984892.333,0,57.06
1624984892.337,1,57.88
1624984892.442,0,61.53
1624984892.445,1,61.61
1624984892.548,0,77.47
1624984892.553,1,74.55
1624984892.656,0,83.05
1624984892.663,1,79.1
1624984892.766,0,80.88
1624984892.768,1,101.28
1624984892.871,0,49.64
1624984892.875,1,54.99
1624984892.978,0,49.58
1624984892.983,1,55.26
1624984893.086,0,48.01
1624984893.089,1,58.51
1624984893.193,0,50.52
1624984893.196,1,87.46
1624984893.298,0,55.33
1624984893.304,1,62.82
1624984893.407,0,60.99
1624984893.41,1,61.44
1624984893.513,0,77.42
1624984893.517,1,74.17
1624984893.62,0,112.67
1624984893.625,1,104.23
1624984893.728,0,49.73
1624984893.731,1,54.68
1624984893.834,0,49.51
1624984893.837,1,55.11
1624984893.941,0,49.06
1624984893.946,1,55.83
1624984894.049,0,48.31
1624984894.052,1,69.36
1624984894.155,0,53.56
1624984894.158,1,65.8
1624984894.261,0,58.15
1624984894.267,1,59.38
1624984894.371,0,64.4
1624984894.374,1,64.85
1624984894.477,0,81.05
1624984894.481,1,80.98
1624984894.584,0,103.8
1624984894.587,1,99.19
1624984894.695,0,65.42
1624984894.697,1,90.27
1624984894.8,0,49.58
1624984894.803,1,55.1
1624984894.907,0,49.26
1624984894.91,1,55.27
1624984895.016,0,47.72
1624984895.019,1,60.13
1624984895.123,0,48.69
1624984895.125,1,68.92
1624984895.228,0,50.96
1624984895.231,1,92.36
1624984895.334,0,55.67
1624984895.337,1,57.47
1624984895.44,0,63.7
1624984895.444,1,63.1
1624984895.547,0,106.41
1624984895.55,1,100.24
1624984895.653,0,73.49
1624984895.656,1,105.53
1624984895.762,0,49.74
1624984895.765,1,54.26
1624984895.869,0,49.35
1624984895.872,1,55.34
1624984895.975,0,48.29
1624984895.978,1,58.92
1624984896.082,0,49.05
1624984896.084,1,73.7
1624984896.187,0,53.37
1624984896.191,1,79.79
1624984896.294,0,60.26
1624984896.298,1,61.38
1624984896.401,0,71.78
1624984896.404,1,70.91
1624984896.507,0,102.76
1624984896.512,1,95.09
1624984896.616,0,49.77
1624984896.619,1,69.13
1624984896.722,0,49.62
1624984896.725,1,54.64
1624984896.829,0,49.09
1624984896.833,1,55.54
1624984896.936,0,48.04
1624984896.939,1,63.54
1624984897.045,0,51.02
1624984897.047,1,89.73
1624984897.15,0,56.07
1624984897.154,1,57.78
1624984897.257,0,58.26
1624984897.26,1,59.57
1624984897.363,0,93.13
1624984897.367,1,86.75
1624984897.471,0,77.94
1624984897.475,1,100.26
1624984897.578,0,49.48
1624984897.581,1,55.08
1624984897.684,0,49.0
1624984897.687,1,55.47
1624984897.79,0,48.58
1624984897.795,1,57.36
1624984897.899,0,50.07
1624984897.902,1,90.54
1624984898.005,0,55.84
1624984898.008,1,57.42
1624984898.111,0,60.86
1624984898.117,1,61.01
1624984898.22,0,72.98
1624984898.223,1,72.8
1624984898.326,0,105.36
1624984898.329,1,118.29
1624984898.432,0,49.58
1624984898.438,1,54.12
1624984898.541,0,49.51
1624984898.544,1,54.73
1624984898.654,0,49.1
1624984898.658,1,55.86
1624984898.762,0,48.04
1624984898.765,1,63.52
1624984898.868,0,51.06
1624984898.871,1,85.21
1624984898.974,0,55.33
1624984898.979,1,56.91
1624984899.082,0,61.45
1624984899.086,1,62.27
1624984899.189,0,84.43
1624984899.192,1,80.45
1624984899.295,0,92.37
1624984899.3,1,117.7
1624984899.406,0,49.64
1624984899.408,1,54.65
1624984899.512,0,49.13
1624984899.515,1,55.38
1624984899.618,0,47.99
1624984899.621,1,58.68
1624984899.725,0,48.97
1624984899.728,1,76.66
1624984899.831,0,53.95
1624984899.834,1,71.27
1624984899.937,0,57.13
1624984899.942,1,58.43
1624984900.045,0,66.31
1624984900.049,1,66.38
1624984900.151,0,98.16
1624984900.155,1,91.94
1624984900.258,0,95.48
1624984900.262,1,113.49
1624984900.365,0,49.61
1624984900.368,1,55.18
1624984900.472,0,48.46
1624984900.475,1,57.8
1624984900.578,0,48.84
1624984900.584,1,68.11
1624984900.688,0,50.28
1624984900.691,1,93.03
1624984900.794,0,54.18
1624984900.798,1,55.77
1624984900.901,0,65.58
1624984900.905,1,65.86
1624984901.008,0,96.46
1624984901.012,1,92.25
1624984901.115,0,89.08
1624984901.117,1,114.39
1624984901.222,0,49.74
1624984901.226,1,54.87
1624984901.329,0,49.42
1624984901.332,1,55.61
1624984901.435,0,48.62
1624984901.438,1,57.57
1624984901.542,0,48.34
1624984901.546,1,61.42
1624984901.651,0,49.46
1624984901.654,1,81.23
1624984901.757,0,53.57
1624984901.76,1,66.43
1624984901.863,0,55.38
1624984901.867,1,56.76
1624984901.97,0,57.53
1624984901.975,1,58.14
1624984902.08,0,80.1
1624984902.083,1,79.88
1624984902.186,0,97.43
1624984902.189,1,114.64
1624984902.292,0,49.71
1624984902.295,1,54.74
1624984902.398,0,49.25
1624984902.401,1,55.23
1624984902.505,0,48.71
1624984902.509,1,56.44
1624984902.613,0,48.23
1624984902.616,1,63.32
1624984902.719,0,53.36
1624984902.722,1,75.63
1624984902.824,0,56.74
1624984902.83,1,58.34
1624984902.933,0,64.43
1624984902.937,1,61.74
1624984903.045,0,68.31
1624984903.051,1,67.76
1624984903.154,0,109.31
1624984903.157,1,103.77
1624984903.26,0,49.74
1624984903.263,1,78.25
1624984903.368,0,49.74
1624984903.372,1,54.79
1624984903.476,0,49.42
1624984903.48,1,54.73
1624984903.583,0,48.34
1624984903.586,1,56.42
1624984903.692,0,48.35
1624984903.695,1,65.73
1624984903.797,0,50.49
1624984903.8,1,93.1
1624984903.903,0,53.77
1624984903.907,1,61.74
1624984904.01,0,60.99
1624984904.014,1,62.04
1624984904.117,0,94.79
1624984904.121,1,89.43
1624984904.224,0,91.97
1624984904.226,1,113.83
1624984904.329,0,49.51
1624984904.335,1,54.92
1624984904.438,0,49.13
1624984904.441,1,55.11
1624984904.545,0,48.71
1624984904.548,1,56.34
1624984904.653,0,48.33
1624984904.656,1,66.18
1624984904.759,0,50.26
1624984904.762,1,85.07
1624984904.864,0,55.66
1624984904.868,1,58.67
1624984904.971,0,61.08
1624984904.977,1,61.5
1624984905.08,0,66.24
1624984905.085,1,66.34
1624984905.188,0,122.68
1624984905.191,1,104.81
1624984905.297,0,72.57
1624984905.3,1,92.71
1624984905.403,0,49.55
1624984905.405,1,54.96
1624984905.509,0,49.22
1624984905.512,1,55.41
1624984905.619,0,48.9
1624984905.621,1,55.95
1624984905.725,0,47.94
1624984905.728,1,62.7
1624984905.831,0,50.46
1624984905.834,1,77.99
1624984905.939,0,53.61
1624984905.942,1,66.3
1624984906.045,0,56.45
1624984906.048,1,57.95
1624984906.151,0,63.06
1624984906.155,1,61.69
1624984906.26,0,117.25
1624984906.263,1,114.24
1624984906.366,0,49.58
1624984906.369,1,54.54
1624984906.473,0,49.38
1624984906.475,1,55.01
1624984906.582,0,49.04
1624984906.585,1,54.96
1624984906.688,0,48.04
1624984906.691,1,65.82
1624984906.794,0,52.64
1624984906.797,1,89.27
1624984906.902,0,54.97
1624984906.905,1,56.95
1624984907.008,0,60.87
1624984907.012,1,61.99
1624984907.114,0,76.48
1624984907.118,1,70.71
1624984907.223,0,111.37
1624984907.226,1,128.01
1624984907.329,0,49.77
1624984907.332,1,63.6
1624984907.435,0,49.32
1624984907.438,1,55.01
1624984907.544,0,49.03
1624984907.547,1,55.01
1624984907.651,0,47.69
1624984907.654,1,61.83
1624984907.757,0,50.65
1624984907.76,1,88.57
1624984907.865,0,54.9
1624984907.868,1,61.16
1624984907.971,0,59.06
1624984907.975,1,59.98
1624984908.078,0,89.0
1624984908.081,1,80.37
1624984908.186,0,91.89
1624984908.19,1,117.41
1624984908.293,0,49.74
1624984908.296,1,54.5
1624984908.399,0,49.45
1624984908.402,1,55.37
1624984908.507,0,48.98
1624984908.51,1,55.82
1624984908.613,0,48.36
1624984908.616,1,65.17
1624984908.719,0,49.9
1624984908.722,1,76.5
1624984908.827,0,53.16
1624984908.83,1,65.85
1624984908.933,0,58.79
1624984908.936,1,60.41
1624984909.039,0,79.61
1624984909.043,1,71.93
1624984909.148,0,104.46
1624984909.151,1,118.44
1624984909.254,0,49.81
1624984909.257,1,54.78
1624984909.36,0,49.45
1624984909.363,1,55.05
1624984909.469,0,48.1
1624984909.472,1,59.04
1624984909.575,0,48.62
1624984909.578,1,72.97
1624984909.681,0,54.25
1624984909.684,1,80.33
1624984909.79,0,54.63
1624984909.795,1,56.42
1624984909.898,0,57.66
1624984909.901,1,58.49
1624984910.004,0,72.09
1624984910.008,1,71.24
1624984910.111,0,107.0
1624984910.113,1,121.9
1624984910.216,0,49.72
1624984910.219,1,66.25
1624984910.322,0,49.22
1624984910.325,1,55.21
1624984910.431,0,48.62
1624984910.434,1,56.4
1624984910.538,0,48.52
1624984910.541,1,63.88
1624984910.644,0,51.11
1624984910.647,1,82.09
1624984910.752,0,53.55
1624984910.755,1,62.11
1624984910.858,0,60.66
1624984910.861,1,61.41
1624984910.964,0,73.24
1624984910.968,1,68.86
1624984911.073,0,115.5
1624984911.076,1,107.62
1624984911.179,0,49.62
1624984911.182,1,72.02
1624984911.285,0,49.29
1624984911.288,1,55.44
1624984911.395,0,48.74
1624984911.399,1,56.75
1624984911.503,0,48.07
1624984911.506,1,66.35
1624984911.609,0,49.99
1624984911.615,1,79.86
1624984911.718,0,54.21
1624984911.721,1,59.61
1624984911.824,0,57.32
1624984911.828,1,58.54
1624984911.931,0,72.0
1624984911.936,1,70.9
1624984912.039,0,113.65
1624984912.042,1,119.26
1624984912.145,0,49.83
1624984912.148,1,67.3
1624984912.251,0,49.58
1624984912.257,1,54.28
1624984912.36,0,49.13
1624984912.363,1,55.9
1624984912.467,0,47.81
1624984912.47,1,61.09
1624984912.573,0,49.1
1624984912.577,1,71.37
1624984912.68,0,53.45
1624984912.683,1,65.45
1624984912.786,0,61.79
1624984912.79,1,61.76
1624984912.893,0,68.08
1624984912.899,1,68.07
1624984913.002,0,113.66
1624984913.005,1,104.99
1624984913.108,0,49.63
1624984913.111,1,81.35
1624984913.214,0,49.54
1624984913.219,1,55.34
1624984913.323,0,48.49
1624984913.326,1,56.88
1624984913.429,0,48.66
1624984913.432,1,71.02
1624984913.535,0,50.93
1624984913.54,1,92.75
1624984913.643,0,54.42
1624984913.646,1,61.65
1624984913.749,0,56.43
1624984913.753,1,57.74
1624984913.856,0,63.58
1624984913.861,1,63.66
1624984913.964,0,100.37
1624984913.968,1,94.91
1624984914.071,0,77.73
1624984914.074,1,100.17
1624984914.176,0,49.49
1624984914.182,1,54.83
1624984914.286,0,49.11
1624984914.289,1,55.18
1624984914.392,0,48.36
1624984914.395,1,58.48
1624984914.499,0,48.94
1624984914.503,1,74.97
1624984914.606,0,53.98
1624984914.609,1,66.41
1624984914.712,0,60.0
1624984914.715,1,60.72
1624984914.818,0,81.27
1624984914.825,1,79.06
1624984914.927,0,99.03
1624984914.93,1,118.75
1624984915.033,0,49.8
1624984915.036,1,54.63
1624984915.139,0,49.39
1624984915.145,1,55.82
1624984915.248,0,47.85
1624984915.251,1,61.2
1624984915.355,0,49.57
1624984915.357,1,82.32
1624984915.46,0,51.79
1624984915.465,1,87.85
1624984915.568,0,56.38
1624984915.572,1,57.9
1624984915.675,0,64.93
1624984915.678,1,66.9
1624984915.781,0,74.13
1624984915.787,1,74.73
1624984915.89,0,80.19
1624984915.892,1,104.2
1624984915.995,0,49.71
1624984915.998,1,54.46
1624984916.102,0,49.54
1624984916.107,1,54.85
1624984916.21,0,48.87
1624984916.213,1,55.92
1624984916.317,0,48.36
1624984916.32,1,63.43
1624984916.423,0,50.42
1624984916.428,1,95.08
1624984916.531,0,54.76
1624984916.534,1,56.34
1624984916.639,0,67.33
1624984916.642,1,66.36
1624984916.745,0,94.03
1624984916.749,1,89.52
1624984916.852,0,68.05
1624984916.855,1,88.25
1624984916.958,0,49.58
1624984916.961,1,54.51
1624984917.065,0,49.14
1624984917.07,1,55.53
1624984917.174,0,48.13
1624984917.177,1,59.18
1624984917.28,0,48.26
1624984917.283,1,65.31
1624984917.386,0,54.95
1624984917.391,1,58.45
1624984917.494,0,75.69
1624984917.498,1,74.68
1624984917.601,0,96.63
1624984917.604,1,93.18
1624984917.707,0,67.09
1624984917.712,1,90.75
1624984917.814,0,49.71
1624984917.817,1,55.03
1624984917.921,0,49.49
1624984917.924,1,55.19
1624984918.027,0,48.74
1624984918.032,1,56.28
1624984918.136,0,47.78
1624984918.139,1,59.31
1624984918.242,0,49.63
1624984918.245,1,85.49
1624984918.348,0,55.19
1624984918.354,1,63.57
1624984918.457,0,60.28
1624984918.46,1,60.92
1624984918.563,0,72.05
1624984918.567,1,72.08
1624984918.67,0,100.29
1624984918.675,1,96.67
1624984918.778,0,49.64
1624984918.781,1,68.75
1624984918.884,0,49.45
1624984918.887,1,55.16
1624984918.99,0,46.78
1624984918.996,1,48.74
1624984919.099,0,49.18
1624984919.102,1,76.77
1624984919.204,0,54.28
1624984919.208,1,65.21
1624984919.311,0,57.12
1624984919.318,1,57.85
1624984919.421,0,67.51
1624984919.425,1,67.02
1624984919.528,0,108.03
1624984919.531,1,92.9
1624984919.637,0,60.1
1624984919.64,1,89.51
1624984919.742,0,49.53
1624984919.745,1,54.75
1624984919.849,0,48.97
1624984919.851,1,55.69
1624984919.958,0,47.71
1624984919.961,1,61.64
1624984920.064,0,50.58
1624984920.067,1,87.99
1624984920.17,0,56.13
1624984920.173,1,57.07
1624984920.278,0,62.61
1624984920.282,1,62.56
1624984920.385,0,91.03
1624984920.388,1,87.95
1624984920.491,0,93.01
1624984920.494,1,116.38
1624984920.599,0,49.54
1624984920.602,1,54.47
1624984920.705,0,48.38
1624984920.708,1,56.78
1624984920.812,0,48.16
1624984920.815,1,65.71
1624984920.92,0,50.11
1624984920.924,1,80.8
1624984921.027,0,52.13
1624984921.03,1,82.42
1624984921.133,0,58.12
1624984921.136,1,58.34
1624984921.241,0,61.88
1624984921.244,1,62.5
1624984921.347,0,67.1
1624984921.351,1,67.29
1624984921.454,0,116.08
1624984921.457,1,115.0
1624984921.562,0,49.67
1624984921.564,1,54.77
1624984921.668,0,49.19
1624984921.671,1,54.99
1624984921.774,0,48.48
1624984921.777,1,58.02
1624984921.883,0,48.33
1624984921.886,1,65.59
1624984921.989,0,50.7
1624984921.992,1,89.44
1624984922.096,0,55.51
1624984922.1,1,58.79
1624984922.204,0,57.0
1624984922.207,1,58.6
1624984922.31,0,91.02
1624984922.314,1,86.27
1624984922.418,0,89.94
1624984922.421,1,111.46
1624984922.525,0,49.54
1624984922.528,1,54.2
1624984922.631,0,48.87
1624984922.634,1,55.51
1624984922.738,0,48.42
1624984922.74,1,64.94
1624984922.846,0,49.72
1624984922.849,1,77.83
1624984922.952,0,53.99
1624984922.955,1,73.52
1624984923.058,0,57.27
1624984923.061,1,57.68
1624984923.166,0,61.84
1624984923.17,1,62.0
1624984923.273,0,83.39
1624984923.276,1,82.02
1624984923.379,0,94.44
1624984923.382,1,119.47
1624984923.487,0,49.61
1624984923.49,1,55.01
1624984923.593,0,48.94
1624984923.596,1,55.61
1624984923.7,0,47.97
1624984923.703,1,59.69
1624984923.808,0,48.97
1624984923.811,1,71.29
1624984923.914,0,54.47
1624984923.917,1,62.83
1624984924.02,0,63.88
1624984924.024,1,62.73
1624984924.129,0,75.94
1624984924.132,1,75.51
1624984924.235,0,96.87
1624984924.238,1,92.44
1624984924.341,0,49.48
1624984924.344,1,55.09
1624984924.45,0,48.97
1624984924.452,1,55.68
1624984924.556,0,48.31
1624984924.559,1,57.84
1624984924.662,0,48.83
1624984924.665,1,70.04
1624984924.771,0,53.67
1624984924.774,1,66.07
1624984924.877,0,59.21
1624984924.88,1,59.83
1624984924.983,0,75.6
1624984924.987,1,72.43
1624984925.091,0,98.24
1624984925.095,1,94.43
1624984925.198,0,55.9
1624984925.201,1,81.69
1624984925.304,0,49.42
1624984925.306,1,54.84
1624984925.413,0,49.1
1624984925.416,1,55.53
1624984925.519,0,48.01
1624984925.522,1,59.33
1624984925.626,0,48.74
1624984925.629,1,67.77
1624984925.733,0,51.9
1624984925.736,1,73.53
1624984925.839,0,58.27
1624984925.843,1,59.79
1624984925.946,0,76.06
1624984925.949,1,70.57
1624984926.054,0,115.14
1624984926.057,1,124.28
1624984926.16,0,49.61
1624984926.163,1,54.51
1624984926.266,0,49.31
1624984926.269,1,55.2
1624984926.376,0,47.94
1624984926.378,1,59.92
1624984926.482,0,48.0
1624984926.485,1,64.15
1624984926.588,0,49.94
1624984926.591,1,82.9
1624984926.696,0,53.41
1624984926.699,1,63.11
1624984926.802,0,60.17
1624984926.806,1,61.1
1624984926.909,0,69.76
1624984926.912,1,67.75
1624984927.017,0,72.76
1624984927.02,1,72.42
1624984927.123,0,91.37
1624984927.126,1,113.24
1624984927.229,0,49.57
1624984927.232,1,54.4
1624984927.338,0,49.13
1624984927.341,1,55.4
1624984927.445,0,48.42
1624984927.448,1,57.34
1624984927.551,0,48.47
1624984927.554,1,69.55
1624984927.659,0,53.64
1624984927.662,1,65.16
1624984927.765,0,59.15
1624984927.768,1,60.65
1624984927.871,0,68.33
1624984927.875,1,67.55
1624984927.979,0,123.96
1624984927.982,1,129.54
1624984928.085,0,49.7
1624984928.088,1,54.63
1624984928.191,0,49.38
1624984928.194,1,55.01
1624984928.301,0,48.62
1624984928.304,1,56.52
1624984928.407,0,48.42
1624984928.41,1,64.02
1624984928.513,0,49.94
1624984928.516,1,79.2
1624984928.621,0,52.06
1624984928.626,1,65.38
1624984928.729,0,58.37
1624984928.732,1,59.38
1624984928.835,0,106.06
1624984928.838,1,95.44
1624984928.942,0,87.45
1624984928.951,1,108.5
1624984929.054,0,49.71
1624984929.056,1,74.19
1624984929.163,0,49.38
1624984929.166,1,55.16
1624984929.269,0,48.46
1624984929.272,1,58.31
1624984929.376,0,48.07
1624984929.378,1,65.85
1624984929.484,0,52.01
1624984929.487,1,80.4
1624984929.59,0,55.83
1624984929.594,1,57.22
1624984929.697,0,60.56
1624984929.7,1,60.96
1624984929.804,0,100.2
1624984929.808,1,94.78
1624984929.911,0,93.03
1624984929.916,1,109.48
1624984930.018,0,49.7
1624984930.021,1,54.84
1624984930.126,0,49.35
1624984930.129,1,55.54
1624984930.232,0,47.9
1624984930.235,1,60.03
1624984930.338,0,49.85
1624984930.341,1,72.29
1624984930.446,0,53.16
1624984930.449,1,68.33
1624984930.552,0,58.5
1624984930.555,1,59.72
1624984930.658,0,66.89
1624984930.667,1,67.75
1624984930.769,0,98.77
1624984930.773,1,95.12
1624984930.876,0,58.97
1624984930.879,1,97.19
1624984930.982,0,49.51
1624984930.988,1,55.0
1624984931.091,0,48.82
1624984931.094,1,55.74
1624984931.198,0,48.26
1624984931.2,1,65.06
1624984931.303,0,51.57
1624984931.306,1,91.79
1624984931.409,0,55.07
1624984931.414,1,63.34
1624984931.519,0,61.64
1624984931.522,1,62.1
1624984931.625,0,80.29
1624984931.628,1,76.68
1624984931.731,0,75.78
1624984931.734,1,95.95
1624984931.837,0,49.67
1624984931.84,1,54.31
1624984931.944,0,49.3
1624984931.946,1,55.02
1624984932.051,0,48.74
1624984932.054,1,56.78
1624984932.157,0,48.23
1624984932.16,1,63.16
1624984932.263,0,50.27
1624984932.266,1,76.42
1624984932.371,0,53.03
1624984932.374,1,70.49
1624984932.477,0,57.12
1624984932.481,1,58.32
1624984932.584,0,81.44
1624984932.587,1,75.35
1624984932.692,0,112.24
1624984932.698,1,130.74
1624984932.801,0,49.56
1624984932.804,1,54.73
1624984932.907,0,49.31
1624984932.91,1,55.22
1624984933.013,0,48.05
1624984933.017,1,59.58
1624984933.122,0,48.66
1624984933.124,1,68.25
1624984933.227,0,50.92
1624984933.23,1,93.97
1624984933.334,0,59.45
1624984933.337,1,60.45
1624984933.44,0,79.77
1624984933.444,1,76.64
1624984933.547,0,110.83
1624984933.551,1,109.67
1624984933.655,0,49.81
1624984933.658,1,62.43
1624984933.761,0,49.48
1624984933.764,1,54.8
1624984933.867,0,48.68
1624984933.87,1,56.11
1624984933.977,0,47.78
1624984933.98,1,60.48
1624984934.083,0,48.98
1624984934.086,1,77.72
1624984934.189,0,54.66
1624984934.192,1,65.82
1624984934.297,0,62.28
1624984934.3,1,63.09
1624984934.403,0,86.18
1624984934.408,1,80.85
1624984934.511,0,94.36
1624984934.514,1,117.99
1624984934.617,0,49.5
1624984934.62,1,54.81
1624984934.726,0,48.71
1624984934.728,1,56.41
1624984934.832,0,47.97
1624984934.84,1,59.99
1624984934.943,0,48.84
1624984934.946,1,72.72
1624984935.049,0,53.48
1624984935.052,1,66.73
1624984935.155,0,59.46
1624984935.158,1,60.3
1624984935.261,0,74.14
1624984935.265,1,73.29
1624984935.368,0,100.67
1624984935.371,1,95.15
1624984935.474,0,52.25
1624984935.477,1,82.3
1624984935.58,0,49.51
1624984935.583,1,55.03
1624984935.687,0,49.06
1624984935.689,1,56.31
1624984935.793,0,48.07
1624984935.796,1,58.82
1624984935.901,0,49.01
1624984935.904,1,80.27
1624984936.007,0,53.21
1624984936.01,1,69.41
1624984936.113,0,57.45
1624984936.117,1,58.08
1624984936.222,0,65.68
1624984936.225,1,65.01
1624984936.33,0,73.7
1624984936.334,1,70.26
1624984936.437,0,74.96
1624984936.439,1,99.66
1624984936.543,0,49.57
1624984936.546,1,54.22
1624984936.65,0,49.13
1624984936.653,1,55.25
1624984936.757,0,48.74
1624984936.761,1,55.95
1624984936.865,0,48.62
1624984936.868,1,72.03
1624984936.97,0,52.16
1624984936.973,1,87.72
1624984937.076,0,57.02
1624984937.08,1,57.78
1624984937.185,0,60.15
1624984937.194,1,60.99
1624984937.297,0,64.5
1624984937.3,1,62.45
1624984937.406,0,122.95
1624984937.408,1,123.96
1624984937.511,0,49.64
1624984937.514,1,56.55
1624984937.618,0,49.45
1624984937.621,1,54.94
1624984937.727,0,48.97
1624984937.73,1,55.93
1624984937.835,0,48.36
1624984937.838,1,65.6
1624984937.94,0,50.68
1624984937.946,1,86.69
1624984938.049,0,55.44
1624984938.052,1,57.13
1624984938.155,0,56.74
1624984938.159,1,58.82
1624984938.262,0,79.22
1624984938.265,1,75.74
1624984938.369,0,99.32
1624984938.372,1,114.53
1624984938.474,0,49.64
1624984938.477,1,54.66
1624984938.581,0,49.28
1624984938.584,1,54.98
1624984938.69,0,48.58
1624984938.693,1,56.91
1624984938.796,0,48.19
1624984938.799,1,63.31
1624984938.902,0,50.75
1624984938.905,1,85.73
1624984939.011,0,54.95
1624984939.014,1,63.7
1624984939.117,0,60.18
1624984939.12,1,60.79
1624984939.223,0,68.37
1624984939.227,1,66.92
1624984939.331,0,99.58
1624984939.335,1,91.59
1624984939.439,0,68.7
1624984939.442,1,92.06
1624984939.545,0,49.48
1624984939.548,1,54.8
1624984939.653,0,48.98
1624984939.656,1,55.15
1624984939.76,0,48.16
1624984939.762,1,66.13
1624984939.865,0,51.43
1624984939.868,1,89.67
1624984939.973,0,55.94
1624984939.976,1,57.55
1624984940.079,0,60.05
1624984940.083,1,60.39
1624984940.186,0,87.74
1624984940.189,1,78.78
1624984940.294,0,95.44
1624984940.297,1,101.54
1624984940.4,0,49.59
1624984940.403,1,54.59
1624984940.506,0,49.35
1624984940.509,1,54.7
1624984940.615,0,48.39
1624984940.618,1,57.62
1624984940.721,0,48.53
1624984940.724,1,71.6
1624984940.827,0,51.98
1624984940.83,1,91.48
1624984940.936,0,56.54
1624984940.939,1,57.72
1624984941.043,0,63.58
1624984941.046,1,64.16
1624984941.149,0,110.53
1624984941.152,1,99.72
1624984941.257,0,49.61
1624984941.26,1,65.03
1624984941.363,0,49.65
1624984941.366,1,55.27
1624984941.469,0,48.9
1624984941.472,1,55.86
1624984941.578,0,48.16
1624984941.581,1,63.4
1624984941.684,0,52.88
1624984941.687,1,79.68
1624984941.79,0,56.39
1624984941.793,1,57.38
1624984941.899,0,61.38
1624984941.902,1,62.19
1624984942.005,0,76.26
1624984942.008,1,73.5
1624984942.111,0,95.95
1624984942.115,1,118.66
1624984942.219,0,49.69
1624984942.222,1,55.11
1624984942.326,0,49.38
1624984942.329,1,55.15
1624984942.432,0,48.29
1624984942.435,1,56.91
1624984942.54,0,48.52
1624984942.543,1,70.21
1624984942.646,0,51.19
1624984942.649,1,79.75
1624984942.752,0,56.64
1624984942.756,1,57.67
1624984942.861,0,61.24
1624984942.865,1,62.07
1624984942.968,0,75.14
1624984942.971,1,73.35
1624984943.074,0,107.34
1624984943.077,1,129.03
1624984943.182,0,49.62
1624984943.185,1,54.73
1624984943.288,0,48.74
1624984943.291,1,55.69
1624984943.394,0,48.07
1624984943.397,1,60.1
1624984943.503,0,49.29
1624984943.506,1,80.71
1624984943.609,0,54.58
1624984943.612,1,63.53
1624984943.715,0,54.64
1624984943.72,1,56.47
1624984943.824,0,66.72
1624984943.828,1,67.02
1624984943.93,0,100.04
1624984943.934,1,92.49
1624984944.037,0,80.2
1624984944.04,1,111.58
1624984944.144,0,49.54
1624984944.147,1,55.16
1624984944.251,0,48.9
1624984944.254,1,55.7
1624984944.357,0,48.23
1624984944.36,1,57.85
1624984944.466,0,49.7
1624984944.469,1,75.22
1624984944.571,0,54.31
1624984944.575,1,61.37
1624984944.678,0,57.83
1624984944.681,1,58.29
1624984944.786,0,65.62
1624984944.79,1,65.76
1624984944.893,0,99.48
1624984944.896,1,93.78
1624984944.999,0,65.77
1624984945.002,1,103.36
1624984945.107,0,49.41
1624984945.11,1,54.91
1624984945.214,0,49.07
1624984945.217,1,55.37
1624984945.32,0,48.58
1624984945.325,1,56.76
1624984945.429,0,48.11
1624984945.432,1,66.68
1624984945.535,0,52.36
1624984945.538,1,68.49
1624984945.641,0,57.41
1624984945.644,1,57.95
1624984945.749,0,65.49
1624984945.753,1,65.25
1624984945.856,0,102.67
1624984945.859,1,96.22
1624984945.962,0,55.68
1624984945.965,1,87.29
1624984946.07,0,49.67
1624984946.073,1,54.91
1624984946.177,0,48.94
1624984946.18,1,54.92
1624984946.283,0,47.91
1624984946.286,1,60.22
1624984946.391,0,49.0
1624984946.394,1,77.3
1624984946.497,0,55.85
1624984946.501,1,57.13
1624984946.604,0,59.26
1624984946.607,1,59.28
1624984946.712,0,82.07
1624984946.715,1,77.83
1624984946.818,0,102.4
1624984946.821,1,106.08
1624984946.924,0,49.74
1624984946.929,1,71.14
1624984947.033,0,49.38
1624984947.036,1,55.27
1624984947.139,0,48.94
1624984947.142,1,56.09
1624984947.246,0,48.12
1624984947.249,1,61.24
1624984947.354,0,50.01
1624984947.357,1,78.27
1624984947.46,0,55.06
1624984947.463,1,61.79
1624984947.566,0,62.78
1624984947.569,1,61.8
1624984947.675,0,87.57
1624984947.678,1,85.63
1624984947.781,0,81.06
1624984947.784,1,104.04
1624984947.887,0,49.61
1624984947.89,1,55.1
1624984947.996,0,49.19
1624984947.999,1,55.65
1624984948.102,0,48.33
1624984948.105,1,58.24
1624984948.208,0,48.68
1624984948.211,1,66.25
1624984948.316,0,51.78
1624984948.319,1,82.11
1624984948.422,0,61.45
1624984948.426,1,61.61
1624984948.529,0,63.17
1624984948.533,1,62.6
1624984948.637,0,89.08
1624984948.641,1,85.89
1624984948.744,0,78.45
1624984948.747,1,98.71
1624984948.85,0,49.57
1624984948.853,1,54.99
1624984948.958,0,49.38
1624984948.961,1,55.16
1624984949.065,0,48.82
1624984949.068,1,56.52
1624984949.171,0,48.09
1624984949.174,1,63.54
1624984949.279,0,50.18
1624984949.282,1,90.24
1624984949.385,0,54.38
1624984949.388,1,56.46
1624984949.491,0,69.69
1624984949.494,1,66.58
1624984949.6,0,73.11
1624984949.603,1,72.67
1624984949.706,0,97.8
1624984949.71,1,97.89
1624984949.813,0,49.76
1624984949.815,1,78.81
1624984949.921,0,49.49
1624984949.924,1,55.1
1624984950.027,0,48.93
1624984950.03,1,55.88
1624984950.134,0,47.85
1624984950.137,1,62.31
1624984950.242,0,50.18
1624984950.245,1,80.95
1624984950.348,0,53.46
1624984950.351,1,65.37
1624984950.454,0,60.72
1624984950.458,1,59.76
1624984950.563,0,86.97
1624984950.566,1,82.96
1624984950.669,0,57.82
1624984950.672,1,84.74
1624984950.775,0,49.54
1624984950.778,1,54.38
1624984950.885,0,49.42
1624984950.888,1,55.48
1624984950.991,0,48.6
1624984950.994,1,57.58
1624984951.098,0,47.97
1624984951.101,1,63.27
1624984951.205,0,51.27
1624984951.208,1,88.98
1624984951.311,0,54.02
1624984951.314,1,57.55
1624984951.417,0,61.62
1624984951.421,1,60.72
1624984951.525,0,84.46
1624984951.529,1,82.31
1624984951.632,0,78.6
1624984951.635,1,97.19
1624984951.738,0,49.61
1624984951.741,1,54.72
1624984951.846,0,49.24
1624984951.849,1,55.25
1624984951.953,0,47.59
1624984951.956,1,60.13
1624984952.059,0,49.69
1624984952.062,1,81.7
1624984952.168,0,54.54
1624984952.171,1,56.42
1624984952.275,0,65.49
1624984952.278,1,65.2
1624984952.381,0,87.93
1624984952.385,1,82.27
1624984952.489,0,74.15
1624984952.491,1,99.13
1624984952.594,0,49.35
1624984952.597,1,54.87
1624984952.701,0,48.95
1624984952.704,1,55.91
1624984952.809,0,47.75
1624984952.812,1,60.59
1624984952.916,0,48.94
1624984952.918,1,70.28
1624984953.021,0,51.98
1624984953.024,1,89.65
1624984953.13,0,53.53
1624984953.134,1,61.16
1624984953.236,0,61.33
1624984953.24,1,61.59
1624984953.343,0,90.76
1624984953.346,1,82.19
1624984953.451,0,94.36
1624984953.453,1,112.64
1624984953.556,0,49.48
1624984953.559,1,54.59
1624984953.663,0,49.16
1624984953.665,1,54.84
1624984953.773,0,47.74
1624984953.776,1,59.77
1624984953.879,0,49.0
1624984953.882,1,77.28
1624984953.985,0,54.96
1624984953.988,1,68.96
1624984954.093,0,57.98
1624984954.096,1,59.69
1624984954.199,0,72.69
1624984954.203,1,70.46
1624984954.306,0,111.39
1624984954.309,1,111.62
1624984954.413,0,49.61
1624984954.416,1,54.25
1624984954.52,0,49.54
1624984954.522,1,54.96
1624984954.626,0,49.26
1624984954.629,1,54.57
1624984954.735,0,48.49
1624984954.738,1,56.58
1624984954.841,0,47.94
1624984954.844,1,65.25
1624984954.947,0,49.62
1624984954.95,1,79.6
1624984955.055,0,54.29
1624984955.059,1,63.34
1624984955.162,0,60.48
1624984955.165,1,61.02
1624984955.268,0,94.14
1624984955.272,1,82.72
1624984955.378,0,85.94
1624984955.381,1,101.41
1624984955.484,0,49.69
1624984955.487,1,54.53
1624984955.59,0,49.29
1624984955.593,1,55.01
1624984955.699,0,48.83
1624984955.702,1,56.86
1624984955.805,0,48.32
1624984955.808,1,69.88
1624984955.911,0,52.64
1624984955.914,1,94.29
1624984956.019,0,55.71
1624984956.022,1,57.51
1624984956.125,0,64.26
1624984956.128,1,64.49
1624984956.231,0,94.64
1624984956.235,1,85.88
1624984956.34,0,78.86
1624984956.342,1,97.9
1624984956.445,0,49.65
1624984956.449,1,54.69
1624984956.553,0,49.09
1624984956.555,1,55.1
1624984956.661,0,48.87
1624984956.664,1,56.66
1624984956.767,0,48.76
1624984956.77,1,69.75
1624984956.874,0,51.37
1624984956.877,1,82.42
1624984956.983,0,54.44
1624984956.987,1,64.84
1624984957.09,0,58.7
1624984957.093,1,59.52
1624984957.196,0,64.76
1624984957.202,1,66.11
1624984957.305,0,95.41
1624984957.308,1,90.86
1624984957.411,0,59.2
1624984957.414,1,86.57
1624984957.517,0,49.59
1624984957.523,1,54.99
1624984957.626,0,49.1
1624984957.629,1,55.36
1624984957.732,0,48.13
1624984957.735,1,68.28
1624984957.838,0,56.57
1624984957.843,1,58.37
1624984957.946,0,77.29
1624984957.95,1,75.21
1624984958.053,0,80.44
1624984958.056,1,100.7
1624984958.158,0,49.54
1624984958.164,1,54.78
1624984958.268,0,48.79
1624984958.27,1,55.15
1624984958.374,0,47.88
1624984958.377,1,63.82
1624984958.48,0,50.6
1624984958.485,1,90.36
1624984958.589,0,54.15
1624984958.592,1,62.42
1624984958.695,0,58.46
1624984958.699,1,59.57
1624984958.802,0,79.73
1624984958.807,1,75.7
1624984958.91,0,98.44
1624984958.913,1,97.99
1624984959.016,0,49.66
1624984959.019,1,54.43
1624984959.122,0,49.29
1624984959.127,1,55.09
1624984959.231,0,47.78
1624984959.233,1,57.9
1624984959.337,0,49.27
1624984959.34,1,72.25
1624984959.443,0,51.81
1624984959.448,1,72.18
1624984959.551,0,58.73
1624984959.554,1,59.35
1624984959.657,0,81.75
1624984959.661,1,77.48
1624984959.764,0,100.83
1624984959.769,1,97.81
1624984959.872,0,52.19
1624984959.875,1,85.03
1624984959.978,0,49.46
1624984959.981,1,54.76
1624984960.084,0,48.33
1624984960.09,1,57.22
1624984960.194,0,48.33
1624984960.197,1,72.22
1624984960.3,0,53.57
1624984960.302,1,66.53
1624984960.405,0,54.56
1624984960.411,1,56.44
1624984960.515,0,62.56
1624984960.518,1,63.61
1624984960.621,0,83.58
1624984960.625,1,79.94
1624984960.728,0,49.64
1624984960.732,1,71.9
1624984960.836,0,49.44
1624984960.839,1,54.65
1624984960.942,0,48.77
1624984960.945,1,54.56
1624984961.049,0,47.9
1624984961.052,1,64.46
1624984961.158,0,53.54
1624984961.163,1,64.8
1624984961.266,0,61.56
1624984961.269,1,61.83
1624984961.372,0,86.78
1624984961.376,1,79.63
1624984961.48,0,50.03
1624984961.483,1,84.97
1624984961.586,0,49.51
1624984961.589,1,54.76
1624984961.692,0,48.33
1624984961.695,1,57.41
1624984961.799,0,48.97
1624984961.801,1,64.55
1624984961.908,0,50.89
1624984961.911,1,91.46
1624984962.014,0,56.01
1624984962.017,1,57.42
1624984962.12,0,65.57
1624984962.124,1,64.44
1624984962.228,0,112.51
1624984962.232,1,105.21
1624984962.335,0,49.55
1624984962.338,1,56.43
1624984962.441,0,49.16
1624984962.444,1,54.82
1624984962.547,0,47.78
1624984962.55,1,62.19
1624984962.653,0,52.4
1624984962.657,1,90.3
1624984962.76,0,56.07
1624984962.763,1,57.17
1624984962.866,0,69.94
1624984962.87,1,67.16
1624984962.975,0,108.28
1624984962.979,1,100.49
1624984963.082,0,49.68
1624984963.085,1,65.32
1624984963.188,0,49.45
1624984963.191,1,54.37
1624984963.294,0,48.93
1624984963.298,1,55.11
1624984963.402,0,47.75
1624984963.405,1,62.82
1624984963.508,0,50.37
1624984963.511,1,82.32
1624984963.614,0,55.37
1624984963.62,1,68.55
1624984963.727,0,58.46
1624984963.731,1,59.25
1624984963.833,0,82.69
1624984963.837,1,78.84
1624984963.94,0,76.37
1624984963.943,1,93.89
1624984964.046,0,49.48
1624984964.049,1,54.61
1624984964.152,0,48.68
1624984964.155,1,55.34
1624984964.259,0,48.23
1624984964.261,1,70.35
1624984964.364,0,53.42
1624984964.367,1,65.55
1624984964.47,0,59.47
1624984964.474,1,59.83
1624984964.578,0,62.95
1624984964.583,1,63.11
1624984964.686,0,95.95
1624984964.69,1,91.85
1624984964.793,0,49.61
1624984964.796,1,61.29
1624984964.899,0,49.45
1624984964.903,1,54.88
1624984965.007,0,49.03
1624984965.01,1,54.92
1624984965.113,0,48.16
1624984965.116,1,67.23
1624984965.219,0,50.78
1624984965.224,1,83.02
1624984965.33,0,53.26
1624984965.333,1,71.81
1624984965.436,0,57.88
1624984965.439,1,58.49
1624984965.542,0,64.08
1624984965.546,1,64.65
1624984965.649,0,78.13
1624984965.652,1,66.91
1624984965.761,0,101.98
1624984965.766,1,102.93
1624984965.869,0,49.65
1624984965.872,1,53.9
1624984965.975,0,49.48
1624984965.978,1,55.3
1624984966.081,0,48.95
1624984966.087,1,55.56
1624984966.19,0,47.75
1624984966.193,1,62.26
1624984966.296,0,49.92
1624984966.299,1,86.2
1624984966.402,0,53.22
1624984966.408,1,82.78
1624984966.513,0,55.62
1624984966.516,1,56.82
1624984966.619,0,61.66
1624984966.623,1,62.41
1624984966.726,0,76.57
1624984966.729,1,77.32
1624984966.832,0,49.51
1624984966.835,1,75.25
1624984966.94,0,49.45
1624984966.943,1,55.04
1624984967.047,0,49.09
1624984967.049,1,56.4
1624984967.153,0,46.72
1624984967.155,1,48.67
1624984967.258,0,47.88
1624984967.261,1,63.83
1624984967.364,0,49.62
1624984967.37,1,93.22
1624984967.473,0,55.25
1624984967.478,1,56.34
1624984967.581,0,65.82
1624984967.585,1,65.6
1624984967.687,0,96.08
1624984967.692,1,89.61
1624984967.796,0,85.39
1624984967.799,1,103.88
1624984967.902,0,49.64
1624984967.905,1,54.28
1624984968.008,0,48.9
1624984968.012,1,55.95
1624984968.116,0,48.07
1624984968.119,1,62.27
1624984968.222,0,50.37
1624984968.225,1,78.06
1624984968.329,0,55.11
1624984968.333,1,57.71
1624984968.436,0,58.58
1624984968.44,1,58.72
1624984968.543,0,88.42
1624984968.546,1,83.64
1624984968.649,0,91.72
1624984968.654,1,116.0
1624984968.758,0,49.65
1624984968.761,1,54.38
1624984968.865,0,49.35
1624984968.868,1,55.34
1624984968.971,0,47.75
1624984968.975,1,62.03
1624984969.078,0,48.96
1624984969.082,1,73.78
1624984969.189,0,52.64
1624984969.191,1,79.33
1624984969.294,0,58.06
1624984969.298,1,59.16
1624984969.401,0,68.11
1624984969.404,1,66.59
1624984969.507,0,115.19
1624984969.51,1,121.19
1624984969.613,0,49.73
1624984969.617,1,54.17
1624984969.72,0,49.57
1624984969.724,1,54.69
1624984969.827,0,48.7
1624984969.83,1,56.68
1624984969.933,0,48.13
1624984969.938,1,64.88
1624984970.041,0,51.26
1624984970.044,1,80.24
1624984970.152,0,54.76
1624984970.155,1,62.65
1624984970.258,0,57.95
1624984970.262,1,59.08
1624984970.364,0,83.33
1624984970.368,1,80.72
1624984970.471,0,72.88
1624984970.474,1,93.58
1624984970.577,0,49.67
1624984970.58,1,54.6
1624984970.683,0,49.1
1624984970.688,1,55.17
1624984970.791,0,47.69
1624984970.794,1,59.47
1624984970.899,0,49.57
1624984970.902,1,86.36
1624984971.005,0,55.28
1624984971.008,1,57.18
1624984971.111,0,67.15
1624984971.114,1,67.14
1624984971.217,0,80.54
1624984971.222,1,78.57
1624984971.325,0,102.2
1624984971.328,1,119.89
1624984971.431,0,49.64
1624984971.434,1,54.59
1624984971.537,0,49.35
1624984971.543,1,55.34
1624984971.646,0,48.1
1624984971.649,1,58.52
1624984971.752,0,49.25
1624984971.755,1,81.74
1624984971.86,0,55.25
1624984971.864,1,56.66
1624984971.967,0,61.33
1624984971.971,1,61.5
1624984972.074,0,76.26
1624984972.078,1,73.96
1624984972.18,0,91.69
1624984972.184,1,106.94
1624984972.287,0,49.64
1624984972.292,1,54.28
1624984972.395,0,49.16
1624984972.398,1,55.53
1624984972.502,0,48.34
1624984972.506,1,58.75
1624984972.609,0,48.86
1624984972.612,1,73.78
1624984972.715,0,52.29
1624984972.718,1,75.58
1624984972.821,0,56.42
1624984972.827,1,58.12
1624984972.93,0,60.07
1624984972.933,1,60.39
1624984973.036,0,95.57
1624984973.04,1,87.29
1624984973.143,0,100.95
1624984973.148,1,118.01
1624984973.251,0,49.51
1624984973.254,1,54.56
1624984973.357,0,49.13
1624984973.36,1,55.45
1624984973.465,0,48.46
1624984973.469,1,56.93
1624984973.572,0,48.51
1624984973.575,1,70.03
1624984973.678,0,53.24
1624984973.681,1,67.1
1624984973.784,0,54.25
1624984973.79,1,56.39
1624984973.893,0,63.97
1624984973.898,1,64.22
1624984974.001,0,92.89
1624984974.005,1,85.15
1624984974.109,0,83.61
1624984974.112,1,106.06
1624984974.215,0,49.57
1624984974.218,1,55.17
1624984974.321,0,49.32
1624984974.324,1,54.94
1624984974.43,0,48.94
1624984974.433,1,55.69
1624984974.537,0,48.36
1624984974.54,1,69.08
1624984974.643,0,50.09
1624984974.645,1,78.51
1624984974.751,0,52.01
1624984974.754,1,68.39
1624984974.857,0,59.92
1624984974.86,1,61.03
1624984974.963,0,61.35
1624984974.967,1,60.58
1624984975.072,0,84.0
1624984975.075,1,81.21
1624984975.178,0,87.69
1624984975.181,1,107.61
1624984975.284,0,49.66
1624984975.287,1,54.68
1624984975.393,0,49.22
1624984975.396,1,54.89
1624984975.499,0,48.17
1624984975.502,1,58.45
1624984975.605,0,49.18
1624984975.608,1,74.04
1624984975.714,0,53.52
1624984975.717,1,65.9
1624984975.82,0,55.65
1624984975.823,1,57.43
1624984975.926,0,76.31
1624984975.93,1,71.16
1624984976.034,0,89.76
1624984976.037,1,105.57
1624984976.14,0,49.7
1624984976.143,1,61.68
1624984976.246,0,49.38
1624984976.249,1,54.97
1624984976.353,0,48.9
1624984976.357,1,55.67
1624984976.461,0,48.12
1624984976.463,1,65.14
1624984976.566,0,50.72
1624984976.569,1,85.91
1624984976.672,0,53.37
1624984976.678,1,66.67
1624984976.781,0,61.95
1624984976.784,1,62.22
1624984976.887,0,69.21
1624984976.891,1,68.92
1624984976.994,0,92.75
1624984976.999,1,86.94
1624984977.102,0,49.54
1624984977.105,1,64.85
1624984977.208,0,49.41
1624984977.211,1,54.59
1624984977.314,0,48.46
1624984977.319,1,56.55
1624984977.423,0,48.33
1624984977.426,1,66.36
1624984977.529,0,52.15
1624984977.531,1,77.84
1624984977.634,0,55.16
1624984977.64,1,56.76
1624984977.743,0,64.39
1624984977.747,1,65.84
1624984977.85,0,91.77
1624984977.853,1,108.99
1624984977.956,0,49.29
1624984977.961,1,53.94
1624984978.064,0,47.22
1624984978.067,1,56.36
1624984978.17,0,52.14
1624984978.173,1,85.99
1624984978.276,0,55.2
1624984978.282,1,56.99
1624984978.385,0,94.0
1624984978.389,1,89.11
1624984978.492,0,49.6
1624984978.495,1,63.63
1624984978.598,0,48.58
1624984978.603,1,53.69
1624984978.706,0,47.86
1624984978.709,1,60.26
1624984978.812,0,53.26
1624984978.815,1,64.41
1624984978.918,0,66.46
1624984978.925,1,66.18
1624984979.028,0,103.12
1624984979.031,1,118.78
1624984979.133,0,49.48
1624984979.136,1,53.65
1624984979.24,0,47.49
1624984979.245,1,54.26
1624984979.348,0,48.58
1624984979.351,1,75.66
1624984979.454,0,53.59
1624984979.457,1,65.5
1624984979.56,0,58.54
1624984979.566,1,60.06
1624984979.668,0,68.81
1624984979.672,1,69.18
1624984979.775,0,88.23
1624984979.778,1,84.73
1624984979.881,0,80.94
1624984979.886,1,101.68
1624984979.989,0,49.59
1624984979.992,1,54.94
1624984980.096,0,49.38
1624984980.098,1,55.47
1624984980.202,0,49.03
1624984980.207,1,55.8
1624984980.311,0,47.53
1624984980.313,1,62.35
1624984980.417,0,49.92
1624984980.42,1,90.29
1624984980.523,0,55.38
1624984980.528,1,61.92
1624984980.631,0,61.16
1624984980.635,1,61.9
1624984980.738,0,73.22
1624984980.741,1,71.32
1624984980.844,0,118.49
1624984980.849,1,135.74
1624984980.952,0,49.61
1624984980.955,1,54.63
1624984981.059,0,49.13
1624984981.061,1,54.7
1624984981.165,0,48.62
1624984981.17,1,56.8
1624984981.273,0,48.87
1624984981.276,1,69.43
1624984981.379,0,51.88
1624984981.382,1,91.95
1624984981.485,0,56.03
1624984981.491,1,57.39
1624984981.594,0,61.34
1624984981.597,1,61.69
1624984981.7,0,72.36
1624984981.704,1,66.65
1624984981.81,0,101.54
1624984981.815,1,93.73
1624984981.918,0,78.03
1624984981.921,1,98.3
1624984982.025,0,49.67
1624984982.028,1,54.9
1624984982.131,0,49.35
1624984982.134,1,54.67
1624984982.238,0,48.39
1624984982.24,1,56.7
1624984982.344,0,47.94
1624984982.347,1,62.19
1624984982.452,0,53.33
1624984982.455,1,62.7
1624984982.558,0,63.51
1624984982.561,1,63.87
1624984982.664,0,81.68
1624984982.668,1,74.93
1624984982.772,0,90.17
1624984982.775,1,111.76
1624984982.878,0,49.49
1624984982.881,1,54.73
1624984982.986,0,49.19
1624984982.989,1,55.05
1624984983.094,0,47.88
1624984983.097,1,59.71
1624984983.2,0,49.29
1624984983.203,1,78.98
1624984983.306,0,55.87
1624984983.309,1,59.75
1624984983.414,0,59.57
1624984983.42,1,60.14
1624984983.523,0,60.98
1624984983.526,1,61.42
1624984983.629,0,113.73
1624984983.632,1,105.32
1624984983.735,0,65.92
1624984983.738,1,83.64
1624984983.841,0,49.57
1624984983.844,1,54.5
1624984983.947,0,49.13
1624984983.95,1,54.53
1624984984.056,0,48.57
1624984984.059,1,55.97
1624984984.163,0,48.42
1624984984.166,1,66.55
1624984984.269,0,54.15
1624984984.272,1,66.06
1624984984.377,0,58.76
1624984984.381,1,60.24
1624984984.484,0,89.71
1624984984.487,1,82.86
1624984984.591,0,82.31
1624984984.594,1,109.18
1624984984.698,0,49.62
1624984984.701,1,54.75
1624984984.804,0,49.06
1624984984.807,1,55.32
1624984984.911,0,47.72
1624984984.913,1,59.55
1624984985.019,0,49.05
1624984985.023,1,84.62
1624984985.125,0,53.47
1624984985.129,1,65.9
1624984985.232,0,59.29
1624984985.235,1,59.5
1624984985.34,0,64.86
1624984985.344,1,65.11
1624984985.447,0,82.1
1624984985.45,1,79.52
1624984985.553,0,91.05
1624984985.556,1,117.95
1624984985.661,0,49.64
1624984985.664,1,54.6
1624984985.767,0,49.35
1624984985.77,1,55.73
1624984985.873,0,48.45
1624984985.876,1,57.84
1624984985.982,0,48.33
1624984985.985,1,70.56
1624984986.088,0,50.61
1624984986.091,1,88.98
1624984986.195,0,54.12
1624984986.199,1,58.36
1624984986.303,0,56.77
1624984986.306,1,58.17
1624984986.409,0,71.75
1624984986.413,1,70.58
1624984986.516,0,100.48
1624984986.519,1,90.31
1624984986.624,0,77.75
1624984986.627,1,99.16
1624984986.73,0,49.51
1624984986.733,1,54.55
1624984986.836,0,49.22
1624984986.839,1,53.96
1624984986.945,0,49.11
1624984986.948,1,55.57
1624984987.051,0,48.04
1624984987.054,1,59.48
1624984987.157,0,49.26
1624984987.16,1,71.95
1624984987.265,0,53.18
1624984987.268,1,81.62
1624984987.371,0,55.35
1624984987.374,1,57.01
1624984987.477,0,59.36
1624984987.481,1,59.33
1624984987.586,0,95.22
1624984987.589,1,90.91
1624984987.692,0,58.04
1624984987.695,1,94.16
1624984987.8,0,49.45
1624984987.803,1,54.63
1624984987.908,0,48.53
1624984987.91,1,56.17
1624984988.014,0,48.51
1624984988.017,1,70.99
1624984988.12,0,53.84
1624984988.123,1,65.3
1624984988.228,0,59.15
1624984988.232,1,59.69
1624984988.335,0,78.3
1624984988.338,1,75.5
1624984988.441,0,101.6
1624984988.444,1,127.99
1624984988.549,0,49.52
1624984988.552,1,55.03
1624984988.655,0,48.71
1624984988.658,1,55.35
1624984988.762,0,48.17
1624984988.764,1,66.83
1624984988.87,0,50.12
1624984988.873,1,82.46
1624984988.976,0,55.38
1624984988.979,1,57.32
1624984989.082,0,62.14
1624984989.085,1,61.45
1624984989.191,0,101.98
1624984989.194,1,92.35
1624984989.297,0,52.66
1624984989.3,1,77.63
1624984989.403,0,49.5
1624984989.406,1,54.23
1624984989.512,0,48.99
1624984989.515,1,55.28
1624984989.618,0,48.01
1624984989.621,1,58.83
1624984989.725,0,49.19
1624984989.727,1,70.32
1624984989.832,0,54.89
1624984989.836,1,65.74
1624984989.938,0,58.15
1624984989.942,1,59.16
1624984990.045,0,75.96
1624984990.048,1,70.73
1624984990.153,0,102.66
1624984990.156,1,97.73
1624984990.259,0,59.03
1624984990.262,1,80.9
1624984990.365,0,49.58
1624984990.368,1,54.69
1624984990.474,0,49.06
1624984990.477,1,55.45
1624984990.581,0,47.73
1624984990.584,1,62.08
1624984990.687,0,49.99
1624984990.689,1,73.74
1624984990.795,0,52.03
1624984990.798,1,85.49
1624984990.901,0,54.29
1624984990.904,1,56.53
1624984991.007,0,57.25
1624984991.011,1,57.88
1624984991.116,0,71.93
1624984991.119,1,71.06
1624984991.222,0,107.75
1624984991.225,1,101.06
1624984991.328,0,63.04
1624984991.331,1,104.47
1624984991.437,0,49.51
1624984991.44,1,54.91
1624984991.543,0,48.9
1624984991.546,1,55.01
1624984991.65,0,47.84
1624984991.653,1,58.28
1624984991.758,0,49.77
1624984991.761,1,87.66
1624984991.863,0,55.23
1624984991.867,1,61.44
1624984991.97,0,58.22
1624984991.973,1,58.38
1624984992.078,0,102.24
1624984992.082,1,95.61
1624984992.185,0,88.3
1624984992.187,1,109.29
1624984992.29,0,49.48
1624984992.293,1,54.72
1624984992.399,0,48.92
1624984992.402,1,55.1
1624984992.506,0,47.69
1624984992.508,1,59.74
1624984992.612,0,49.32
1624984992.614,1,74.3
1624984992.72,0,53.43
1624984992.723,1,72.97
1624984992.826,0,55.62
1624984992.829,1,57.3
1624984992.932,0,64.69
1624984992.936,1,63.15
1624984993.041,0,98.86
1624984993.044,1,94.1
1624984993.147,0,72.97
1624984993.15,1,99.8
1624984993.253,0,49.34
1624984993.257,1,54.84
1624984993.362,0,48.78
1624984993.365,1,55.36
1624984993.469,0,48.18
1624984993.471,1,70.73
1624984993.574,0,51.66
1624984993.577,1,89.92
1624984993.683,0,55.57
1624984993.686,1,57.53
1624984993.79,0,60.39
1624984993.793,1,61.3
1624984993.896,0,79.94
1624984993.899,1,74.75
1624984994.004,0,99.03
1624984994.006,1,117.21
1624984994.109,0,49.61
1624984994.112,1,54.82
1624984994.216,0,49.22
1624984994.218,1,54.83
1624984994.325,0,48.71
1624984994.328,1,55.96
1624984994.432,0,48.51
1624984994.435,1,72.65
1624984994.538,0,53.62
1624984994.541,1,81.17
1624984994.646,0,57.65
1624984994.649,1,58.96
1624984994.752,0,66.34
1624984994.755,1,65.92
1624984994.858,0,82.26
1624984994.862,1,77.52
1624984994.967,0,49.61
1624984994.97,1,54.15
1624984995.073,0,49.19
1624984995.076,1,54.69
1624984995.179,0,48.42
1624984995.182,1,55.76
1624984995.288,0,47.99
1624984995.291,1,64.62
1624984995.394,0,51.69
1624984995.396,1,78.74
1624984995.499,0,56.28
1624984995.503,1,57.32
1624984995.609,0,64.32
1624984995.612,1,64.31
1624984995.715,0,102.18
1624984995.719,1,96.9
1624984995.822,0,69.16
1624984995.824,1,106.78
1624984995.93,0,49.57
1624984995.934,1,54.21
1624984996.037,0,49.0
1624984996.04,1,55.37
1624984996.144,0,47.65
1624984996.146,1,59.17
1624984996.251,0,48.45
1624984996.257,1,67.34
1624984996.36,0,53.51
1624984996.363,1,67.51
1624984996.466,0,55.27
1624984996.47,1,57.15
1624984996.573,0,65.55
1624984996.578,1,66.0
1624984996.681,0,107.24
1624984996.684,1,103.36
1624984996.787,0,55.95
1624984996.79,1,82.78
1624984996.893,0,49.38
1624984996.896,1,54.8
1624984996.999,0,48.81
1624984997.002,1,55.2
1624984997.106,0,47.95
1624984997.109,1,61.99
1624984997.213,0,49.53
1624984997.216,1,83.69
1624984997.318,0,54.92
1624984997.325,1,56.4
1624984997.428,0,68.23
1624984997.431,1,66.68
1624984997.534,0,95.0
1624984997.538,1,91.32
1624984997.641,0,79.96
1624984997.644,1,96.86
1624984997.746,0,49.57
1624984997.75,1,54.94
1624984997.854,0,49.25
1624984997.857,1,54.84
1624984997.961,0,48.33
1624984997.964,1,56.3
1624984998.067,0,48.42
1624984998.07,1,68.6
1624984998.175,0,53.36
1624984998.179,1,66.6
1624984998.282,0,58.9
1624984998.285,1,59.83
1624984998.388,0,78.42
1624984998.392,1,75.23
1624984998.496,0,90.46
1624984998.499,1,110.72
1624984998.602,0,49.51
1624984998.606,1,54.15
1624984998.709,0,49.03
1624984998.712,1,55.1
1624984998.817,0,47.94
1624984998.82,1,58.01
1624984998.924,0,49.35
1624984998.927,1,71.37
1624984999.029,0,52.29
1624984999.033,1,83.69
1624984999.138,0,56.29
1624984999.142,1,57.76
1624984999.245,0,60.88
1624984999.249,1,61.15
1624984999.352,0,86.65
1624984999.355,1,82.53
1624984999.459,0,77.54
1624984999.462,1,96.06
1624984999.565,0,49.53
1624984999.568,1,54.37
1624984999.671,0,49.13
1624984999.674,1,54.62
1624984999.78,0,48.73
1624984999.785,1,56.27
1624984999.889,0,47.91
1624984999.892,1,61.03
1624984999.995,0,50.83
1624984999.998,1,91.4
1624985000.101,0,55.63
1624985000.104,1,57.3
1624985000.207,0,56.37
1624985000.216,1,56.89
1624985000.321,0,68.05
1624985000.325,1,67.55
1624985000.43,0,113.35
1624985000.433,1,104.73
1624985000.536,0,49.58
1624985000.54,1,58.24
1624985000.644,0,49.38
1624985000.647,1,54.48
1624985000.75,0,47.99
1624985000.753,1,57.61
1624985000.856,0,47.97
1624985000.859,1,61.63
1624985000.964,0,49.82
1624985000.968,1,78.25
1624985001.071,0,54.06
1624985001.074,1,61.66
1624985001.177,0,60.22
1624985001.181,1,60.39
1624985001.285,0,62.84
1624985001.288,1,63.69
1624985001.391,0,103.36
1624985001.397,1,96.57
1624985001.5,0,59.62
1624985001.503,1,85.11
1624985001.606,0,49.32
1624985001.609,1,54.81
1624985001.712,0,48.78
1624985001.715,1,55.13
1624985001.818,0,47.95
1624985001.821,1,60.75
1624985001.926,0,50.0
1624985001.929,1,91.68
1624985002.033,0,53.62
1624985002.037,1,55.64
1624985002.14,0,56.99
1624985002.143,1,58.08
1624985002.247,0,77.82
1624985002.253,1,73.65
1624985002.356,0,97.23
1624985002.358,1,106.04
1624985002.461,0,49.51
1624985002.464,1,67.72
1624985002.568,0,49.19
1624985002.571,1,54.61
1624985002.675,0,48.65
1624985002.678,1,55.21
1624985002.781,0,47.99
1624985002.786,1,63.96
1624985002.889,0,50.22
1624985002.892,1,82.43
1624985002.995,0,53.63
1624985002.999,1,59.61
1624985003.101,0,56.76
1624985003.105,1,57.6
1624985003.211,0,65.7
1624985003.215,1,65.1
1624985003.318,0,119.33
1624985003.321,1,113.11
1624985003.424,0,49.7
1624985003.427,1,54.27
1624985003.531,0,49.1
1624985003.534,1,54.69
1624985003.639,0,48.13
1624985003.643,1,57.85
1624985003.747,0,49.3
1624985003.75,1,71.56
1624985003.853,0,53.95
1624985003.856,1,60.02
1624985003.959,0,55.8
1624985003.963,1,57.68
1624985004.066,0,78.89
1624985004.069,1,72.8
1624985004.174,0,104.66
1624985004.177,1,99.09
1624985004.28,0,49.64
1624985004.283,1,56.51
1624985004.386,0,49.08
1624985004.389,1,55.05
1624985004.495,0,48.18
1624985004.5,1,57.9
1624985004.603,0,48.44
1624985004.606,1,66.77
1624985004.709,0,51.36
1624985004.712,1,87.17
1624985004.816,0,54.54
1624985004.819,1,56.43
1624985004.922,0,60.8
1624985004.928,1,61.34
1624985005.031,0,69.82
1624985005.035,1,69.02
1624985005.138,0,111.52
1624985005.141,1,101.26
1624985005.245,0,52.95
1624985005.248,1,78.7
1624985005.351,0,49.38
1624985005.354,1,54.61
1624985005.458,0,48.85
1624985005.461,1,55.63
1624985005.565,0,47.77
1624985005.568,1,63.73
1624985005.671,0,50.29
1624985005.674,1,89.6
1624985005.779,0,54.8
1624985005.783,1,56.59
1624985005.885,0,62.42
1624985005.889,1,62.65
1624985005.992,0,107.95
1624985005.996,1,93.64
1624985006.1,0,89.38
1624985006.103,1,108.56
1624985006.206,0,49.61
1624985006.209,1,54.44
1624985006.312,0,49.13
1624985006.316,1,55.24
1624985006.422,0,48.17
1624985006.425,1,57.37
1624985006.528,0,48.44
1624985006.531,1,71.84
1624985006.634,0,53.32
1624985006.637,1,73.53
1624985006.742,0,56.92
1624985006.745,1,57.95
1624985006.85,0,66.85
1624985006.853,1,66.74
1624985006.956,0,92.95
1624985006.96,1,86.61
1624985007.063,0,76.38
1624985007.066,1,98.35
1624985007.169,0,49.33
1624985007.172,1,54.92
1624985007.276,0,48.94
1624985007.279,1,55.14
1624985007.384,0,47.43
1624985007.387,1,60.67
1624985007.491,0,48.93
1624985007.494,1,82.87
1624985007.596,0,52.52
1624985007.6,1,82.86
1624985007.705,0,57.46
1624985007.708,1,59.14
1624985007.811,0,69.93
1624985007.816,1,67.06
1624985007.919,0,113.77
1624985007.922,1,117.52
1624985008.026,0,49.67
1624985008.029,1,54.31
1624985008.132,0,49.16
1624985008.135,1,54.85
1624985008.238,0,48.81
1624985008.242,1,55.38
1624985008.347,0,47.83
1624985008.349,1,60.62
1624985008.454,0,49.45
1624985008.456,1,77.61
1624985008.559,0,51.92
1624985008.563,1,82.18
1624985008.667,0,55.88
1624985008.671,1,57.01
1624985008.774,0,57.87
1624985008.777,1,60.05
1624985008.88,0,91.19
1624985008.884,1,83.93
1624985008.988,0,55.14
1624985008.991,1,71.71
1624985009.094,0,49.45
1624985009.097,1,54.86
1624985009.2,0,49.11
1624985009.204,1,55.12
1624985009.309,0,48.68
1624985009.312,1,57.01
1624985009.416,0,48.66
1624985009.42,1,68.5
1624985009.523,0,50.34
1624985009.526,1,94.66
1624985009.63,0,54.35
1624985009.633,1,56.4
1624985009.736,0,59.43
1624985009.74,1,60.45
1624985009.843,0,66.07
1624985009.847,1,65.34
1624985009.951,0,127.87
1624985009.954,1,126.06
1624985010.057,0,49.59
1624985010.06,1,54.54
1624985010.163,0,49.4
1624985010.167,1,54.33
1624985010.271,0,48.94
1624985010.274,1,55.5
1624985010.378,0,47.84
1624985010.381,1,59.09
1624985010.484,0,49.03
1624985010.488,1,74.19
1624985010.592,0,51.88
1624985010.595,1,70.18
1624985010.698,0,57.81
1624985010.702,1,59.12
1624985010.805,0,74.25
1624985010.809,1,71.02
1624985010.913,0,108.51
1624985010.916,1,104.77
1624985011.019,0,52.1
1624985011.023,1,84.37
1624985011.126,0,49.29
1624985011.13,1,54.7
1624985011.234,0,47.69
1624985011.237,1,59.73
1624985011.34,0,49.89
1624985011.343,1,86.71
1624985011.446,0,51.89
1624985011.451,1,85.27
1624985011.554,0,54.85
1624985011.558,1,56.72
1624985011.661,0,58.32
1624985011.664,1,59.67
1624985011.767,0,66.85
1624985011.772,1,65.76
1624985011.875,0,72.49
1624985011.879,1,71.95
1624985011.982,0,106.26
1624985011.985,1,114.86
1624985012.087,0,49.51
1624985012.093,1,54.53
1624985012.196,0,49.32
1624985012.199,1,54.45
1624985012.302,0,48.84
1624985012.305,1,55.25
1624985012.409,0,48.22
1624985012.414,1,67.08
1624985012.517,0,50.81
1624985012.52,1,91.03
1624985012.623,0,53.33
1624985012.626,1,61.11
1624985012.729,0,56.71
1624985012.735,1,58.18
1624985012.838,0,71.42
1624985012.842,1,69.35
1624985012.945,0,81.42
1624985012.948,1,79.33
1624985013.051,0,89.03
1624985013.056,1,111.28
1624985013.159,0,49.5
1624985013.162,1,54.73
1624985013.265,0,48.84
1624985013.268,1,55.67
1624985013.372,0,48.07
1624985013.376,1,58.28
1624985013.48,0,48.63
1624985013.483,1,71.87
1624985013.586,0,52.83
1624985013.589,1,65.86
1624985013.692,0,56.61
1624985013.698,1,58.7
1624985013.801,0,62.24
1624985013.804,1,62.6
1624985013.907,0,92.7
1624985013.911,1,89.64
1624985014.014,0,101.14
1624985014.018,1,118.21
1624985014.121,0,49.57
1624985014.124,1,56.35
1624985014.228,0,49.26
1624985014.23,1,54.85
1624985014.334,0,48.71
1624985014.339,1,55.65
1624985014.443,0,47.97
1624985014.446,1,65.95
1624985014.549,0,52.04
1624985014.552,1,80.55
1624985014.655,0,56.38
1624985014.661,1,57.41
1624985014.766,0,64.99
1624985014.769,1,64.96
1624985014.872,0,79.57
1624985014.876,1,77.32
1624985014.979,0,80.98
1624985014.982,1,99.42
1624985015.085,0,49.48
1624985015.087,1,54.6
1624985015.191,0,49.1
1624985015.194,1,55.13
1624985015.297,0,48.26
1624985015.302,1,57.28
1624985015.405,0,48.32
1624985015.408,1,69.68
1624985015.511,0,50.15
1624985015.514,1,88.25
1624985015.617,0,54.22
1624985015.623,1,56.01
1624985015.726,0,60.81
1624985015.729,1,61.65
1624985015.832,0,80.85
1624985015.837,1,75.91
1624985015.94,0,104.92
1624985015.944,1,128.62
1624985016.047,0,49.55
1624985016.05,1,54.78
1624985016.153,0,48.88
1624985016.156,1,55.26
1624985016.259,0,47.49
1624985016.265,1,59.34
1624985016.37,0,48.52
1624985016.373,1,74.68
1624985016.476,0,53.63
1624985016.479,1,66.01
1624985016.582,0,58.81
1624985016.587,1,59.54
1624985016.69,0,70.53
1624985016.693,1,69.92
1624985016.796,0,114.34
1624985016.799,1,117.25
1624985016.902,0,70.35
1624985016.908,1,97.91
1624985017.011,0,49.35
1624985017.014,1,54.55
1624985017.117,0,49.0
1624985017.12,1,55.09
1624985017.224,0,47.53
1624985017.229,1,61.0
1624985017.332,0,51.08
1624985017.335,1,87.9
1624985017.437,0,54.08
1624985017.443,1,61.3
1624985017.546,0,59.09
1624985017.55,1,60.13
1624985017.653,0,66.17
1624985017.657,1,66.14
1624985017.76,0,105.8
1624985017.763,1,123.03
1624985017.866,0,49.57
1624985017.871,1,54.22
1624985017.975,0,49.32
1624985017.978,1,55.01
1624985018.081,0,47.11
1624985018.084,1,55.12
1624985018.19,0,50.13
1624985018.193,1,89.32
1624985018.296,0,54.47
1624985018.299,1,61.01
1624985018.402,0,62.39
1624985018.406,1,60.54
1624985018.511,0,76.97
1624985018.515,1,74.81
1624985018.618,0,106.0
1624985018.621,1,117.88
1624985018.724,0,49.48
1624985018.726,1,54.4
1624985018.832,0,49.35
1624985018.835,1,54.75
1624985018.939,0,48.67
1624985018.942,1,55.03
1624985019.045,0,47.94
1624985019.05,1,66.37
1624985019.153,0,51.59
1624985019.156,1,69.96
1624985019.259,0,58.36
1624985019.263,1,59.58
1624985019.366,0,64.85
1624985019.369,1,63.13
1624985019.475,0,109.12
1624985019.478,1,99.61
1624985019.581,0,52.24
1624985019.584,1,79.12
1624985019.687,0,49.36
1624985019.69,1,54.12
1624985019.795,0,48.67
1624985019.798,1,55.53
1624985019.902,0,47.88
1624985019.904,1,60.64
1624985020.008,0,49.67
1624985020.011,1,81.01
1624985020.115,0,53.63
1624985020.119,1,62.0
1624985020.222,0,58.22
1624985020.226,1,59.34
1624985020.328,0,74.66
1624985020.332,1,70.26
1624985020.436,0,111.64
1624985020.44,1,102.16
1624985020.543,0,49.61
1624985020.546,1,57.68
1624985020.649,0,48.97
1624985020.654,1,55.33
1624985020.757,0,48.33
1624985020.761,1,58.76
1624985020.864,0,48.16
1624985020.867,1,64.21
1624985020.97,0,50.46
1624985020.973,1,80.0
1624985021.079,0,53.43
1624985021.082,1,60.87
1624985021.185,0,56.45
1624985021.189,1,58.31
1624985021.291,0,68.9
1624985021.295,1,66.98
1624985021.399,0,73.5
1624985021.403,1,72.25
1624985021.506,0,87.5
1624985021.509,1,104.53
1624985021.612,0,49.39
1624985021.615,1,55.01
1624985021.72,0,49.18
1624985021.724,1,55.38
1624985021.827,0,48.23
1624985021.83,1,57.46
1624985021.934,0,49.61
1624985021.936,1,88.32
1624985022.04,0,53.78
1624985022.045,1,55.85
1624985022.148,0,62.19
1624985022.151,1,62.37
1624985022.254,0,110.86
1624985022.257,1,101.33
1624985022.362,0,57.63
1624985022.365,1,87.67
1624985022.468,0,49.1
1624985022.471,1,55.07
1624985022.575,0,47.54
1624985022.577,1,59.1
1624985022.684,0,48.37
1624985022.687,1,72.73
1624985022.79,0,52.36
1624985022.792,1,83.46
1624985022.895,0,56.68
1624985022.899,1,57.51
1624985023.003,0,58.36
1624985023.007,1,59.28
1624985023.11,0,80.15
1624985023.114,1,77.3
1624985023.217,0,105.9
1624985023.22,1,108.22
1624985023.325,0,49.38
1624985023.328,1,54.33
1624985023.431,0,48.94
1624985023.434,1,55.06
1624985023.538,0,47.81
1624985023.54,1,60.05
1624985023.646,0,49.37
1624985023.648,1,74.08
1624985023.751,0,51.83
1624985023.754,1,82.6
1624985023.857,0,55.43
1624985023.861,1,56.61
1624985023.966,0,59.44
1624985023.969,1,60.94
1624985024.072,0,74.97
1624985024.076,1,73.17
1624985024.179,0,119.38
1624985024.182,1,113.81
1624985024.288,0,51.97
1624985024.291,1,75.28
1624985024.394,0,49.22
1624985024.397,1,54.51
1624985024.5,0,48.39
1624985024.503,1,55.59
1624985024.608,0,47.56
1624985024.611,1,63.78
1624985024.714,0,49.86
1624985024.717,1,82.63
1624985024.82,0,55.26
1624985024.823,1,56.22
1624985024.929,0,61.15
1624985024.932,1,62.27
1624985025.035,0,80.81
1624985025.038,1,78.46
1624985025.141,0,83.06
1624985025.144,1,115.71
1624985025.249,0,49.51
1624985025.252,1,54.44
1624985025.356,0,49.13
1624985025.359,1,55.09
1624985025.462,0,48.62
1624985025.465,1,55.36
1624985025.57,0,48.01
1624985025.573,1,61.98
1624985025.676,0,50.32
1624985025.679,1,91.31
1624985025.782,0,56.17
1624985025.785,1,56.67
1624985025.892,0,57.76
1624985025.896,1,59.05
1624985025.999,0,64.45
1624985026.003,1,64.64
1624985026.106,0,47.4
1624985026.109,1,49.64
1624985026.212,0,59.7
1624985026.215,1,67.45
1624985026.318,0,49.3
1624985026.321,1,54.91
1624985026.424,0,48.39
1624985026.427,1,57.22
1624985026.533,0,47.69
1624985026.536,1,59.12
1624985026.639,0,48.89
1624985026.642,1,79.2
1624985026.745,0,54.14
1624985026.749,1,62.8
1624985026.854,0,55.12
1624985026.857,1,56.34
1624985026.96,0,59.76
1624985026.964,1,60.5
1624985027.067,0,99.05
1624985027.07,1,89.39
1624985027.175,0,83.77
1624985027.178,1,107.97
1624985027.281,0,49.48
1624985027.284,1,54.32
1624985027.387,0,49.22
1624985027.39,1,54.92
1624985027.493,0,48.17
1624985027.497,1,56.86
1624985027.601,0,48.71
1624985027.604,1,73.69
1624985027.707,0,53.34
1624985027.71,1,64.59
1624985027.813,0,55.55
1624985027.819,1,57.22
1624985027.921,0,65.88
1624985027.925,1,65.37
1624985028.028,0,90.92
1624985028.031,1,86.54
1624985028.134,0,71.96
1624985028.139,1,96.98
1624985028.243,0,49.32
1624985028.246,1,54.33
1624985028.35,0,48.92
1624985028.353,1,55.39
1624985028.456,0,47.56
1624985028.46,1,58.25
1624985028.566,0,48.41
1624985028.57,1,73.06
1624985028.673,0,53.58
1624985028.677,1,62.61
1624985028.78,0,60.18
1624985028.783,1,60.34
1624985028.888,0,63.58
1624985028.892,1,63.73
1624985028.995,0,85.1
1624985028.998,1,82.0
1624985029.101,0,85.0
1624985029.104,1,97.0
1624985029.207,0,49.42
1624985029.21,1,54.45
1624985029.318,0,49.35
1624985029.322,1,54.51
1624985029.426,0,48.52
1624985029.429,1,56.83
1624985029.532,0,48.29
1624985029.535,1,64.79
1624985029.639,0,49.76
1624985029.643,1,78.9
1624985029.746,0,51.02
1624985029.749,1,89.0
1624985029.852,0,58.61
1624985029.855,1,59.55
1624985029.958,0,60.46
1624985029.964,1,61.89
1624985030.067,0,110.01
1624985030.07,1,104.0
1624985030.173,0,59.31
1624985030.176,1,78.07
1624985030.279,0,49.35
1624985030.285,1,54.57
1624985030.388,0,48.61
1624985030.391,1,56.05
1624985030.495,0,48.62
1624985030.498,1,75.46
1624985030.6,0,54.55
1624985030.606,1,79.02
1624985030.711,0,54.04
1624985030.714,1,55.9
1624985030.817,0,60.61
1624985030.821,1,61.8
1624985030.924,0,93.28
1624985030.927,1,88.55
1624985031.03,0,71.15
1624985031.033,1,104.92
1624985031.141,0,49.51
1624985031.144,1,69.1
1624985031.247,0,49.41
1624985031.25,1,54.25
1624985031.354,0,48.63
1624985031.357,1,55.75
1624985031.46,0,47.92
1624985031.463,1,64.94
1624985031.566,0,50.41
1624985031.569,1,93.9
1624985031.672,0,54.47
1624985031.677,1,56.06
1624985031.78,0,56.17
1624985031.784,1,57.24
1624985031.886,0,79.78
1624985031.89,1,76.0
1624985031.993,0,100.28
1624985031.996,1,119.29
1624985032.099,0,49.42
1624985032.101,1,54.37
1624985032.205,0,49.1
1624985032.21,1,54.99
1624985032.313,0,48.33
1624985032.316,1,56.18
1624985032.42,0,48.29
1624985032.423,1,65.58
1624985032.526,0,49.96
1624985032.531,1,90.07
1624985032.634,0,55.67
1624985032.637,1,56.95
1624985032.74,0,61.71
1624985032.744,1,62.0
1624985032.847,0,102.27
1624985032.852,1,95.8
1624985032.955,0,49.5
1624985032.958,1,69.89
1624985033.061,0,49.35
1624985033.064,1,54.47
1624985033.168,0,49.16
1624985033.173,1,55.03
1624985033.281,0,48.71
1624985033.284,1,55.57
1624985033.387,0,47.94
1624985033.393,1,61.98
1624985033.496,0,51.13
1624985033.499,1,93.64
1624985033.605,0,55.01
1624985033.609,1,56.68
1624985033.712,0,61.41
1624985033.715,1,61.65
1624985033.818,0,80.27
1624985033.821,1,76.66
1624985033.924,0,85.08
1624985033.927,1,98.79
1624985034.034,0,49.5
1624985034.036,1,65.37
1624985034.139,0,49.1
1624985034.142,1,54.97
1624985034.246,0,48.58
1624985034.249,1,56.89
1624985034.352,0,48.34
1624985034.356,1,67.94
1624985034.461,0,51.11
1624985034.464,1,92.84
1624985034.567,0,55.79
1624985034.571,1,57.48
1624985034.674,0,68.67
1624985034.677,1,68.87
1624985034.78,0,75.2
1624985034.785,1,67.64
1624985034.89,0,87.83
1624985034.893,1,83.84
1624985034.996,0,76.13
1624985034.999,1,96.07
1624985035.102,0,49.38
1624985035.105,1,56.21
1624985035.208,0,48.92
1624985035.211,1,54.84
1624985035.315,0,48.2
1624985035.318,1,55.8
1624985035.428,0,47.88
1624985035.431,1,61.85
1624985035.534,0,49.61
1624985035.539,1,82.08
1624985035.642,0,52.55
1624985035.645,1,65.51
1624985035.748,0,57.71
1624985035.751,1,58.16
1624985035.856,0,60.24
1624985035.86,1,61.09
1624985035.963,0,75.63
1624985035.967,1,74.61
1624985036.07,0,93.97
1624985036.073,1,117.44
1624985036.175,0,49.32
1624985036.18,1,54.43
1624985036.285,0,48.97
1624985036.29,1,55.8
1624985036.393,0,48.33
1624985036.396,1,58.71
1624985036.499,0,49.77
1624985036.502,1,85.6
1624985036.605,0,54.11
1624985036.608,1,64.36
1624985036.714,0,60.19
1624985036.718,1,60.74
1624985036.821,0,69.49
1624985036.824,1,68.22
1624985036.927,0,105.41
1624985036.931,1,98.4
1624985037.034,0,58.15
1624985037.037,1,102.18
1624985037.142,0,49.31
1624985037.145,1,54.12
1624985037.248,0,48.99
1624985037.251,1,55.26
1624985037.355,0,47.73
1624985037.358,1,60.92
1624985037.461,0,49.94
1624985037.464,1,70.81
1624985037.573,0,52.99
1624985037.576,1,65.48
1624985037.679,0,58.98
1624985037.685,1,60.06
1624985037.788,0,75.76
1624985037.793,1,73.18
1624985037.896,0,108.11
1624985037.899,1,114.39
1624985038.002,0,49.58
1624985038.006,1,57.09
1624985038.109,0,49.26
1624985038.112,1,54.29
1624985038.215,0,48.46
1624985038.218,1,56.38
1624985038.321,0,48.17
1624985038.326,1,62.3
1624985038.429,0,50.69
1624985038.432,1,95.07
1624985038.536,0,55.72
1624985038.539,1,57.0
1624985038.642,0,56.23
1624985038.648,1,58.03
1624985038.751,0,71.98
1624985038.754,1,69.87
1624985038.857,0,88.45
1624985038.86,1,110.27
1624985038.963,0,49.38
1624985038.968,1,54.58
1624985039.073,0,49.15
1624985039.076,1,54.74
1624985039.18,0,47.65
1624985039.183,1,58.15
1624985039.286,0,49.24
1624985039.289,1,87.69
1624985039.392,0,53.46
1624985039.396,1,65.65
1624985039.499,0,60.25
1624985039.503,1,61.47
1624985039.606,0,65.21
1624985039.61,1,65.09
1624985039.713,0,93.52
1624985039.716,1,113.71
1624985039.82,0,49.42
1624985039.822,1,54.05
1624985039.926,0,49.32
1624985039.931,1,54.73
1624985040.034,0,48.52
1624985040.037,1,55.65
1624985040.141,0,49.05
1624985040.144,1,72.67
1624985040.247,0,50.72
1624985040.252,1,92.04
1624985040.355,0,54.31
1624985040.358,1,58.86
1624985040.462,0,57.42
1624985040.465,1,58.56
1624985040.568,0,68.97
1624985040.573,1,68.38
1624985040.678,0,98.4
1624985040.681,1,92.5
1624985040.784,0,53.04
1624985040.787,1,84.49
1624985040.89,0,49.19
1624985040.894,1,55.12
1624985040.997,0,48.42
1624985041.002,1,56.91
1624985041.105,0,48.71
1624985041.108,1,68.44
1624985041.211,0,49.68
1624985041.214,1,93.35
1624985041.317,0,55.98
1624985041.321,1,57.49
1624985041.424,0,62.32
1624985041.428,1,62.19
1624985041.531,0,85.18
1624985041.536,1,81.04
1624985041.639,0,93.53
1624985041.642,1,109.79
1624985041.745,0,49.5
1624985041.748,1,55.04
1624985041.851,0,49.19
1624985041.856,1,55.09
1624985041.96,0,47.7
1624985041.963,1,59.72
1624985042.066,0,49.53
1624985042.069,1,86.07
1624985042.172,0,53.06
1624985042.177,1,65.52
1624985042.282,0,58.12
1624985042.285,1,59.04
1624985042.388,0,64.5
1624985042.392,1,64.49
1624985042.495,0,84.49
1624985042.499,1,82.23
1624985042.602,0,85.59
1624985042.605,1,105.98
1624985042.708,0,49.38
1624985042.711,1,54.32
1624985042.814,0,48.93
1624985042.819,1,55.32
1624985042.923,0,47.72
1624985042.926,1,61.18
1624985043.029,0,49.37
1624985043.032,1,76.59
1624985043.135,0,53.19
1624985043.14,1,75.67
1624985043.243,0,57.12
1624985043.246,1,58.39
1624985043.35,0,62.46
1624985043.353,1,62.82
1624985043.456,0,99.97
1624985043.461,1,93.79
1624985043.564,0,57.9
1624985043.567,1,83.77
1624985043.67,0,49.26
1624985043.673,1,54.44
1624985043.776,0,48.81
1624985043.781,1,55.52
1624985043.886,0,48.26
1624985043.889,1,58.58
1624985043.993,0,48.7
1624985043.996,1,69.16
1624985044.098,0,50.51
1624985044.102,1,88.18
1624985044.205,0,56.87
1624985044.209,1,58.09
1624985044.312,0,61.3
1624985044.316,1,62.42
1624985044.419,0,78.56
1624985044.423,1,77.17
1624985044.526,0,86.88
1624985044.529,1,109.66
1624985044.633,0,49.39
1624985044.636,1,54.52
1624985044.74,0,48.68
1624985044.744,1,55.31
1624985044.848,0,47.88
1624985044.851,1,63.7
1624985044.955,0,49.87
1624985044.958,1,77.65
1624985045.06,0,52.23
1624985045.065,1,79.98
1624985045.168,0,57.21
1624985045.171,1,57.86
1624985045.275,0,63.01
1624985045.279,1,64.17
1624985045.382,0,130.02
1624985045.386,1,131.13
1624985045.49,0,57.32
1624985045.493,1,96.21
1624985045.597,0,49.42
1624985045.6,1,54.84
1624985045.704,0,48.9
1624985045.707,1,55.38
1624985045.81,0,47.54
1624985045.813,1,59.86
1624985045.918,0,48.45
1624985045.921,1,69.96
1624985046.024,0,52.26
1624985046.027,1,72.53
1624985046.13,0,55.14
1624985046.134,1,56.34
1624985046.239,0,62.56
1624985046.242,1,62.52
1624985046.345,0,117.88
1624985046.349,1,108.66
1624985046.452,0,53.19
1624985046.454,1,90.5
1624985046.559,0,49.32
1624985046.562,1,54.54
1624985046.666,0,48.71
1624985046.669,1,55.76
1624985046.773,0,48.17
1624985046.776,1,65.77
1624985046.88,0,51.14
1624985046.883,1,91.07
1624985046.986,0,55.76
1624985046.99,1,56.99
1624985047.095,0,61.12
1624985047.099,1,62.14
1624985047.202,0,72.13
1624985047.205,1,71.47
1624985047.308,0,108.32
1624985047.311,1,123.45
1624985047.414,0,49.54
1624985047.417,1,55.3
1624985047.522,0,49.35
1624985047.525,1,54.68
1624985047.629,0,48.01
1624985047.632,1,58.86
1624985047.736,0,48.85
1624985047.738,1,68.85
1624985047.843,0,52.37
1624985047.846,1,83.14
1624985047.949,0,54.12
1624985047.953,1,56.09
1624985048.056,0,61.76
1624985048.06,1,60.86
1624985048.165,0,83.77
1624985048.168,1,80.89
1624985048.271,0,74.8
1624985048.274,1,93.13
1624985048.377,0,49.45
1624985048.38,1,54.18
1624985048.486,0,49.24
1624985048.488,1,54.77
1624985048.592,0,48.87
1624985048.595,1,55.11
1624985048.7,0,47.53
1624985048.703,1,59.84
1624985048.808,0,48.93
1624985048.81,1,77.54
1624985048.913,0,53.81
1624985048.918,1,79.55
1624985049.021,0,60.75
1624985049.024,1,60.91
1624985049.128,0,72.07
1624985049.131,1,71.72
1624985049.234,0,101.61
1624985049.237,1,108.22
1624985049.34,0,49.51
1624985049.343,1,85.05
1624985049.449,0,49.19
1624985049.452,1,54.82
1624985049.556,0,48.01
1624985049.559,1,57.65
1624985049.662,0,49.44
1624985049.665,1,78.85
1624985049.77,0,54.57
1624985049.773,1,65.35
1624985049.876,0,57.38
1624985049.879,1,58.87
1624985049.982,0,62.23
1624985049.986,1,61.56
1624985050.091,0,88.04
1624985050.095,1,85.13
1624985050.197,0,84.96
1624985050.2,1,111.21
1624985050.305,0,49.43
1624985050.308,1,66.74
1624985050.413,0,49.35
1624985050.419,1,54.88
1624985050.523,0,48.74
1624985050.526,1,56.01
1624985050.629,0,48.2
1624985050.632,1,68.99
1624985050.735,0,50.6
1624985050.74,1,93.5
1624985050.843,0,56.04
1624985050.846,1,57.43
1624985050.949,0,61.21
1624985050.953,1,61.16
1624985051.056,0,80.92
1624985051.061,1,77.88
1624985051.164,0,77.68
1624985051.167,1,96.6
1624985051.27,0,49.47
1624985051.273,1,54.96
1624985051.376,0,49.09
1624985051.382,1,55.18
1624985051.485,0,47.85
1624985051.488,1,58.95
1624985051.592,0,48.79
1624985051.594,1,82.33
1624985051.697,0,54.66
1624985051.703,1,62.17
1624985051.806,0,58.64
1624985051.809,1,59.83
1624985051.912,0,73.72
1624985051.916,1,72.88
1624985052.019,0,110.13
1624985052.024,1,120.46
1624985052.127,0,49.44
1624985052.129,1,53.99
1624985052.233,0,49.03
1624985052.236,1,54.63
1624985052.339,0,48.58
1624985052.345,1,55.05
1624985052.448,0,47.62
1624985052.451,1,60.05
1624985052.554,0,49.1
1624985052.557,1,74.25
1624985052.66,0,52.91
1624985052.666,1,65.3
1624985052.768,0,60.44
1624985052.772,1,61.2
1624985052.875,0,70.49
1624985052.878,1,69.9
1624985052.981,0,73.67
1624985052.986,1,71.36
1624985053.089,0,77.77
1624985053.092,1,101.61
1624985053.195,0,49.39
1624985053.198,1,54.3
1624985053.301,0,49.12
1624985053.307,1,55.0
1624985053.413,0,48.74
1624985053.416,1,55.41
1624985053.521,0,48.26
1624985053.524,1,65.54
1624985053.627,0,51.22
1624985053.631,1,85.21
1624985053.734,0,57.92
1624985053.738,1,59.24
1624985053.842,0,68.87
1624985053.845,1,68.51
1624985053.948,0,115.51
1624985053.951,1,117.95
1624985054.054,0,49.57
1624985054.057,1,92.07
1624985054.162,0,49.35
1624985054.165,1,54.57
1624985054.269,0,48.93
1624985054.272,1,54.72
1624985054.375,0,47.58
1624985054.378,1,60.03
1624985054.483,0,49.08
1624985054.486,1,71.71
1624985054.589,0,54.09
1624985054.592,1,66.84
1624985054.695,0,58.68
1624985054.699,1,58.75
1624985054.804,0,79.22
1624985054.808,1,77.99
1624985054.911,0,85.11
1624985054.913,1,115.53
1624985055.018,0,49.45
1624985055.021,1,54.69
1624985055.126,0,48.97
1624985055.129,1,54.84
1624985055.232,0,47.3
1624985055.235,1,59.01
1624985055.338,0,49.4
1624985055.341,1,72.69
1624985055.446,0,54.38
1624985055.449,1,68.09
1624985055.552,0,58.71
1624985055.555,1,59.74
1624985055.658,0,61.03
1624985055.662,1,60.72
1624985055.767,0,76.61
1624985055.77,1,75.08
1624985055.873,0,91.98
1624985055.876,1,106.72
1624985055.979,0,49.45
1624985055.982,1,77.04
1624985056.088,0,49.39
1624985056.09,1,54.72
1624985056.194,0,48.62
1624985056.197,1,56.26
1624985056.3,0,47.91
1624985056.303,1,59.76
1624985056.409,0,49.71
1624985056.411,1,88.26
1624985056.514,0,55.21
1624985056.518,1,56.68
1624985056.621,0,60.85
1624985056.624,1,60.74
1624985056.729,0,78.09
1624985056.733,1,75.33
1624985056.836,0,81.06
1624985056.839,1,80.41
1624985056.942,0,52.22
1624985056.945,1,107.55
1624985057.05,0,49.16
1624985057.053,1,54.89
1624985057.157,0,48.23
1624985057.16,1,57.86
1624985057.263,0,48.09
1624985057.266,1,65.41
1624985057.371,0,50.91
1624985057.374,1,88.18
1624985057.477,0,55.81
1624985057.48,1,57.13
1624985057.583,0,60.85
1624985057.587,1,60.26
1624985057.692,0,66.82
1624985057.695,1,66.01
1624985057.798,0,91.23
1624985057.802,1,89.23
1624985057.905,0,69.79
1624985057.908,1,102.95
1624985058.013,0,49.24
1624985058.015,1,54.86
1624985058.119,0,48.46
1624985058.122,1,55.7
1624985058.226,0,48.07
1624985058.229,1,64.44
1624985058.334,0,51.32
1624985058.336,1,92.72
1624985058.439,0,56.24
1624985058.443,1,57.63
1624985058.546,0,65.49
1624985058.55,1,64.64
1624985058.654,0,102.07
1624985058.658,1,96.75
1624985058.761,0,53.2
1624985058.764,1,77.16
1624985058.866,0,49.29
1624985058.869,1,54.99
1624985058.975,0,48.62
1624985058.978,1,55.66
1624985059.082,0,48.23
1624985059.084,1,68.46
1624985059.187,0,51.76
1624985059.19,1,88.62
1624985059.296,0,54.48
1624985059.3,1,62.68
1624985059.403,0,61.09
1624985059.406,1,62.14
1624985059.509,0,82.71
1624985059.513,1,76.1
1624985059.617,0,97.42
1624985059.62,1,116.82
1624985059.723,0,49.51
1624985059.726,1,54.43
1624985059.829,0,49.14
1624985059.832,1,54.66
1624985059.938,0,48.13
1624985059.941,1,57.86
1624985060.044,0,48.47
1624985060.047,1,69.13
1624985060.15,0,52.68
1624985060.153,1,92.88
1624985060.259,0,53.62
1624985060.262,1,56.44
1624985060.365,0,59.04
1624985060.369,1,60.05
1624985060.471,0,109.48
1624985060.475,1,100.4
1624985060.579,0,49.41
1624985060.582,1,71.45
1624985060.685,0,49.38
1624985060.688,1,54.59
1624985060.792,0,49.22
1624985060.794,1,54.74
1624985060.9,0,48.1
1624985060.903,1,57.07
1624985061.007,0,48.44
1624985061.009,1,70.39
1624985061.112,0,53.6
1624985061.115,1,76.42
1624985061.221,0,57.01
1624985061.224,1,58.4
1624985061.327,0,70.8
1624985061.331,1,68.5
1624985061.434,0,91.15
1624985061.438,1,85.89
1624985061.542,0,84.56
1624985061.544,1,102.68
1624985061.647,0,49.36
1624985061.652,1,54.3
1624985061.756,0,49.1
1624985061.759,1,54.94
1624985061.863,0,47.75
1624985061.866,1,58.32
1624985061.97,0,49.47
1624985061.972,1,85.5
1624985062.075,0,55.19
1624985062.079,1,56.86
1624985062.183,0,56.01
1624985062.187,1,57.32
1624985062.29,0,84.64
1624985062.294,1,79.44
1624985062.397,0,95.9
1624985062.4,1,120.55
1624985062.504,0,49.35
1624985062.507,1,54.74
1624985062.61,0,48.68
1624985062.615,1,55.34
1624985062.718,0,47.81
1624985062.721,1,61.58
1624985062.825,0,49.73
1624985062.828,1,79.2
1624985062.931,0,54.25
1624985062.937,1,67.37
1624985063.04,0,55.65
1624985063.043,1,57.26
1624985063.146,0,59.6
1624985063.149,1,60.82
1624985063.252,0,75.92
1624985063.26,1,71.32
1624985063.366,0,118.73
1624985063.369,1,113.38
1624985063.472,0,55.49
1624985063.475,1,83.59
1624985063.578,0,49.19
1624985063.581,1,54.17
1624985063.687,0,48.87
1624985063.69,1,55.45
1624985063.793,0,47.72
1624985063.796,1,63.21
1624985063.899,0,50.15
1624985063.903,1,78.83
1624985064.007,0,53.82
1624985064.011,1,57.02
1624985064.114,0,61.13
1624985064.117,1,62.05
1624985064.22,0,79.19
1624985064.227,1,77.62
1624985064.33,0,95.52
1624985064.333,1,90.9
1624985064.438,0,84.66
1624985064.44,1,107.08
1624985064.543,0,49.32
1624985064.546,1,54.72
1624985064.65,0,48.58
1624985064.653,1,55.18
1624985064.757,0,47.88
1624985064.759,1,62.26
1624985064.863,0,50.18
1624985064.865,1,88.35
1624985064.97,0,53.76
1624985064.978,1,62.53
1624985065.081,0,60.21
1624985065.085,1,59.43
1624985065.191,0,66.51
1624985065.194,1,66.72
1624985065.297,0,114.46
1624985065.302,1,106.25
1624985065.405,0,49.51
1624985065.407,1,77.03
1624985065.511,0,49.16
1624985065.514,1,54.59
1624985065.618,0,48.68
1624985065.621,1,55.15
1624985065.724,0,47.93
1624985065.728,1,63.78
1624985065.832,0,51.59
1624985065.835,1,72.26
1624985065.938,0,54.44
1624985065.942,1,55.94
1624985066.045,0,67.19
1624985066.048,1,65.72
1624985066.153,0,92.41
1624985066.156,1,89.32
1624985066.259,0,60.83
1624985066.262,1,82.46
1624985066.365,0,49.16
1624985066.368,1,54.67
1624985066.474,0,48.04
1624985066.479,1,57.87
1624985066.583,0,48.46
1624985066.586,1,66.79
1624985066.688,0,51.97
1624985066.691,1,76.77
1624985066.795,0,54.92
1624985066.798,1,56.53
1624985066.901,0,63.3
1624985066.91,1,62.04
1624985067.015,0,81.16
1624985067.018,1,80.42
1624985067.121,0,102.94
1624985067.124,1,122.44
1624985067.227,0,49.45
1624985067.23,1,56.64
1624985067.336,0,49.03
1624985067.339,1,54.91
1624985067.443,0,48.37
1624985067.446,1,56.95
1624985067.549,0,48.49
1624985067.552,1,65.53
1624985067.657,0,49.68
1624985067.663,1,77.84
1624985067.765,0,54.32
1624985067.769,1,56.07
1624985067.872,0,59.95
1624985067.875,1,60.98
1624985067.978,0,71.07
1624985067.982,1,70.61
1624985068.085,0,116.0
1624985068.088,1,112.87
1624985068.191,0,49.53
1624985068.194,1,56.67
1624985068.298,0,49.03
1624985068.301,1,54.55
1624985068.405,0,47.59
1624985068.408,1,59.39
1624985068.511,0,49.57
1624985068.514,1,77.39
1624985068.619,0,54.25
1624985068.623,1,56.41
1624985068.726,0,61.48
1624985068.729,1,61.84
1624985068.832,0,125.25
1624985068.836,1,106.17
1624985068.94,0,71.91
1624985068.943,1,92.16
1624985069.047,0,49.58
1624985069.055,1,78.18
1624985069.161,0,49.15
1624985069.164,1,54.45
1624985069.268,0,48.56
1624985069.271,1,55.42
1624985069.374,0,48.07
1624985069.377,1,61.41
1624985069.482,0,49.7
1624985069.485,1,89.57
1624985069.588,0,55.41
1624985069.591,1,56.91
1624985069.694,0,67.76
1624985069.698,1,64.81
1624985069.803,0,85.11
1624985069.809,1,82.2
1624985069.912,0,99.75
1624985069.915,1,100.99
1624985070.018,0,49.45
1624985070.021,1,54.68
1624985070.124,0,49.12
1624985070.127,1,55.11
1624985070.231,0,48.39
1624985070.234,1,57.36
1624985070.337,0,48.13
1624985070.34,1,67.85
1624985070.444,0,53.0
1624985070.447,1,77.51
1624985070.552,0,57.38
1624985070.555,1,58.6
1624985070.658,0,64.1
1624985070.662,1,63.79
1624985070.766,0,100.11
1624985070.769,1,95.2
1624985070.872,0,75.62
1624985070.875,1,94.45
1624985070.978,0,49.22
1624985070.981,1,54.03
1624985071.086,0,48.94
1624985071.089,1,55.12
1624985071.192,0,48.43
1624985071.2,1,56.47
1624985071.304,0,48.17
1624985071.306,1,72.08
1624985071.409,0,51.39
1624985071.412,1,86.5
1624985071.515,0,55.59
1624985071.519,1,57.28
1624985071.622,0,57.99
1624985071.628,1,59.1
1624985071.731,0,68.2
1624985071.734,1,68.4
1624985071.837,0,95.27
1624985071.841,1,91.79
1624985071.944,0,62.11
1624985071.946,1,90.0
1624985072.049,0,49.31
1624985072.054,1,54.33
1624985072.157,0,48.65
1624985072.16,1,55.57
1624985072.263,0,47.78
1624985072.266,1,61.24
1624985072.37,0,50.31
1624985072.372,1,87.05
1624985072.475,0,55.62
1624985072.479,1,57.19
1624985072.582,0,59.14
1624985072.585,1,59.81
1624985072.69,0,76.18
1624985072.693,1,74.32
1624985072.796,0,98.26
1624985072.8,1,116.98
1624985072.902,0,49.35
1624985072.905,1,54.67
1624985073.011,0,49.16
1624985073.013,1,54.68
1624985073.117,0,47.78
1624985073.12,1,58.84
1624985073.224,0,49.27
1624985073.227,1,73.13
1624985073.331,0,51.88
1624985073.334,1,76.65
1624985073.437,0,58.06
1624985073.441,1,58.99
1624985073.544,0,71.22
1624985073.548,1,68.67
1624985073.652,0,97.57
1624985073.656,1,88.67
1624985073.76,0,57.59
1624985073.762,1,88.07
1624985073.866,0,49.06
1624985073.869,1,54.68
1624985073.974,0,48.86
1624985073.977,1,55.51
1624985074.08,0,47.11
1624985074.083,1,59.44
1624985074.186,0,51.19
1624985074.189,1,84.9
1624985074.294,0,59.79
1624985074.297,1,60.21
1624985074.4,0,99.56
1624985074.404,1,92.82
1624985074.507,0,49.38
1624985074.51,1,53.92
1624985074.615,0,47.31
1624985074.619,1,53.59
1624985074.722,0,49.21
1624985074.725,1,84.61
1624985074.828,0,55.1
1624985074.831,1,56.41
1624985074.935,0,62.94
1624985074.939,1,63.59
1624985075.042,0,91.4
1624985075.046,1,85.3
1624985075.149,0,99.04
1624985075.152,1,123.86
1624985075.256,0,49.22
1624985075.259,1,54.53
1624985075.363,0,49.0
1624985075.367,1,54.4
1624985075.47,0,48.13
1624985075.473,1,56.61
1624985075.577,0,48.65
1624985075.58,1,79.31
1624985075.683,0,56.33
1624985075.688,1,57.82
1624985075.791,0,56.3
1624985075.794,1,57.6
1624985075.898,0,85.68
1624985075.901,1,81.3
1624985076.004,0,106.98
1624985076.008,1,122.83
1624985076.111,0,49.34
1624985076.114,1,54.55
1624985076.219,0,48.91
1624985076.222,1,54.63
1624985076.325,0,48.33
1624985076.329,1,56.62
1624985076.433,0,48.23
1624985076.436,1,64.03
1624985076.539,0,49.94
1624985076.542,1,89.44
1624985076.645,0,58.87
1624985076.651,1,60.17
1624985076.754,0,64.47
1624985076.757,1,64.94
1624985076.86,0,106.25
1624985076.863,1,100.64
1624985076.966,0,75.8
1624985076.971,1,98.76
1624985077.074,0,49.5
1624985077.077,1,54.56
1624985077.181,0,49.21
1624985077.184,1,54.34
1624985077.287,0,48.65
1624985077.292,1,55.32
1624985077.396,0,47.69
1624985077.398,1,61.42
1624985077.502,0,49.03
1624985077.505,1,73.86
1624985077.608,0,52.42
1624985077.613,1,65.29
1624985077.716,0,59.65
1624985077.719,1,60.6
1624985077.822,0,69.64
1624985077.826,1,67.3
1624985077.929,0,91.71
1624985077.935,1,88.58
1624985078.038,0,87.6
1624985078.04,1,107.0
1624985078.143,0,49.32
1624985078.146,1,54.44
1624985078.25,0,48.96
1624985078.255,1,54.96
1624985078.359,0,47.4
1624985078.361,1,61.21
1624985078.464,0,49.25
1624985078.467,1,74.67
1624985078.57,0,52.01
1624985078.576,1,86.11
1624985078.679,0,54.47
1624985078.682,1,56.26
1624985078.785,0,62.27
1624985078.789,1,62.71
1624985078.892,0,76.68
1624985078.897,1,74.46
1624985079.0,0,117.23
1624985079.002,1,125.93
1624985079.105,0,49.48
1624985079.108,1,78.39
1624985079.211,0,49.15
1624985079.214,1,54.95
1624985079.317,0,48.13
1624985079.32,1,56.32
1624985079.426,0,48.22
1624985079.429,1,68.75
1624985079.532,0,52.87
1624985079.535,1,66.98
1624985079.638,0,57.4
1624985079.641,1,57.57
1624985079.747,0,63.23
1624985079.75,1,63.61
1624985079.853,0,84.35
1624985079.859,1,82.19
1624985079.962,0,89.08
1624985079.965,1,89.39
1624985080.068,0,49.32
1624985080.071,1,54.13
1624985080.174,0,49.02
1624985080.18,1,54.88
1624985080.283,0,47.91
1624985080.286,1,58.09
1624985080.39,0,48.39
1624985080.393,1,66.86
1624985080.495,0,51.04
1624985080.501,1,88.89
1624985080.604,0,55.28
1624985080.607,1,56.88
1624985080.71,0,60.33
1624985080.714,1,61.45
1624985080.817,0,72.84
1624985080.822,1,71.58
1624985080.925,0,116.7
1624985080.928,1,130.34
1624985081.031,0,49.61
1624985081.034,1,64.6
1624985081.137,0,49.22
1624985081.143,1,54.35
1624985081.246,0,48.71
1624985081.249,1,56.31
1624985081.352,0,47.72
1624985081.355,1,63.09
1624985081.458,0,48.56
1624985081.463,1,70.62
1624985081.566,0,52.78
1624985081.569,1,65.66
1624985081.672,0,59.03
1624985081.676,1,59.87
1624985081.779,0,65.48
1624985081.785,1,64.94
1624985081.888,0,100.0
1624985081.891,1,95.87
1624985081.994,0,51.69
1624985081.997,1,81.93
1624985082.1,0,49.42
1624985082.105,1,54.55
1624985082.209,0,48.62
1624985082.212,1,56.04
1624985082.315,0,48.05
1624985082.318,1,67.1
1624985082.421,0,51.3
1624985082.426,1,92.73
1624985082.529,0,55.15
1624985082.533,1,56.74
1624985082.635,0,58.36
1624985082.64,1,59.1
1624985082.743,0,69.76
1624985082.748,1,68.34
1624985082.851,0,119.36
1624985082.854,1,132.36
1624985082.957,0,49.52
1624985082.96,1,54.68
1624985083.063,0,49.13
1624985083.068,1,54.57
1624985083.172,0,47.74
1624985083.175,1,58.13
1624985083.28,0,49.25
1624985083.283,1,73.33
1624985083.386,0,55.5
1624985083.39,1,63.76
1624985083.493,0,59.62
1624985083.496,1,60.66
1624985083.599,0,81.37
1624985083.603,1,78.54
1624985083.706,0,84.33
1624985083.71,1,109.57
1624985083.813,0,49.65
1624985083.816,1,55.09
1624985083.919,0,56.15
1624985083.922,1,64.68
1624985084.025,0,48.98
1624985084.03,1,55.07
1624985084.134,0,48.29
1624985084.137,1,57.76
1624985084.24,0,48.55
1624985084.245,1,75.22
1624985084.348,0,51.47
1624985084.352,1,89.4
1624985084.455,0,55.44
1624985084.458,1,57.3
1624985084.561,0,63.86
1624985084.565,1,64.32
1624985084.668,0,91.16
1624985084.673,1,88.23
1624985084.776,0,64.41
1624985084.779,1,93.53
1624985084.883,0,49.38
1624985084.886,1,54.28
1624985084.99,0,49.13
1624985084.994,1,55.1
1624985085.097,0,48.7
1624985085.1,1,55.93
1624985085.203,0,48.23
1624985085.206,1,68.43
1624985085.309,0,51.15
1624985085.314,1,84.47
1624985085.417,0,54.83
1624985085.421,1,56.61
1624985085.524,0,66.12
1624985085.527,1,66.12
1624985085.63,0,84.78
1624985085.636,1,80.02
1624985085.739,0,61.01
1624985085.742,1,68.54
1624985085.845,0,70.97
1624985085.849,1,85.63
1624985085.952,0,61.68
1624985085.956,1,60.36
1624985086.063,0,54.41
1624985086.066,1,57.5
1624985086.169,0,55.75
1624985086.172,1,81.76
1624985086.275,0,65.54
1624985086.278,1,62.56
1624985086.385,0,56.26
1624985086.388,1,59.04
1624985086.491,0,51.4
1624985086.494,1,57.67
1624985086.598,0,78.25
1624985086.6,1,73.9
1624985086.705,0,60.59
1624985086.708,1,61.41
1624985086.812,0,53.24
1624985086.815,1,56.35
1624985086.918,0,80.61
1624985086.921,1,84.17
1624985087.026,0,61.94
1624985087.029,1,62.3
1624985087.133,0,55.9
1624985087.136,1,58.34
1624985087.239,0,51.59
1624985087.242,1,54.8
1624985087.348,0,73.39
1624985087.352,1,71.28
1624985087.456,0,55.37
1624985087.46,1,57.8
1624985087.564,0,52.58
1624985087.567,1,56.38
1624985087.67,0,71.95
1624985087.673,1,71.73
1624985087.776,0,56.54
1624985087.781,1,58.31
1624985087.884,0,52.97
1624985087.887,1,56.57
1624985087.993,0,78.81
1624985087.995,1,78.54
1624985088.099,0,58.53
1624985088.102,1,60.42
1624985088.206,0,53.83
1624985088.209,1,56.79
1624985088.312,0,69.48
1624985088.315,1,100.29
1624985088.418,0,46.82
1624985088.422,1,48.69
1624985088.525,0,46.44
1624985088.528,1,48.31
1624985088.632,0,46.47
1624985088.635,1,48.24
1624985088.738,0,46.47
1624985088.743,1,48.24
1624985088.846,0,46.46
1624985088.849,1,48.34
1624985088.953,0,46.47
1624985088.957,1,48.16
1624985089.059,0,46.37
1624985089.064,1,48.16
1624985089.167,0,46.3
1624985089.17,1,48.16
1624985089.273,0,46.31
1624985089.276,1,48.18
1624985089.379,0,46.34
1624985089.385,1,48.02
1624985089.488,0,46.24
1624985089.49,1,48.28
1624985089.596,0,46.31
1624985089.598,1,48.16
1624985089.701,0,46.37
1624985089.705,1,48.15
1624985089.808,0,46.37
1624985089.811,1,48.04
1624985089.915,0,46.31
1624985089.918,1,48.16
1624985090.021,0,46.4
1624985090.026,1,47.99
1624985090.129,0,46.37
1624985090.132,1,48.15
1624985090.236,0,46.24
1624985090.238,1,48.21
1624985090.341,0,46.34
1624985090.347,1,48.11
1624985090.449,0,46.2
1624985090.452,1,48.07
1624985090.557,0,46.31
1624985090.56,1,47.87
1624985090.662,0,46.34
1624985090.667,1,47.99
1624985090.77,0,46.31
1624985090.773,1,48.07
1624985090.877,0,46.26
1624985090.88,1,48.03
1624985090.983,0,46.27
1624985090.988,1,48.03
1624985091.091,0,46.15
1624985091.094,1,48.0
1624985091.199,0,40.54
1624985091.202,1,47.99
1624985091.305,0,40.97
1624985091.309,1,48.0
1624985091.412,0,41.03
1624985091.415,1,48.02
1624985091.519,0,41.01
1624985091.522,1,48.34
1624985091.625,0,41.05
1624985091.63,1,47.92
1624985091.733,0,41.08
1624985091.735,1,48.05
1624985091.84,0,40.98
1624985091.842,1,47.91
1624985091.945,0,41.05
1624985091.951,1,47.89
1624985092.053,0,41.05
1624985092.056,1,47.89
1624985092.16,0,41.05
1624985092.163,1,48.1
1624985092.266,0,41.0
1624985092.271,1,47.94
1624985092.374,0,40.98
1624985092.377,1,47.92
1624985092.481,0,40.95
1624985092.484,1,48.02
1624985092.587,0,41.05
1624985092.592,1,47.92
1624985092.695,0,40.99
1624985092.698,1,47.94
1624985092.804,0,40.93
1624985092.807,1,47.88
1624985092.91,0,40.93
1624985092.913,1,47.96
1624985093.016,0,40.93
1624985093.018,1,47.96
1624985093.123,0,40.95
1624985093.126,1,48.1
1624985093.229,0,40.87
1624985093.233,1,47.92
1624985093.336,0,79.68
1624985093.34,1,81.38
1624985093.444,0,43.46
1624985093.447,1,53.6
1624985093.55,0,46.5
1624985093.555,1,53.35
1624985093.658,0,46.66
1624985093.661,1,62.92
1624985093.765,0,54.15
1624985093.768,1,61.83
1624985093.871,0,59.86
1624985093.876,1,60.61
1624985093.979,0,109.1
1624985093.982,1,100.05
1624985094.086,0,49.2
1624985094.089,1,53.78
1624985094.192,0,48.42
1624985094.196,1,53.35
1624985094.3,0,47.74
1624985094.303,1,56.62
1624985094.41,0,48.7
1624985094.412,1,71.51
1624985094.515,0,51.08
1624985094.518,1,90.7
1624985094.621,0,55.99
1624985094.625,1,57.01
1624985094.729,0,66.64
1624985094.732,1,65.95
1624985094.835,0,75.12
1624985094.839,1,73.0
1624985094.942,0,94.61
1624985094.945,1,122.18
1624985095.05,0,49.22
1624985095.053,1,54.34
1624985095.157,0,48.84
1624985095.16,1,54.17
1624985095.263,0,47.66
1624985095.266,1,56.5
1624985095.373,0,47.93
1624985095.375,1,65.42
1624985095.478,0,51.9
1624985095.481,1,70.1
1624985095.584,0,55.9
1624985095.588,1,57.32
1624985095.69,0,71.0
1624985095.694,1,69.37
1624985095.797,0,84.39
1624985095.801,1,81.19
1624985095.904,0,89.0
1624985095.907,1,106.61
1624985096.01,0,49.29
1624985096.013,1,54.31
1624985096.12,0,48.74
1624985096.123,1,55.5
1624985096.226,0,47.56
1624985096.229,1,58.13
1624985096.333,0,48.46
1624985096.336,1,64.76
1624985096.441,0,50.71
1624985096.444,1,88.94
1624985096.547,0,53.67
1624985096.55,1,60.5
1624985096.653,0,55.27
1624985096.656,1,56.97
1624985096.759,0,64.13
1624985096.764,1,64.05
1624985096.867,0,89.01
1624985096.871,1,85.08
1624985096.973,0,69.97
1624985096.976,1,91.4
1624985097.079,0,49.29
1624985097.084,1,54.25
1624985097.19,0,48.68
1624985097.193,1,54.38
1624985097.296,0,47.88
1624985097.299,1,57.36
1624985097.402,0,48.81
1624985097.405,1,80.21
1624985097.508,0,54.02
1624985097.511,1,65.71
1624985097.615,0,56.15
1624985097.618,1,57.57
1624985097.721,0,56.25
1624985097.726,1,57.88
1624985097.829,0,76.2
1624985097.833,1,73.39
1624985097.937,0,102.56
1624985097.94,1,122.53
1624985098.043,0,49.32
1624985098.047,1,54.26
1624985098.15,0,49.14
1624985098.153,1,54.53
1624985098.256,0,48.7
1624985098.259,1,55.74
1624985098.363,0,47.72
1624985098.367,1,58.7
1624985098.471,0,48.49
1624985098.474,1,68.9
1624985098.577,0,50.75
1624985098.579,1,91.44
1624985098.682,0,54.56
1624985098.689,1,56.54
1624985098.794,0,57.91
1624985098.798,1,58.72
1624985098.901,0,81.65
1624985098.904,1,77.43
1624985099.007,0,103.61
1624985099.01,1,118.78
1624985099.113,0,49.36
1624985099.116,1,53.9
1624985099.219,0,48.87
1624985099.222,1,54.85
1624985099.327,0,48.58
1624985099.33,1,55.13
1624985099.433,0,47.62
1624985099.436,1,60.42
1624985099.54,0,49.56
1624985099.542,1,89.68
1624985099.645,0,52.62
1624985099.651,1,76.16
1624985099.754,0,56.9
1624985099.758,1,58.32
1624985099.861,0,63.45
1624985099.864,1,63.89
1624985099.967,0,82.87
1624985099.972,1,79.02
1624985100.075,0,72.79
1624985100.079,1,82.15
1624985100.188,0,77.86
1624985100.193,1,98.36
1624985100.295,0,49.24
1624985100.299,1,54.08
1624985100.402,0,48.45
1624985100.405,1,55.18
1624985100.508,0,47.4
1624985100.513,1,63.65
1624985100.616,0,52.86
1624985100.619,1,65.72
1624985100.722,0,63.38
1624985100.726,1,63.3
1624985100.829,0,73.96
1624985100.835,1,71.9
1624985100.938,0,96.51
1624985100.941,1,119.16
1624985101.045,0,49.35
1624985101.048,1,54.09
1624985101.152,0,48.9
1624985101.155,1,54.78
1624985101.259,0,47.91
1624985101.262,1,60.63
1624985101.365,0,48.46
1624985101.368,1,68.95
1624985101.471,0,52.16
1624985101.476,1,79.11
1624985101.579,0,57.85
1624985101.584,1,58.39
1624985101.687,0,65.2
1624985101.69,1,66.04
1624985101.793,0,84.59
1624985101.798,1,81.65
1624985101.901,0,101.5
1624985101.904,1,102.53
1624985102.008,0,49.29
1624985102.011,1,56.5
1624985102.114,0,49.38
1624985102.118,1,54.72
1624985102.222,0,48.99
1624985102.224,1,55.16
1624985102.328,0,48.29
1624985102.331,1,57.32
1624985102.437,0,48.04
1624985102.44,1,65.07
1624985102.543,0,49.41
1624985102.545,1,92.97
1624985102.648,0,53.73
1624985102.652,1,55.4
1624985102.755,0,54.89
1624985102.76,1,56.57
1624985102.863,0,60.46
1624985102.867,1,61.58
1624985102.97,0,73.35
1624985102.973,1,73.57
1624985103.076,0,110.19
1624985103.081,1,104.67
1624985103.184,0,61.22
1624985103.189,1,92.75
1624985103.292,0,49.16
1624985103.295,1,54.0
1624985103.398,0,48.74
1624985103.402,1,55.02
1624985103.506,0,47.72
1624985103.509,1,59.7
1624985103.612,0,49.01
1624985103.615,1,80.14
1624985103.718,0,53.26
1624985103.724,1,62.84
1624985103.827,0,55.02
1624985103.83,1,56.97
1624985103.933,0,79.68
1624985103.936,1,75.8
1624985104.039,0,99.66
1624985104.045,1,94.5
1624985104.148,0,49.37
1624985104.151,1,75.1
1624985104.254,0,49.0
1624985104.256,1,54.73
1624985104.36,0,48.44
1624985104.366,1,55.23
1624985104.469,0,47.85
1624985104.472,1,62.99
1624985104.575,0,50.08
1624985104.578,1,82.37
1624985104.681,0,54.69
1624985104.687,1,63.44
1624985104.792,0,62.08
1624985104.795,1,62.93
1624985104.898,0,80.04
1624985104.902,1,77.07
1624985105.005,0,113.14
1624985105.008,1,121.27
1624985105.113,0,49.38
1624985105.116,1,54.38
1624985105.219,0,49.0
1624985105.222,1,54.72
1624985105.326,0,48.65
1624985105.329,1,55.5
1624985105.435,0,47.77
1624985105.438,1,64.61
1624985105.54,0,51.56
1624985105.543,1,82.12
1624985105.646,0,57.3
1624985105.65,1,57.72
1624985105.755,0,63.88
1624985105.758,1,63.59
1624985105.861,0,71.73
1624985105.865,1,69.84
1624985105.968,0,96.64
1624985105.971,1,118.96
1624985106.076,0,49.34
1624985106.078,1,54.28
1624985106.182,0,48.97
1624985106.185,1,54.46
1624985106.289,0,47.52
1624985106.292,1,59.62
1624985106.397,0,49.47
1624985106.4,1,80.4
1624985106.503,0,54.35
1624985106.506,1,62.47
1624985106.609,0,57.65
1624985106.613,1,58.22
1624985106.717,0,65.46
1624985106.721,1,65.63
1624985106.824,0,99.77
1624985106.827,1,95.46
1624985106.93,0,68.0
1624985106.934,1,99.09
1624985107.038,0,49.19
1624985107.041,1,54.69
1624985107.145,0,48.81
1624985107.148,1,55.37
1624985107.251,0,48.19
1624985107.255,1,57.07
1624985107.36,0,48.81
1624985107.362,1,72.4
1624985107.465,0,52.63
1624985107.468,1,79.53
1624985107.571,0,55.81
1624985107.576,1,56.84
1624985107.68,0,62.22
1624985107.684,1,62.88
1624985107.787,0,75.08
1624985107.79,1,72.71
1624985107.893,0,86.47
1624985107.897,1,98.13
1624985108.001,0,49.38
1624985108.004,1,54.53
1624985108.107,0,49.16
1624985108.11,1,54.26
1624985108.214,0,48.17
1624985108.218,1,56.24
1624985108.322,0,48.03
1624985108.325,1,63.31
1624985108.428,0,49.29
1624985108.431,1,78.82
1624985108.534,0,53.85
1624985108.539,1,64.67
1624985108.643,0,57.99
1624985108.646,1,59.2
1624985108.749,0,66.8
1624985108.753,1,66.97
1624985108.856,0,93.96
1624985108.86,1,87.14
1624985108.964,0,104.33
1624985108.967,1,124.7
1624985109.07,0,49.39
1624985109.073,1,54.61
1624985109.176,0,48.84
1624985109.18,1,55.11
1624985109.285,0,48.04
1624985109.288,1,59.32
1624985109.392,0,48.63
1624985109.394,1,69.36
1624985109.497,0,53.04
1624985109.501,1,82.63
1624985109.606,0,56.45
1624985109.61,1,57.55
1624985109.713,0,66.31
1624985109.716,1,66.76
1624985109.819,0,103.77
1624985109.823,1,92.93
1624985109.927,0,62.13
1624985109.93,1,89.84
1624985110.033,0,49.1
1624985110.035,1,54.59
1624985110.139,0,48.71
1624985110.143,1,54.99
1624985110.248,0,47.43
1624985110.251,1,60.36
1624985110.354,0,49.98
1624985110.357,1,88.65
1624985110.46,0,55.33
1624985110.465,1,60.93
1624985110.568,0,64.77
1624985110.572,1,64.66
1624985110.675,0,76.18
1624985110.678,1,73.25
1624985110.781,0,106.89
1624985110.785,1,119.25
1624985110.889,0,49.29
1624985110.892,1,54.21
1624985110.995,0,48.97
1624985110.998,1,54.76
1624985111.102,0,48.0
1624985111.106,1,57.05
1624985111.211,0,49.23
1624985111.213,1,74.08
1624985111.316,0,54.5
1624985111.32,1,62.5
1624985111.423,0,58.02
1624985111.428,1,59.05
1624985111.531,0,80.85
1624985111.535,1,76.7
1624985111.638,0,104.26
1624985111.641,1,114.72
1624985111.743,0,58.13
1624985111.748,1,92.11
1624985111.852,0,49.26
1624985111.855,1,54.56
1624985111.959,0,49.0
1624985111.961,1,54.41
1624985112.065,0,48.18
1624985112.069,1,56.2
1624985112.173,0,47.66
1624985112.176,1,65.79
1624985112.279,0,50.79
1624985112.282,1,91.55
1624985112.385,0,54.79
1624985112.39,1,56.37
1624985112.494,0,57.68
1624985112.497,1,59.38
1624985112.6,0,86.58
1624985112.604,1,79.63
1624985112.709,0,90.05
1624985112.712,1,87.72
1624985112.815,0,49.42
1624985112.818,1,71.12
1624985112.921,0,49.29
1624985112.924,1,54.1
1624985113.027,0,48.9
1624985113.032,1,54.78
1624985113.136,0,47.62
1624985113.139,1,59.08
1624985113.242,0,48.98
1624985113.245,1,73.32
1624985113.348,0,51.88
1624985113.352,1,80.98
1624985113.456,0,56.76
1624985113.46,1,57.95
1624985113.563,0,68.91
1624985113.566,1,69.51
1624985113.669,0,111.45
1624985113.674,1,98.37
1624985113.777,0,82.25
1624985113.78,1,103.63
1624985113.883,0,49.18
1624985113.886,1,54.59
1624985113.99,0,48.74
1624985113.994,1,54.84
1624985114.099,0,47.69
1624985114.102,1,58.36
1624985114.205,0,48.3
1624985114.208,1,66.36
1624985114.313,0,49.7
1624985114.316,1,79.85
1624985114.42,0,54.28
1624985114.423,1,56.13
1624985114.526,0,60.3
1624985114.53,1,60.82
1624985114.633,0,77.66
1624985114.637,1,72.31
1624985114.741,0,110.35
1624985114.744,1,106.99
1624985114.847,0,49.35
1624985114.85,1,56.35
1624985114.953,0,49.32
1624985114.957,1,54.38
1624985115.062,0,48.78
1624985115.065,1,55.53
1624985115.168,0,47.43
1624985115.171,1,61.38
1624985115.274,0,50.4
1624985115.278,1,84.43
1624985115.382,0,54.14
1624985115.386,1,60.48
1624985115.488,0,59.63
1624985115.492,1,60.67
1624985115.595,0,74.12
1624985115.599,1,71.47
1624985115.703,0,118.3
1624985115.706,1,110.54
1624985115.809,0,49.32
1624985115.812,1,54.42
1624985115.917,0,48.98
1624985115.92,1,54.3
1624985116.025,0,48.9
1624985116.027,1,55.37
1624985116.131,0,47.62
1624985116.134,1,60.43
1624985116.237,0,49.38
1624985116.241,1,79.89
1624985116.345,0,54.75
1624985116.349,1,59.38
1624985116.452,0,57.97
1624985116.455,1,59.1
1624985116.558,0,91.07
1624985116.562,1,85.49
1624985116.666,0,74.09
1624985116.669,1,96.76
1624985116.772,0,49.32
1624985116.775,1,54.33
1624985116.878,0,49.06
1624985116.883,1,54.28
1624985116.987,0,48.68
1624985116.99,1,55.15
1624985117.094,0,47.78
1624985117.096,1,64.12
1624985117.199,0,49.22
1624985117.203,1,72.74
1624985117.307,0,52.01
1624985117.31,1,85.45
1624985117.413,0,56.52
1624985117.417,1,57.26
1624985117.522,0,70.52
1624985117.526,1,69.18
1624985117.629,0,92.22
1624985117.633,1,86.99
1624985117.736,0,83.71
1624985117.738,1,101.89
1624985117.842,0,49.45
1624985117.846,1,54.32
1624985117.95,0,48.94
1624985117.953,1,54.73
1624985118.056,0,48.07
1624985118.059,1,57.61
1624985118.163,0,48.51
1624985118.166,1,67.07
1624985118.27,0,50.65
1624985118.273,1,89.0
1624985118.376,0,56.53
1624985118.38,1,58.01
1624985118.483,0,61.53
1624985118.487,1,61.68
1624985118.591,0,79.22
1624985118.595,1,77.05
1624985118.698,0,94.57
1624985118.701,1,113.89
1624985118.804,0,49.32
1624985118.808,1,64.01
1624985118.912,0,49.1
1624985118.915,1,54.51
1624985119.019,0,48.58
1624985119.022,1,55.15
1624985119.128,0,48.13
1624985119.132,1,63.95
1624985119.235,0,49.21
1624985119.238,1,76.61
1624985119.341,0,54.28
1624985119.344,1,63.31
1624985119.447,0,56.82
1624985119.45,1,57.74
1624985119.555,0,66.24
1624985119.558,1,65.55
1624985119.661,0,91.96
1624985119.665,1,85.69
1624985119.768,0,99.55
1624985119.771,1,124.02
1624985119.875,0,49.45
1624985119.878,1,54.38
1624985119.982,0,49.02
1624985119.985,1,54.8
1624985120.088,0,48.42
1624985120.092,1,54.99
1624985120.197,0,47.62
1624985120.199,1,61.15
1624985120.303,0,49.99
1624985120.305,1,84.7
1624985120.408,0,53.72
1624985120.412,1,79.21
1624985120.517,0,59.51
1624985120.521,1,60.47
1624985120.624,0,74.19
1624985120.627,1,71.62
1624985120.731,0,86.54
1624985120.736,1,78.1
1624985120.839,0,72.79
1624985120.842,1,95.76
1624985120.945,0,49.33
1624985120.948,1,54.08
1624985121.051,0,49.16
1624985121.055,1,54.88
1624985121.159,0,47.75
1624985121.162,1,58.47
1624985121.266,0,49.16
1624985121.269,1,85.38
1624985121.371,0,53.73
1624985121.375,1,75.1
1624985121.48,0,54.03
1624985121.484,1,55.93
1624985121.587,0,61.69
1624985121.59,1,62.24
1624985121.693,0,89.02
1624985121.697,1,80.86
1624985121.801,0,103.37
1624985121.803,1,114.97
1624985121.906,0,49.4
1624985121.909,1,54.26
1624985122.013,0,49.26
1624985122.017,1,54.72
1624985122.122,0,48.62
1624985122.125,1,55.14
1624985122.228,0,47.72
1624985122.231,1,59.46
1624985122.335,0,48.38
1624985122.339,1,65.86
1624985122.443,0,52.42
1624985122.446,1,76.53
1624985122.549,0,56.5
1624985122.552,1,58.31
1624985122.655,0,72.37
1624985122.659,1,69.9
1624985122.763,0,100.51
1624985122.767,1,97.85
1624985122.87,0,77.25
1624985122.873,1,95.7
1624985122.976,0,49.1
1624985122.98,1,54.6
1624985123.085,0,49.0
1624985123.088,1,54.99
1624985123.191,0,47.46
1624985123.194,1,60.65
1624985123.297,0,49.06
1624985123.3,1,77.12
1624985123.405,0,54.19
1624985123.409,1,55.95
1624985123.512,0,60.92
1624985123.515,1,61.15
1624985123.618,0,74.71
1624985123.622,1,71.2
1624985123.726,0,92.4
1624985123.729,1,88.52
1624985123.832,0,56.98
1624985123.835,1,93.02
1624985123.939,0,49.19
1624985123.944,1,54.47
1624985124.048,0,48.94
1624985124.051,1,54.85
1624985124.154,0,48.35
1624985124.157,1,57.27
1624985124.261,0,48.81
1624985124.263,1,68.97
1624985124.368,0,51.91
1624985124.371,1,77.59
1624985124.474,0,56.04
1624985124.477,1,57.53
1624985124.58,0,58.11
1624985124.584,1,59.13
1624985124.689,0,64.09
1624985124.692,1,64.65
1624985124.795,0,97.1
1624985124.798,1,91.48
1624985124.901,0,49.36
1624985124.905,1,77.85
1624985125.01,0,49.24
1624985125.012,1,54.48
1624985125.116,0,48.81
1624985125.119,1,55.36
1624985125.222,0,47.43
1624985125.226,1,60.21
1624985125.331,0,50.11
1624985125.334,1,93.8
1624985125.436,0,55.62
1624985125.44,1,56.91
1624985125.543,0,61.69
1624985125.549,1,61.66
1624985125.652,0,71.11
1624985125.655,1,69.85
1624985125.758,0,111.4
1624985125.761,1,122.57
1624985125.864,0,49.41
1624985125.868,1,68.12
1624985125.972,0,49.38
1624985125.975,1,53.74
1624985126.079,0,49.06
1624985126.082,1,54.67
1624985126.185,0,48.16
1624985126.189,1,55.26
1624985126.294,0,48.09
1624985126.296,1,64.25
1624985126.399,0,49.38
1624985126.402,1,79.76
1624985126.505,0,53.7
1624985126.51,1,65.64
1624985126.614,0,58.06
1624985126.618,1,59.18
1624985126.721,0,67.46
1624985126.724,1,67.22
1624985126.827,0,68.88
1624985126.831,1,67.26
1624985126.935,0,93.07
1624985126.938,1,106.95
1624985127.041,0,49.32
1624985127.044,1,54.47
1624985127.147,0,49.2
1624985127.153,1,54.8
1624985127.257,0,48.45
1624985127.26,1,55.21
1624985127.363,0,48.12
1624985127.366,1,65.87
1624985127.469,0,51.21
1624985127.473,1,87.34
1624985127.577,0,54.47
1624985127.58,1,62.78
1624985127.683,0,59.05
1624985127.687,1,59.81
1624985127.79,0,82.05
1624985127.794,1,77.16
1624985127.898,0,99.78
1624985127.901,1,117.66
1624985128.004,0,49.42
1624985128.007,1,60.11
1624985128.11,0,49.38
1624985128.115,1,54.21
1624985128.219,0,48.84
1624985128.222,1,55.21
1624985128.325,0,47.61
1624985128.328,1,59.82
1624985128.431,0,50.69
1624985128.435,1,81.46
1624985128.54,0,53.67
1624985128.543,1,63.26
1624985128.646,0,57.26
1624985128.649,1,58.55
1624985128.753,0,69.86
1624985128.759,1,69.3
1624985128.862,0,102.98
1624985128.866,1,95.93
1624985128.969,0,52.7
1624985128.972,1,79.28
1624985129.074,0,49.06
1624985129.079,1,55.15
1624985129.182,0,48.26
1624985129.185,1,57.17
1624985129.289,0,47.94
1624985129.291,1,67.77
1624985129.394,0,51.18
1624985129.397,1,88.59
1624985129.502,0,54.84
1624985129.505,1,56.6
1624985129.608,0,64.51
1624985129.612,1,63.74
1624985129.715,0,81.71
1624985129.718,1,76.6
1624985129.823,0,109.71
1624985129.826,1,104.07
1624985129.929,0,49.46
1624985129.932,1,77.42
1624985130.034,0,48.87
1624985130.037,1,54.77
1624985130.144,0,48.22
1624985130.147,1,56.39
1624985130.25,0,48.39
1624985130.253,1,67.03
1624985130.356,0,51.78
1624985130.359,1,76.58
1624985130.464,0,54.94
1624985130.472,1,56.51
1624985130.575,0,71.85
1624985130.579,1,67.17
1624985130.685,0,88.02
1624985130.688,1,86.18
1624985130.791,0,92.2
1624985130.794,1,112.14
1624985130.897,0,49.39
1624985130.9,1,54.73
1624985131.006,0,49.07
1624985131.009,1,54.76
1624985131.112,0,48.36
1624985131.116,1,56.46
1624985131.219,0,47.58
1624985131.222,1,59.68
1624985131.326,0,49.32
1624985131.329,1,77.86
1624985131.432,0,52.58
1624985131.435,1,66.32
1624985131.538,0,57.78
1624985131.541,1,58.41
1624985131.647,0,64.29
1624985131.65,1,64.77
1624985131.753,0,79.53
1624985131.757,1,75.51
1624985131.86,0,92.01
1624985131.864,1,117.56
1624985131.968,0,49.32
1624985131.971,1,53.96
1624985132.074,0,49.19
1624985132.077,1,54.68
1624985132.181,0,48.65
1624985132.184,1,54.83
1624985132.289,0,47.4
1624985132.294,1,60.37
1624985132.397,0,49.44
1624985132.4,1,76.35
1624985132.503,0,52.1
1624985132.506,1,83.52
1624985132.61,0,55.98
1624985132.613,1,57.18
1624985132.716,0,62.78
1624985132.72,1,63.44
1624985132.823,0,91.55
1624985132.826,1,81.9
1624985132.931,0,109.52
1624985132.934,1,118.53
1624985133.036,0,49.49
1624985133.039,1,62.06
1624985133.143,0,48.65
1624985133.146,1,54.69
1624985133.252,0,48.04
1624985133.255,1,57.32
1624985133.36,0,47.97
1624985133.362,1,63.92
1624985133.465,0,50.04
1624985133.471,1,81.75
1624985133.574,0,54.12
1624985133.577,1,55.9
1624985133.68,0,60.9
1624985133.683,1,61.66
1624985133.786,0,80.26
1624985133.79,1,75.54
1624985133.894,0,112.92
1624985133.898,1,119.99
1624985134.001,0,49.29
1624985134.004,1,59.26
1624985134.107,0,49.13
1624985134.11,1,54.34
1624985134.215,0,48.55
1624985134.218,1,55.4
1624985134.321,0,48.07
1624985134.33,1,56.47
1624985134.436,0,48.09
1624985134.439,1,68.15
1624985134.542,0,51.79
1624985134.545,1,83.96
1624985134.648,0,54.88
1624985134.654,1,56.74
1624985134.757,0,59.93
1624985134.76,1,60.41
1624985134.865,0,74.92
1624985134.868,1,72.07
1624985134.971,0,113.94
1624985134.974,1,127.92
1624985135.078,0,49.46
1624985135.082,1,54.12
1624985135.185,0,49.19
1624985135.188,1,54.49
1624985135.292,0,48.52
1624985135.295,1,55.66
1624985135.399,0,48.25
1624985135.402,1,66.63
1624985135.505,0,51.25
1624985135.51,1,92.35
1624985135.613,0,56.22
1624985135.616,1,57.72
1624985135.72,0,72.15
1624985135.723,1,69.58
1624985135.826,0,114.47
1624985135.829,1,107.96
1624985135.932,0,49.39
1624985135.935,1,54.24
1624985136.04,0,49.16
1624985136.043,1,54.84
1624985136.146,0,48.65
1624985136.149,1,55.49
1624985136.253,0,47.97
1624985136.256,1,62.59
1624985136.362,0,49.38
1624985136.37,1,77.84
1624985136.473,0,53.28
1624985136.476,1,66.88
1624985136.582,0,57.77
1624985136.585,1,58.99
1624985136.688,0,69.46
1624985136.692,1,68.67
1624985136.795,0,97.64
1624985136.799,1,90.14
1624985136.903,0,67.78
1624985136.906,1,87.28
1624985137.009,0,49.32
1624985137.012,1,54.26
1624985137.115,0,49.12
1624985137.118,1,54.74
1624985137.224,0,48.36
1624985137.229,1,55.7
1624985137.332,0,48.29
1624985137.335,1,65.29
1624985137.438,0,53.31
1624985137.441,1,80.8
1624985137.545,0,55.24
1624985137.549,1,56.38
1624985137.652,0,59.13
1624985137.658,1,60.51
1624985137.761,0,91.16
1624985137.764,1,86.75
1624985137.867,0,66.71
1624985137.87,1,101.82
1624985137.974,0,49.1
1624985137.977,1,54.59
1624985138.081,0,48.49
1624985138.087,1,55.55
1624985138.19,0,48.02
1624985138.193,1,63.13
1624985138.296,0,50.76
1624985138.299,1,86.58
1624985138.402,0,55.08
1624985138.405,1,58.28
1624985138.508,0,56.43
1624985138.513,1,57.17
1624985138.616,0,72.36
1624985138.619,1,71.28
1624985138.722,0,112.6
1624985138.725,1,121.05
1624985138.829,0,49.44
1624985138.832,1,61.64
1624985138.935,0,49.03
1624985138.938,1,54.31
1624985139.041,0,48.38
1624985139.044,1,55.53
1624985139.15,0,47.64
1624985139.152,1,63.67
1624985139.255,0,50.6
1624985139.258,1,90.44
1624985139.361,0,54.19
1624985139.366,1,55.84
1624985139.47,0,56.7
1624985139.474,1,57.45
1624985139.578,0,66.29
1624985139.582,1,66.74
1624985139.685,0,82.39
1624985139.688,1,77.88
1624985139.792,0,109.24
1624985139.795,1,126.45
1624985139.897,0,49.34
1624985139.9,1,53.9
1624985140.004,0,48.7
1624985140.008,1,55.93
1624985140.113,0,47.62
1624985140.116,1,60.8
1624985140.219,0,50.66
1624985140.222,1,92.52
1624985140.325,0,54.78
1624985140.329,1,56.15
1624985140.433,0,61.31
1624985140.437,1,61.56
1624985140.54,0,69.48
1624985140.543,1,69.37
1624985140.646,0,82.93
1624985140.651,1,79.2
1624985140.754,0,78.14
1624985140.757,1,101.3
1624985140.86,0,49.22
1624985140.863,1,54.54
1624985140.966,0,49.03
1624985140.971,1,54.66
1624985141.075,0,48.62
1624985141.078,1,55.16
1624985141.182,0,47.61
1624985141.185,1,66.27
1624985141.288,0,51.39
1624985141.292,1,91.49
1624985141.396,0,55.12
1624985141.4,1,56.62
1624985141.503,0,59.25
1624985141.506,1,60.18
1624985141.609,0,76.09
1624985141.614,1,73.11
1624985141.717,0,84.11
1624985141.72,1,105.93
1624985141.823,0,49.42
1624985141.826,1,54.4
1624985141.929,0,48.87
1624985141.933,1,54.94
1624985142.038,0,48.66
1624985142.041,1,55.49
1624985142.145,0,47.62
1624985142.147,1,61.86
1624985142.251,0,49.41
1624985142.254,1,71.22
1624985142.359,0,52.74
1624985142.362,1,69.97
1624985142.465,0,54.09
1624985142.468,1,55.76
1624985142.571,0,65.51
1624985142.576,1,64.52
1624985142.68,0,75.3
1624985142.684,1,74.29
1624985142.787,0,101.74
1624985142.789,1,108.53
1624985142.892,0,49.26
1624985142.896,1,70.13
1624985143.001,0,49.14
1624985143.004,1,54.19
1624985143.107,0,48.85
1624985143.11,1,55.32
1624985143.213,0,48.26
1624985143.217,1,56.95
1624985143.322,0,48.17
1624985143.325,1,68.57
1624985143.428,0,51.04
1624985143.431,1,89.52
1624985143.534,0,54.12
1624985143.538,1,63.37
1624985143.643,0,56.69
1624985143.646,1,58.08
1624985143.749,0,58.54
1624985143.752,1,59.47
1624985143.855,0,66.92
1624985143.859,1,65.33
1624985143.963,0,93.07
1624985143.967,1,87.68
1624985144.07,0,84.46
1624985144.073,1,106.21
1624985144.176,0,49.41
1624985144.18,1,54.37
1624985144.284,0,49.09
1624985144.287,1,54.68
1624985144.391,0,48.39
1624985144.394,1,56.91
1624985144.497,0,48.73
1624985144.501,1,70.52
1624985144.605,0,53.64
1624985144.608,1,73.05
1624985144.711,0,58.68
1624985144.715,1,59.59
1624985144.818,0,60.48
1624985144.823,1,60.54
1624985144.926,0,93.07
1624985144.93,1,88.33
1624985145.033,0,53.16
1624985145.038,1,79.69
1624985145.14,0,49.29
1624985145.144,1,54.21
1624985145.247,0,49.1
1624985145.25,1,54.8
1624985145.354,0,47.94
1624985145.356,1,58.25
1624985145.46,0,48.01
1624985145.464,1,63.03
1624985145.568,0,50.18
1624985145.57,1,95.22
1624985145.673,0,55.99
1624985145.677,1,57.38
1624985145.78,0,60.85
1624985145.786,1,61.01
1624985145.889,0,83.34
1624985145.892,1,79.75
1624985145.995,0,105.66
1624985145.998,1,119.38
1624985146.101,0,49.35
1624985146.106,1,73.72
1624985146.209,0,49.1
1624985146.212,1,54.22
1624985146.316,0,48.78
1624985146.318,1,55.33
1624985146.422,0,48.07
1624985146.428,1,57.51
1624985146.531,0,48.45
1624985146.534,1,70.04
1624985146.637,0,52.2
1624985146.64,1,74.91
1624985146.743,0,55.55
1624985146.749,1,57.32
1624985146.851,0,61.32
1624985146.855,1,61.89
1624985146.958,0,81.4
1624985146.962,1,78.07
1624985147.064,0,88.6
1624985147.069,1,82.53
1624985147.172,0,49.26
1624985147.175,1,54.38
1624985147.278,0,49.1
1624985147.281,1,54.91
1624985147.385,0,48.42
1624985147.39,1,56.53
1624985147.494,0,48.13
1624985147.496,1,65.82
1624985147.599,0,52.91
1624985147.602,1,73.81
1624985147.705,0,46.56
1624985147.71,1,48.54
1624985147.814,0,48.88
1624985147.817,1,71.91
1624985147.92,0,53.79
1624985147.923,1,65.97
1624985148.026,0,56.08
1624985148.032,1,57.59
1624985148.135,0,75.6
1624985148.139,1,73.7
1624985148.242,0,119.63
1624985148.245,1,138.42
1624985148.348,0,49.26
1624985148.353,1,54.49
1624985148.456,0,49.06
1624985148.459,1,55.01
1624985148.563,0,47.87
1624985148.565,1,58.76
1624985148.669,0,48.58
1624985148.674,1,75.69
1624985148.776,0,51.47
1624985148.779,1,86.53
1624985148.882,0,55.89
1624985148.886,1,57.6
1624985148.989,0,54.93
1624985148.995,1,56.51
1624985149.099,0,69.39
1624985149.103,1,67.45
1624985149.206,0,100.86
1624985149.209,1,120.51
1624985149.312,0,49.32
1624985149.316,1,54.46
1624985149.42,0,49.03
1624985149.423,1,54.71
1624985149.526,0,47.93
1624985149.529,1,56.88
1624985149.632,0,48.25
1624985149.637,1,68.01
1624985149.74,0,52.1
1624985149.743,1,85.47
1624985149.846,0,56.94
1624985149.851,1,58.03
1624985149.954,0,67.81
1624985149.959,1,67.8
1624985150.062,0,88.48
1624985150.066,1,85.19
1624985150.169,0,58.95
1624985150.172,1,86.33
1624985150.274,0,49.35
1624985150.28,1,54.31
1624985150.383,0,49.21
1624985150.386,1,54.22
1624985150.49,0,48.68
1624985150.493,1,55.05
1624985150.596,0,47.69
1624985150.601,1,58.79
1624985150.705,0,49.57
1624985150.708,1,77.63
1624985150.811,0,54.0
1624985150.814,1,60.53
1624985150.918,0,55.56
1624985150.922,1,57.13
1624985151.025,0,71.31
1624985151.029,1,69.75
1624985151.132,0,120.62
1624985151.135,1,110.52
1624985151.238,0,69.82
1624985151.243,1,93.28
1624985151.346,0,49.27
1624985151.349,1,54.38
1624985151.453,0,48.69
1624985151.457,1,54.58
1624985151.563,0,47.27
1624985151.566,1,56.73
1624985151.669,0,52.37
1624985151.672,1,75.61
1624985151.775,0,57.15
1624985151.778,1,57.29
1624985151.884,0,61.19
1624985151.888,1,62.3
1624985151.991,0,87.35
1624985151.994,1,84.24
1624985152.097,0,90.77
1624985152.1,1,99.33
1624985152.206,0,49.34
1624985152.209,1,63.12
1624985152.312,0,49.22
1624985152.315,1,54.84
1624985152.418,0,48.87
1624985152.421,1,54.86
1624985152.527,0,47.72
1624985152.529,1,58.89
1624985152.633,0,48.73
1624985152.636,1,76.82
1624985152.738,0,54.17
1624985152.742,1,76.67
1624985152.847,0,54.4
1624985152.85,1,55.9
1624985152.953,0,60.01
1624985152.957,1,60.31
1624985153.06,0,92.38
1624985153.063,1,82.15
1624985153.168,0,83.46
1624985153.171,1,102.77
1624985153.273,0,49.29
1624985153.276,1,53.94
1624985153.38,0,49.03
1624985153.383,1,54.42
1624985153.489,0,48.53
1624985153.492,1,55.39
1624985153.595,0,47.87
1624985153.598,1,66.69
1624985153.701,0,51.07
1624985153.704,1,95.81
1624985153.81,0,54.08
1624985153.814,1,61.2
1624985153.917,0,58.94
1624985153.92,1,59.2
1624985154.023,0,66.28
1624985154.027,1,65.4
1624985154.13,0,108.31
1624985154.134,1,102.37
1624985154.237,0,86.88
1624985154.24,1,112.73
1624985154.343,0,48.97
1624985154.345,1,54.53
1624985154.452,0,48.65
1624985154.454,1,55.31
1624985154.558,0,47.59
1624985154.561,1,59.87
1624985154.664,0,51.08
1624985154.667,1,87.54
1624985154.772,0,53.8
1624985154.775,1,59.03
1624985154.878,0,56.38
1624985154.882,1,57.67
1624985154.985,0,79.46
1624985154.988,1,73.16
1624985155.093,0,110.51
1624985155.096,1,104.38
1624985155.199,0,49.42
1624985155.202,1,59.08
1624985155.305,0,49.22
1624985155.308,1,54.51
1624985155.415,0,48.78
1624985155.418,1,54.78
1624985155.521,0,48.18
1624985155.524,1,56.74
1624985155.628,0,48.49
1624985155.631,1,66.82
1624985155.735,0,50.78
1624985155.737,1,91.86
1624985155.84,0,56.13
1624985155.844,1,57.72
1624985155.947,0,59.45
1624985155.95,1,59.24
1624985156.055,0,85.08
1624985156.059,1,82.38
1624985156.162,0,106.54
1624985156.164,1,118.78
1624985156.267,0,49.4
1624985156.27,1,70.51
1624985156.376,0,49.06
1624985156.379,1,54.78
1624985156.483,0,48.55
1624985156.486,1,55.23
1624985156.589,0,48.47
1624985156.592,1,63.99
1624985156.697,0,49.55
1624985156.7,1,92.84
1624985156.803,0,55.83
1624985156.806,1,57.22
1624985156.909,0,66.14
1624985156.913,1,63.15
1624985157.02,0,75.51
1624985157.023,1,73.74
1624985157.126,0,97.27
1624985157.129,1,116.93
1624985157.232,0,49.36
1624985157.235,1,54.38
1624985157.34,0,48.8
1624985157.342,1,54.97
1624985157.446,0,47.56
1624985157.449,1,62.2
1624985157.552,0,50.13
1624985157.555,1,76.79
1624985157.66,0,52.64
1624985157.663,1,79.98
1624985157.766,0,59.2
1624985157.769,1,59.74
1624985157.872,0,68.58
1624985157.875,1,65.92
1624985157.981,0,98.29
1624985157.984,1,95.17
1624985158.087,0,54.67
1624985158.09,1,78.8
1624985158.193,0,49.22
1624985158.196,1,54.55
1624985158.302,0,48.97
1624985158.305,1,54.86
1624985158.408,0,48.49
1624985158.411,1,55.74
1624985158.515,0,47.72
1624985158.518,1,59.26
1624985158.624,0,48.99
1624985158.627,1,75.33
1624985158.73,0,53.08
1624985158.733,1,65.31
1624985158.836,0,55.48
1624985158.84,1,56.89
1624985158.944,0,66.46
1624985158.947,1,66.62
1624985159.05,0,108.23
1624985159.053,1,105.14
1624985159.156,0,49.45
1624985159.159,1,84.92
1624985159.265,0,49.35
1624985159.268,1,54.75
1624985159.371,0,48.97
1624985159.376,1,54.89
1624985159.479,0,48.12
1624985159.482,1,57.72
1624985159.586,0,48.58
1624985159.589,1,67.93
1624985159.691,0,52.39
1624985159.694,1,82.07
1624985159.797,0,53.95
1624985159.801,1,55.53
1624985159.906,0,56.55
1624985159.909,1,58.03
1624985160.013,0,79.33
1624985160.016,1,78.53
1624985160.119,0,91.97
1624985160.122,1,126.04
1624985160.229,0,49.17
1624985160.232,1,54.78
1624985160.335,0,48.78
1624985160.338,1,55.26
1624985160.442,0,47.61
1624985160.445,1,60.1
1624985160.549,0,50.82
1624985160.552,1,89.97
1624985160.654,0,55.67
1624985160.658,1,57.07
1624985160.761,0,56.7
1624985160.764,1,57.13
1624985160.869,0,78.55
1624985160.872,1,74.74
1624985160.975,0,92.42
1624985160.98,1,81.96
1624985161.083,0,87.92
1624985161.086,1,110.32
1624985161.19,0,49.35
1624985161.193,1,54.64
1624985161.297,0,48.94
1624985161.299,1,54.64
1624985161.403,0,47.56
1624985161.406,1,59.28
1624985161.512,0,48.88
1624985161.515,1,79.51
1624985161.618,0,54.23
1624985161.621,1,55.89
1624985161.724,0,64.0
1624985161.728,1,61.38
1624985161.835,0,63.51
1624985161.839,1,64.18
1624985161.942,0,110.35
1624985161.945,1,101.14
1624985162.048,0,62.63
1624985162.052,1,89.64
1624985162.156,0,49.06
1624985162.159,1,54.19
1624985162.262,0,48.42
1624985162.265,1,55.38
1624985162.369,0,47.97
1624985162.373,1,67.64
1624985162.476,0,50.38
1624985162.479,1,91.68
1624985162.582,0,56.04
1624985162.585,1,57.43
1624985162.688,0,60.91
1624985162.694,1,61.76
1624985162.797,0,76.37
1624985162.801,1,74.25
1624985162.904,0,102.11
1624985162.907,1,94.48
1624985163.01,0,49.38
1624985163.015,1,53.84
1624985163.119,0,48.71
1624985163.121,1,54.8
1624985163.225,0,47.93
1624985163.228,1,61.13
1624985163.331,0,49.45
1624985163.336,1,78.2
1624985163.439,0,54.48
1624985163.442,1,60.17
1624985163.549,0,57.72
1624985163.553,1,58.75
1624985163.656,0,91.61
1624985163.659,1,86.62
1624985163.762,0,96.43
1624985163.765,1,119.6
1624985163.868,0,49.18
1624985163.871,1,53.83
1624985163.974,0,48.6
1624985163.978,1,55.05
1624985164.082,0,47.41
1624985164.084,1,59.83
1624985164.188,0,48.76
1624985164.191,1,69.0
1624985164.295,0,53.75
1624985164.299,1,62.73
1624985164.402,0,57.47
1624985164.406,1,58.66
1624985164.509,0,62.16
1624985164.512,1,62.83
1624985164.615,0,86.06
1624985164.62,1,81.9
1624985164.723,0,89.97
1624985164.726,1,103.55
1624985164.829,0,49.28
1624985164.832,1,54.2
1624985164.935,0,48.74
1624985164.941,1,54.63
1624985165.046,0,48.46
1624985165.049,1,55.78
1624985165.152,0,47.69
1624985165.155,1,61.14
1624985165.258,0,50.59
1624985165.262,1,90.43
1624985165.365,0,55.76
1624985165.368,1,61.19
1624985165.475,0,59.08
1624985165.479,1,59.94
1624985165.582,0,80.49
1624985165.585,1,77.0
1624985165.688,0,109.46
1624985165.693,1,110.99
1624985165.799,0,49.32
1624985165.804,1,66.01
1624985165.907,0,48.9
1624985165.91,1,54.6
1624985166.013,0,47.37
1624985166.016,1,56.72
1624985166.119,0,49.86
1624985166.124,1,84.7
1624985166.227,0,61.92
1624985166.231,1,61.88
1624985166.334,0,86.52
1624985166.337,1,102.4
1624985166.439,0,48.84
1624985166.445,1,53.19
1624985166.551,0,47.05
1624985166.554,1,54.47
1624985166.657,0,48.42
1624985166.66,1,68.94
1624985166.763,0,55.66
1624985166.766,1,56.95
1624985166.869,0,82.14
1624985166.873,1,73.39
1624985166.979,0,69.31
1624985166.982,1,89.23
1624985167.085,0,48.9
1624985167.088,1,54.04
1624985167.191,0,47.05
1624985167.196,1,56.97
1624985167.298,0,51.18
1624985167.301,1,75.54
1624985167.411,0,54.13
1624985167.415,1,55.71
1624985167.518,0,76.54
1624985167.521,1,74.87
1624985167.624,0,49.35
1624985167.628,1,66.99
1624985167.731,0,48.06
1624985167.734,1,53.38
1624985167.838,0,47.59
1624985167.841,1,61.15
1624985167.944,0,54.74
1624985167.949,1,64.87
1624985168.052,0,77.6
1624985168.055,1,74.83
1624985168.158,0,77.45
1624985168.161,1,108.63
1624985168.266,0,49.32
1624985168.27,1,53.98
1624985168.373,0,49.0
1624985168.376,1,54.4
1624985168.48,0,47.95
1624985168.483,1,57.47
1624985168.587,0,48.54
1624985168.59,1,67.94
1624985168.695,0,51.41
1624985168.699,1,92.5
1624985168.802,0,55.14
1624985168.806,1,56.33
1624985168.909,0,62.16
1624985168.912,1,62.22
1624985169.015,0,89.12
1624985169.019,1,79.98
1624985169.123,0,88.24
1624985169.126,1,105.86
1624985169.229,0,49.26
1624985169.233,1,54.1
1624985169.336,0,48.74
1624985169.339,1,54.92
1624985169.443,0,47.97
1624985169.446,1,57.32
1624985169.551,0,48.41
1624985169.554,1,67.69
1624985169.657,0,51.13
1624985169.659,1,87.3
1624985169.762,0,56.64
1624985169.766,1,57.93
1624985169.869,0,60.28
1624985169.875,1,61.5
1624985169.978,0,73.37
1624985169.981,1,72.38
1624985170.084,0,102.82
1624985170.087,1,123.36
1624985170.19,0,54.07
1624985170.196,1,79.35
1624985170.299,0,49.06
1624985170.303,1,54.47
1624985170.406,0,48.73
1624985170.41,1,54.91
1624985170.513,0,47.81
1624985170.517,1,57.83
1624985170.62,0,48.68
1624985170.623,1,69.95
1624985170.726,0,52.27
1624985170.729,1,77.75
1624985170.832,0,58.03
1624985170.838,1,58.37
1624985170.942,0,64.51
1624985170.945,1,64.84
1624985171.048,0,115.09
1624985171.051,1,123.92
1624985171.154,0,49.3
1624985171.158,1,53.84
1624985171.261,0,49.2
1624985171.264,1,54.84
1624985171.37,0,48.39
1624985171.372,1,56.8
1624985171.476,0,47.97
1624985171.479,1,67.82
1624985171.582,0,51.36
1624985171.585,1,93.8
1624985171.687,0,53.6
1624985171.691,1,76.34
1624985171.796,0,54.43
1624985171.8,1,56.42
1624985171.903,0,63.73
1624985171.908,1,64.5
1624985172.011,0,88.29
1624985172.015,1,83.86
1624985172.118,0,97.47
1624985172.121,1,117.46
1624985172.224,0,49.29
1624985172.227,1,54.02
1624985172.33,0,49.03
1624985172.333,1,53.96
1624985172.44,0,48.58
1624985172.443,1,55.13
1624985172.546,0,47.88
1624985172.549,1,62.0
1624985172.652,0,50.83
1624985172.655,1,86.45
1624985172.76,0,54.55
1624985172.764,1,61.89
1624985172.867,0,61.56
1624985172.87,1,61.6
1624985172.973,0,79.77
1624985172.977,1,74.52
1624985173.081,0,105.97
1624985173.084,1,124.02
1624985173.187,0,49.33
1624985173.19,1,53.89
1624985173.293,0,48.87
1624985173.296,1,54.48
1624985173.403,0,48.33
1624985173.406,1,56.82
1624985173.509,0,48.33
1624985173.512,1,66.42
1624985173.615,0,52.44
1624985173.618,1,89.15
1624985173.723,0,55.33
1624985173.727,1,56.84
1624985173.83,0,56.37
1624985173.833,1,57.76
1624985173.936,0,61.8
1624985173.939,1,61.39
1624985174.044,0,79.43
1624985174.047,1,74.86
1624985174.15,0,80.84
1624985174.153,1,103.9
1624985174.256,0,49.22
1624985174.259,1,54.51
1624985174.365,0,48.93
1624985174.368,1,55.09
1624985174.471,0,47.61
1624985174.474,1,59.13
1624985174.578,0,49.13
1624985174.58,1,69.68
1624985174.686,0,51.59
1624985174.689,1,74.36
1624985174.792,0,55.86
1624985174.795,1,57.37
1624985174.898,0,66.12
1624985174.901,1,64.22
1624985175.007,0,77.82
1624985175.01,1,77.53
1624985175.113,0,83.47
1624985175.116,1,100.79
1624985175.219,0,49.22
1624985175.222,1,54.07
1624985175.328,0,48.74
1624985175.331,1,55.21
1624985175.434,0,47.94
1624985175.437,1,58.14
1624985175.54,0,48.09
1624985175.543,1,66.25
1624985175.649,0,50.77
1624985175.651,1,91.91
1624985175.754,0,54.96
1624985175.758,1,56.55
1624985175.861,0,71.68
1624985175.864,1,68.37
1624985175.969,0,75.3
1624985175.973,1,73.04
1624985176.076,0,103.82
1624985176.078,1,118.96
1624985176.181,0,49.35
1624985176.184,1,53.9
1624985176.29,0,49.03
1624985176.293,1,54.82
1624985176.396,0,47.91
1624985176.399,1,58.21
1624985176.503,0,48.28
1624985176.506,1,68.78
1624985176.611,0,51.96
1624985176.614,1,71.9
1624985176.717,0,56.65
1624985176.72,1,57.97
1624985176.823,0,59.89
1624985176.827,1,60.06
1624985176.932,0,98.4
1624985176.935,1,91.18
1624985177.038,0,88.98
1624985177.041,1,105.71
1624985177.144,0,49.39
1624985177.147,1,53.96
1624985177.253,0,48.97
1624985177.256,1,54.57
1624985177.359,0,48.36
1624985177.362,1,55.76
1624985177.466,0,48.17
1624985177.468,1,61.74
1624985177.574,0,49.71
1624985177.577,1,87.88
1624985177.68,0,55.16
1624985177.683,1,56.38
1624985177.786,0,68.08
1624985177.789,1,65.71
1624985177.894,0,81.34
1624985177.898,1,77.96
1624985178.001,0,77.82
1624985178.004,1,76.29
1624985178.107,0,83.8
1624985178.11,1,116.42
1624985178.216,0,49.26
1624985178.22,1,54.09
1624985178.323,0,49.19
1624985178.326,1,54.99
1624985178.43,0,48.39
1624985178.433,1,55.92
1624985178.537,0,48.34
1624985178.54,1,68.33
1624985178.643,0,51.47
1624985178.645,1,92.33
1624985178.748,0,53.48
1624985178.752,1,69.69
1624985178.857,0,57.47
1624985178.861,1,58.31
1624985178.964,0,63.79
1624985178.967,1,64.47
1624985179.07,0,76.11
1624985179.073,1,71.39
1624985179.178,0,116.01
1624985179.181,1,125.44
1624985179.284,0,49.22
1624985179.287,1,54.47
1624985179.39,0,49.22
1624985179.393,1,54.08
1624985179.499,0,48.55
1624985179.503,1,55.62
1624985179.606,0,47.61
1624985179.609,1,58.61
1624985179.714,0,48.54
1624985179.72,1,69.16
1624985179.823,0,52.35
1624985179.826,1,83.62
1624985179.929,0,57.41
1624985179.932,1,58.55
1624985180.035,0,63.64
1624985180.041,1,63.53
1624985180.144,0,84.28
1624985180.148,1,81.46
1624985180.251,0,79.09
1624985180.253,1,100.71
1624985180.356,0,49.26
1624985180.361,1,54.59
1624985180.465,0,49.19
1624985180.468,1,54.51
1624985180.571,0,48.21
1624985180.574,1,56.51
1624985180.678,0,47.85
1624985180.682,1,66.68
1624985180.785,0,51.37
1624985180.788,1,82.64
1624985180.891,0,57.15
1624985180.894,1,58.38
1624985180.997,0,61.38
1624985181.003,1,61.43
1624985181.106,0,67.35
1624985181.11,1,66.49
1624985181.213,0,108.71
1624985181.215,1,127.92
1624985181.319,0,49.31
1624985181.324,1,53.95
1624985181.427,0,48.94
1624985181.43,1,54.64
1624985181.534,0,48.36
1624985181.537,1,57.05
1624985181.64,0,48.09
1624985181.645,1,65.1
1624985181.748,0,50.18
1624985181.75,1,84.87
1624985181.853,0,54.25
1624985181.857,1,55.93
1624985181.96,0,58.74
1624985181.966,1,59.86
1624985182.069,0,71.62
1624985182.072,1,70.87
1624985182.175,0,86.67
1624985182.178,1,84.38
1624985182.281,0,72.29
1624985182.287,1,95.26
1624985182.39,0,49.26
1624985182.393,1,54.5
1624985182.496,0,48.94
1624985182.499,1,55.09
1624985182.602,0,47.81
1624985182.608,1,58.42
1624985182.711,0,48.49
1624985182.714,1,69.65
1624985182.817,0,52.13
1624985182.82,1,92.76
1624985182.925,0,55.92
1624985182.929,1,57.12
1624985183.032,0,60.32
1624985183.036,1,61.27
1624985183.138,0,81.14
1624985183.142,1,78.69
1624985183.245,0,97.92
1624985183.25,1,118.03
1624985183.353,0,49.43
1624985183.356,1,54.07
1624985183.459,0,49.0
1624985183.462,1,54.42
1624985183.565,0,48.52
1624985183.571,1,55.39
1624985183.674,0,47.81
1624985183.677,1,64.53
1624985183.78,0,49.56
1624985183.783,1,80.53
1624985183.886,0,52.27
1624985183.892,1,67.77
1624985183.995,0,56.35
1624985183.998,1,57.94
1624985184.101,0,62.19
1624985184.105,1,62.06
1624985184.208,0,94.09
1624985184.213,1,89.53
1624985184.316,0,74.0
1624985184.319,1,95.75
1624985184.422,0,49.29
1624985184.425,1,69.44
1624985184.528,0,49.08
1624985184.534,1,54.75
1624985184.637,0,48.87
1624985184.64,1,54.46
1624985184.744,0,48.26
1624985184.747,1,56.65
1624985184.85,0,47.72
1624985184.855,1,66.55
1624985184.957,0,52.08
1624985184.96,1,78.56
1624985185.063,0,57.55
1624985185.067,1,58.78
1624985185.17,0,58.0
1624985185.176,1,59.68
1624985185.279,0,90.27
1624985185.282,1,85.65
1624985185.385,0,53.01
1624985185.388,1,85.89
1624985185.491,0,49.15
1624985185.496,1,54.26
1624985185.6,0,48.71
1624985185.603,1,54.99
1624985185.706,0,47.85
1624985185.709,1,57.95
1624985185.813,0,49.13
1624985185.817,1,84.5
1624985185.92,0,53.35
1624985185.923,1,55.21
1624985186.026,0,58.03
1624985186.03,1,59.14
1624985186.133,0,69.67
1624985186.138,1,68.56
1624985186.241,0,77.06
1624985186.245,1,75.47
1624985186.348,0,61.81
1624985186.351,1,92.3
1624985186.454,0,49.14
1624985186.459,1,54.15
1624985186.563,0,48.71
1624985186.565,1,55.18
1624985186.669,0,47.81
1624985186.672,1,58.98
1624985186.775,0,49.06
1624985186.78,1,81.54
1624985186.883,0,53.39
1624985186.886,1,62.76
1624985186.989,0,57.24
1624985186.992,1,58.73
1624985187.095,0,68.14
1624985187.101,1,67.54
1624985187.204,0,86.64
1624985187.208,1,84.28
1624985187.311,0,60.87
1624985187.314,1,96.82
1624985187.417,0,49.29
1624985187.421,1,53.74
1624985187.525,0,48.97
1624985187.528,1,54.66
1624985187.632,0,47.88
1624985187.635,1,57.39
1624985187.738,0,48.48
1624985187.743,1,72.68
1624985187.846,0,50.35
1624985187.849,1,87.56
1624985187.952,0,55.68
1624985187.956,1,57.05
1624985188.059,0,58.22
1624985188.064,1,59.41
1624985188.167,0,68.38
1624985188.171,1,67.24
1624985188.274,0,112.11
1624985188.277,1,106.39
1624985188.38,0,62.88
1624985188.385,1,89.83
1624985188.488,0,49.13
1624985188.491,1,54.44
1624985188.594,0,48.84
1624985188.597,1,54.85
1624985188.701,0,47.57
1624985188.706,1,61.02
1624985188.809,0,48.7
1624985188.812,1,73.85
1624985188.915,0,53.62
1624985188.918,1,72.96
1624985189.021,0,55.87
1624985189.027,1,57.55
1624985189.13,0,60.15
1624985189.133,1,60.32
1624985189.237,0,60.01
1624985189.241,1,61.31
1624985189.344,0,77.06
1624985189.349,1,73.33
1624985189.452,0,111.09
1624985189.455,1,109.66
1624985189.558,0,49.16
1624985189.561,1,54.47
1624985189.665,0,49.11
1624985189.669,1,54.35
1624985189.773,0,48.78
1624985189.775,1,55.66
1624985189.879,0,47.57
1624985189.882,1,59.87
1624985189.985,0,48.87
1624985189.99,1,84.97
1624985190.093,0,53.74
1624985190.096,1,62.65
1624985190.199,0,58.47
1624985190.202,1,59.31
1624985190.305,0,69.54
1624985190.311,1,68.12
1624985190.414,0,113.35
1624985190.417,1,107.17
1624985190.52,0,49.23
1624985190.523,1,54.17
1624985190.627,0,49.06
1624985190.632,1,54.27
1624985190.735,0,48.87
1624985190.738,1,54.57
1624985190.843,0,47.64
1624985190.846,1,57.28
1624985190.952,0,47.72
1624985190.955,1,62.14
1624985191.058,0,51.94
1624985191.061,1,93.43
1624985191.164,0,57.8
1624985191.167,1,58.28
1624985191.273,0,61.24
1624985191.276,1,61.38
1624985191.379,0,81.2
1624985191.383,1,79.31
1624985191.486,0,109.86
1624985191.489,1,109.58
1624985191.593,0,51.95
1624985191.596,1,84.88
1624985191.699,0,49.08
1624985191.702,1,54.68
1624985191.806,0,48.68
1624985191.809,1,55.08
1624985191.915,0,47.54
1624985191.918,1,60.56
1624985192.021,0,50.15
1624985192.024,1,84.76
1624985192.127,0,55.43
1624985192.13,1,57.95
1624985192.236,0,57.15
1624985192.239,1,58.05
1624985192.343,0,71.79
1624985192.346,1,70.25
1624985192.449,0,111.5
1624985192.452,1,122.77
1624985192.557,0,49.35
1624985192.56,1,54.53
1624985192.663,0,49.2
1624985192.666,1,54.54
1624985192.769,0,48.55
1624985192.772,1,54.99
1624985192.878,0,47.3
1624985192.881,1,61.45
1624985192.984,0,50.0
1624985192.987,1,84.66
1624985193.09,0,54.14
1624985193.093,1,79.45
1624985193.199,0,57.04
1624985193.202,1,58.61
1624985193.305,0,65.89
1624985193.308,1,65.71
1624985193.411,0,104.53
1624985193.415,1,91.09
1624985193.519,0,51.31
1624985193.522,1,78.89
1624985193.625,0,49.16
1624985193.628,1,54.21
1624985193.731,0,48.68
1624985193.734,1,54.94
1624985193.84,0,47.43
1624985193.843,1,61.32
1624985193.946,0,50.3
1624985193.949,1,86.08
1624985194.052,0,52.58
1624985194.055,1,70.22
1624985194.161,0,55.99
1624985194.165,1,57.3
1624985194.268,0,66.72
1624985194.271,1,66.3
1624985194.374,0,99.63
1624985194.378,1,91.0
1624985194.482,0,83.86
1624985194.484,1,106.37
1624985194.587,0,49.29
1624985194.59,1,54.11
1624985194.694,0,48.93
1624985194.697,1,55.03
1624985194.803,0,48.32
1624985194.806,1,55.89
1624985194.909,0,47.91
1624985194.912,1,62.5
1624985195.015,0,48.88
1624985195.018,1,76.35
1624985195.123,0,54.69
1624985195.127,1,56.17
1624985195.23,0,55.59
1624985195.233,1,57.27
1624985195.336,0,65.56
1624985195.34,1,64.99
1624985195.444,0,72.4
1624985195.447,1,72.49
1624985195.55,0,96.64
1624985195.553,1,117.83
1624985195.656,0,49.12
1624985195.659,1,54.08
1624985195.765,0,48.93
1624985195.768,1,54.8
1624985195.872,0,47.88
1624985195.875,1,57.61
1624985195.978,0,48.54
1624985195.981,1,67.45
1624985196.086,0,52.62
1624985196.089,1,75.18
1624985196.192,0,55.54
1624985196.195,1,57.11
1624985196.298,0,60.88
1624985196.302,1,60.45
1624985196.407,0,78.24
1624985196.41,1,74.56
1624985196.513,0,114.18
1624985196.517,1,110.67
1624985196.62,0,56.24
1624985196.623,1,94.15
1624985196.727,0,49.28
1624985196.732,1,54.21
1624985196.835,0,48.97
1624985196.838,1,54.89
1624985196.942,0,47.85
1624985196.945,1,57.28
1624985197.049,0,48.22
1624985197.054,1,70.54
1624985197.158,0,51.65
1624985197.161,1,78.14
1624985197.264,0,58.0
1624985197.268,1,58.93
1624985197.371,0,64.46
1624985197.379,1,63.35
1624985197.482,0,95.57
1624985197.486,1,88.5
1624985197.59,0,78.37
1624985197.593,1,101.26
1624985197.696,0,49.2
1624985197.701,1,54.46
1624985197.804,0,48.83
1624985197.807,1,55.1
1624985197.912,0,47.2
1624985197.914,1,58.65
1624985198.018,0,48.92
1624985198.023,1,81.04
1624985198.126,0,56.3
1624985198.13,1,57.7
1624985198.233,0,57.54
1624985198.236,1,59.03
1624985198.339,0,62.59
1624985198.343,1,63.41
1624985198.446,0,102.78
1624985198.449,1,93.77
1624985198.552,0,49.4
1624985198.555,1,75.87
1624985198.658,0,49.13
1624985198.661,1,54.8
1624985198.765,0,48.78
1624985198.768,1,54.67
1624985198.874,0,47.24
1624985198.877,1,60.87
1624985198.98,0,49.75
1624985198.983,1,82.13
1624985199.085,0,57.71
1624985199.089,1,58.33
1624985199.194,0,58.0
1624985199.202,1,59.02
1624985199.306,0,70.55
1624985199.309,1,65.75
1624985199.415,0,106.99
1624985199.417,1,122.32
1624985199.52,0,49.29
1624985199.525,1,53.76
1624985199.628,0,48.9
1624985199.631,1,54.49
1624985199.736,0,47.97
1624985199.739,1,56.99
1624985199.842,0,48.01
1624985199.845,1,66.28
1624985199.948,0,51.34
1624985199.951,1,88.58
1624985200.056,0,56.4
1624985200.06,1,57.62
1624985200.164,0,62.8
1624985200.167,1,62.87
1624985200.27,0,69.08
1624985200.276,1,69.21
1624985200.379,0,99.62
1624985200.382,1,116.92
1624985200.485,0,49.23
1624985200.488,1,53.69
1624985200.592,0,48.47
1624985200.594,1,54.86
1624985200.698,0,47.72
1624985200.703,1,58.68
1624985200.807,0,49.1
1624985200.809,1,89.0
1624985200.912,0,55.33
1624985200.916,1,56.82
1624985201.019,0,62.58
1624985201.022,1,63.41
1624985201.125,0,116.15
1624985201.129,1,109.43
1624985201.232,0,49.26
1624985201.239,1,53.82
1624985201.343,0,48.98
1624985201.345,1,54.3
1624985201.449,0,48.42
1624985201.452,1,54.99
1624985201.556,0,47.91
1624985201.559,1,62.07
1624985201.662,0,49.75
1624985201.667,1,93.34
1624985201.77,0,54.95
1624985201.773,1,56.74
1624985201.876,0,58.37
1624985201.879,1,59.86
1624985201.982,0,83.07
1624985201.986,1,80.96
1624985202.089,0,81.39
1624985202.092,1,89.1
1624985202.195,0,49.26
1624985202.198,1,53.79
1624985202.302,0,48.97
1624985202.305,1,54.37
1624985202.408,0,48.03
1624985202.411,1,56.61
1624985202.515,0,47.79
1624985202.517,1,65.4
1624985202.623,0,50.2
1624985202.627,1,83.84
1624985202.73,0,56.14
1624985202.733,1,57.65
1624985202.836,0,68.03
1624985202.84,1,66.58
1624985202.944,0,117.63
1624985202.947,1,109.18
1624985203.05,0,49.28
1624985203.053,1,57.71
1624985203.156,0,49.26
1624985203.16,1,54.77
1624985203.265,0,48.94
1624985203.268,1,54.85
1624985203.373,0,48.07
1624985203.376,1,56.55
1624985203.479,0,48.04
1624985203.483,1,66.54
1624985203.586,0,50.3
1624985203.593,1,83.56
1624985203.696,0,52.93
1624985203.699,1,65.31
1624985203.802,0,61.58
1624985203.805,1,61.92
1624985203.908,0,64.82
1624985203.912,1,64.82
1624985204.015,0,97.17
1624985204.019,1,92.43
1624985204.122,0,52.39
1624985204.124,1,75.5
1624985204.227,0,49.18
1624985204.23,1,54.68
1624985204.334,0,48.49
1624985204.337,1,55.63
1624985204.44,0,47.65
1624985204.443,1,59.53
1624985204.548,0,50.4
1624985204.551,1,86.01
1624985204.654,0,55.14
1624985204.658,1,56.53
1624985204.761,0,60.73
1624985204.765,1,61.11
1624985204.869,0,46.94
1624985204.871,1,49.08
1624985204.976,0,56.71
1624985204.979,1,58.05
1624985205.082,0,66.76
1624985205.089,1,66.33
1624985205.192,0,73.69
1624985205.195,1,71.29
1624985205.298,0,89.28
1624985205.301,1,112.69
1624985205.404,0,49.19
1624985205.407,1,54.32
1624985205.511,0,49.05
1624985205.514,1,54.74
1624985205.617,0,48.04
1624985205.621,1,56.43
1624985205.724,0,47.97
1624985205.727,1,67.71
1624985205.831,0,50.8
1624985205.834,1,89.75
1624985205.937,0,55.8
1624985205.94,1,57.57
1624985206.043,0,57.09
1624985206.054,1,58.59
1624985206.157,0,66.1
1624985206.16,1,66.39
1624985206.263,0,96.8
1624985206.267,1,83.67
1624985206.373,0,94.85
1624985206.376,1,115.03
1624985206.481,0,49.16
1624985206.484,1,54.7
1624985206.587,0,48.46
1624985206.59,1,55.11
1624985206.694,0,47.78
1624985206.697,1,61.57
1624985206.8,0,49.7
1624985206.803,1,93.26
1624985206.906,0,55.04
1624985206.909,1,63.16
1624985207.014,0,59.71
1624985207.018,1,60.33
1624985207.121,0,79.89
1624985207.125,1,75.86
1624985207.228,0,101.87
1624985207.231,1,114.83
1624985207.335,0,49.35
1624985207.339,1,54.5
1624985207.442,0,48.97
1624985207.445,1,54.67
1624985207.548,0,47.88
1624985207.551,1,56.36
1624985207.656,0,48.33
1624985207.66,1,73.0
1624985207.762,0,50.61
1624985207.765,1,80.62
1624985207.868,0,55.63
1624985207.872,1,56.57
1624985207.977,0,60.45
1624985207.981,1,60.68
1624985208.084,0,82.21
1624985208.088,1,79.19
1624985208.191,0,97.62
1624985208.193,1,119.92
1624985208.298,0,49.25
1624985208.301,1,54.09
1624985208.405,0,48.87
1624985208.408,1,54.47
1624985208.511,0,47.75
1624985208.514,1,57.3
1624985208.619,0,49.32
1624985208.622,1,73.4
1624985208.726,0,51.81
1624985208.728,1,82.2
1624985208.831,0,55.89
1624985208.835,1,56.91
1624985208.939,0,63.59
1624985208.943,1,63.75
1624985209.046,0,69.54
1624985209.05,1,69.34
1624985209.153,0,49.32
1624985209.156,1,82.62
1624985209.26,0,48.17
1624985209.263,1,52.9
1624985209.367,0,47.75
1624985209.37,1,63.25
1624985209.473,0,54.54
1624985209.476,1,66.22
1624985209.58,0,64.39
1624985209.585,1,64.44
1624985209.688,0,109.6
1624985209.691,1,109.4
1624985209.794,0,48.94
1624985209.796,1,53.78
1624985209.902,0,47.97
1624985209.905,1,53.02
1624985210.009,0,48.79
1624985210.012,1,72.46
1624985210.115,0,55.75
1624985210.118,1,57.07
1624985210.222,0,106.64
1624985210.227,1,98.82
1624985210.33,0,49.19
1624985210.333,1,53.46
1624985210.436,0,48.78
1624985210.439,1,54.34
1624985210.544,0,47.78
1624985210.548,1,57.7
1624985210.651,0,50.0
1624985210.654,1,83.51
1624985210.757,0,53.76
1624985210.76,1,63.0
1624985210.865,0,57.76
1624985210.869,1,59.27
1624985210.972,0,68.71
1624985210.975,1,68.05
1624985211.079,0,114.62
1624985211.081,1,135.04
1624985211.185,0,49.3
1624985211.189,1,54.32
1624985211.293,0,49.0
1624985211.296,1,54.4
1624985211.399,0,47.4
1624985211.402,1,59.43
1624985211.507,0,49.31
1624985211.51,1,89.82
1624985211.613,0,55.73
1624985211.617,1,57.33
1624985211.719,0,73.47
1624985211.723,1,70.19
1624985211.827,0,110.16
1624985211.831,1,110.24
1624985211.934,0,49.32
1624985211.937,1,68.21
1624985212.04,0,49.02
1624985212.043,1,54.26
1624985212.148,0,47.94
1624985212.152,1,56.92
1624985212.255,0,48.04
1624985212.258,1,64.1
1624985212.361,0,50.99
1624985212.364,1,86.19
1624985212.468,0,54.55
1624985212.473,1,56.29
1624985212.576,0,64.93
1624985212.579,1,64.63
1624985212.682,0,90.4
1624985212.685,1,83.91
1624985212.789,0,95.33
1624985212.793,1,104.0
1624985212.896,0,49.35
1624985212.899,1,62.91
1624985213.002,0,49.06
1624985213.005,1,53.9
1624985213.11,0,48.77
1624985213.114,1,55.03
1624985213.218,0,47.62
1624985213.22,1,59.13
1624985213.324,0,49.42
1624985213.327,1,77.9
1624985213.431,0,53.02
1624985213.435,1,65.3
1624985213.538,0,57.89
1624985213.542,1,59.28
1624985213.645,0,77.56
1624985213.648,1,73.06
1624985213.752,0,98.34
1624985213.756,1,96.4
1624985213.859,0,49.35
1624985213.862,1,53.8
1624985213.965,0,49.16
1624985213.969,1,54.67
1624985214.073,0,48.67
1624985214.077,1,55.02
1624985214.18,0,47.6
1624985214.183,1,61.37
1624985214.286,0,49.0
1624985214.289,1,71.92
1624985214.393,0,51.51
1624985214.397,1,89.56
1624985214.5,0,55.85
1624985214.504,1,57.36
1624985214.607,0,63.1
1624985214.61,1,63.52
1624985214.714,0,80.48
1624985214.719,1,78.81
1624985214.822,0,94.93
1624985214.825,1,113.61
1624985214.928,0,49.26
1624985214.93,1,54.56
1624985215.035,0,48.74
1624985215.039,1,55.25
1624985215.143,0,48.36
1624985215.146,1,68.3
1624985215.248,0,51.46
1624985215.251,1,85.3
1624985215.356,0,56.24
1624985215.361,1,57.68
1624985215.464,0,77.64
1624985215.467,1,75.41
1624985215.57,0,109.62
1624985215.575,1,112.45
1624985215.678,0,49.26
1624985215.682,1,64.66
1624985215.785,0,49.35
1624985215.788,1,54.46
1624985215.891,0,48.97
1624985215.894,1,54.86
1624985215.999,0,47.69
1624985216.003,1,58.01
1624985216.106,0,49.43
1624985216.109,1,74.31
1624985216.212,0,52.1
1624985216.215,1,85.89
1624985216.319,0,54.44
1624985216.323,1,56.11
1624985216.426,0,64.16
1624985216.43,1,63.65
1624985216.532,0,66.67
1624985216.536,1,65.22
1624985216.64,0,96.78
1624985216.644,1,115.24
1624985216.747,0,49.29
1624985216.75,1,54.53
1624985216.853,0,48.94
1624985216.856,1,54.93
1624985216.961,0,48.42
1624985216.965,1,56.05
1624985217.068,0,47.88
1624985217.071,1,63.38
1624985217.174,0,49.26
1624985217.178,1,73.69
1624985217.282,0,52.21
1624985217.286,1,69.65
1624985217.389,0,54.56
1624985217.392,1,56.22
1624985217.495,0,59.67
1624985217.499,1,60.42
1624985217.602,0,69.34
1624985217.607,1,68.73
1624985217.71,0,103.7
1624985217.713,1,126.03
1624985217.816,0,49.29
1624985217.819,1,54.72
1624985217.923,0,49.05
1624985217.928,1,55.43
1624985218.031,0,48.74
1624985218.034,1,55.58
1624985218.137,0,47.62
1624985218.14,1,64.74
1624985218.244,0,50.19
1624985218.248,1,86.29
1624985218.351,0,54.88
1624985218.355,1,56.6
1624985218.458,0,60.83
1624985218.461,1,60.79
1624985218.565,0,68.75
1624985218.569,1,68.66
1624985218.672,0,114.37
1624985218.675,1,127.57
1624985218.778,0,49.26
1624985218.782,1,79.71
1624985218.886,0,49.1
1624985218.89,1,54.33
1624985218.994,0,47.39
1624985218.996,1,60.94
1624985219.1,0,48.94
1624985219.103,1,74.05
1624985219.205,0,52.31
1624985219.211,1,84.39
1624985219.314,0,57.16
1624985219.317,1,58.85
1624985219.42,0,63.61
1624985219.423,1,64.39
1624985219.526,0,114.91
1624985219.532,1,109.08
1624985219.635,0,84.82
1624985219.638,1,99.11
1624985219.741,0,49.32
1624985219.744,1,54.63
1624985219.848,0,48.9
1624985219.853,1,54.78
1624985219.957,0,48.49
1624985219.96,1,55.72
1624985220.063,0,47.99
1624985220.066,1,67.96
1624985220.169,0,51.11
1624985220.174,1,94.21
1624985220.277,0,54.83
1624985220.28,1,56.49
1624985220.383,0,61.4
1624985220.388,1,62.33
1624985220.491,0,66.5
1624985220.496,1,66.59
1624985220.599,0,106.43
1624985220.602,1,123.87
1624985220.705,0,49.35
1624985220.707,1,54.5
1624985220.813,0,49.16
1624985220.816,1,54.49
1624985220.92,0,48.74
1624985220.922,1,55.52
1624985221.026,0,48.07
1624985221.029,1,57.21
1624985221.132,0,48.31
1624985221.137,1,73.11
1624985221.24,0,52.81
1624985221.242,1,79.64
1624985221.345,0,55.65
1624985221.349,1,57.42
1624985221.452,0,57.51
1624985221.458,1,59.01
1624985221.561,0,68.74
1624985221.565,1,68.45
1624985221.668,0,127.01
1624985221.671,1,117.67
1624985221.774,0,70.73
1624985221.779,1,90.0
1624985221.881,0,49.19
1624985221.885,1,54.21
1624985221.988,0,48.87
1624985221.992,1,54.57
1624985222.096,0,48.46
1624985222.1,1,56.09
1624985222.203,0,47.78
1624985222.206,1,63.93
1624985222.309,0,52.74
1624985222.312,1,79.42
1624985222.417,0,56.63
1624985222.421,1,58.14
1624985222.524,0,66.91
1624985222.527,1,66.21
1624985222.63,0,101.49
1624985222.634,1,97.59
1624985222.737,0,75.03
1624985222.741,1,95.0
1624985222.844,0,49.25
1624985222.847,1,54.55
1624985222.951,0,49.01
1624985222.954,1,55.01
1624985223.057,0,48.13
1624985223.062,1,57.3
1624985223.166,0,48.25
1624985223.168,1,68.44
1624985223.271,0,53.09
1624985223.274,1,69.26
1624985223.377,0,56.5
1624985223.383,1,58.19
1624985223.488,0,60.22
1624985223.491,1,61.56
1624985223.594,0,84.35
1624985223.597,1,80.48
1624985223.7,0,85.71
1624985223.704,1,105.54
1624985223.807,0,49.32
1624985223.81,1,54.19
1624985223.913,0,48.87
1624985223.916,1,54.95
1624985224.021,0,47.62
1624985224.025,1,57.84
1624985224.128,0,48.01
1624985224.131,1,67.18
1624985224.234,0,52.15
1624985224.237,1,86.1
1624985224.34,0,58.78
1624985224.346,1,60.1
1624985224.449,0,64.7
1624985224.452,1,64.98
1624985224.555,0,91.56
1624985224.559,1,89.0
1624985224.662,0,99.95
1624985224.667,1,120.47
1624985224.77,0,49.17
1624985224.773,1,54.68
1624985224.876,0,48.97
1624985224.879,1,54.97
1624985224.983,0,48.29
1624985224.988,1,57.5
1624985225.091,0,48.26
1624985225.094,1,67.32
1624985225.197,0,50.79
1624985225.2,1,91.04
1624985225.304,0,55.23
1624985225.309,1,56.83
1624985225.412,0,61.88
1624985225.416,1,62.9
1624985225.519,0,78.99
1624985225.522,1,77.06
1624985225.626,0,114.35
1624985225.63,1,118.34
1624985225.732,0,49.43
1624985225.735,1,54.09
1624985225.839,0,49.16
1624985225.842,1,54.45
1624985225.946,0,48.78
1624985225.95,1,55.44
1624985226.054,0,47.61
1624985226.057,1,60.98
1624985226.16,0,48.56
1624985226.163,1,70.08
1624985226.266,0,51.33
1624985226.271,1,90.73
1624985226.374,0,55.33
1624985226.377,1,57.13
1624985226.48,0,59.22
1624985226.484,1,59.77
1624985226.587,0,73.87
1624985226.593,1,71.36
1624985226.696,0,109.6
1624985226.699,1,101.29
1624985226.802,0,52.36
1624985226.805,1,74.66
1624985226.908,0,49.4
1624985226.913,1,54.62
1624985227.016,0,49.1
1624985227.019,1,54.62
1624985227.123,0,48.46
1624985227.126,1,56.31
1624985227.232,0,48.23
1624985227.235,1,66.24
1624985227.337,0,52.27
1624985227.34,1,78.83
1624985227.443,0,54.76
1624985227.447,1,56.24
1624985227.551,0,58.2
1624985227.555,1,59.13
1624985227.658,0,74.93
1624985227.661,1,72.85
1624985227.764,0,119.22
1624985227.768,1,105.61
1624985227.872,0,49.35
1624985227.875,1,62.01
1624985227.979,0,49.13
1624985227.981,1,54.66
1624985228.085,0,48.65
1624985228.088,1,55.1
1624985228.193,0,47.3
1624985228.196,1,60.01
1624985228.299,0,49.17
1624985228.302,1,79.38
1624985228.405,0,54.47
1624985228.408,1,65.98
1624985228.515,0,55.37
1624985228.518,1,57.14
1624985228.621,0,63.47
1624985228.624,1,63.74
1624985228.727,0,72.51
1624985228.731,1,65.51
1624985228.838,0,126.9
1624985228.841,1,139.44
1624985228.944,0,49.37
1624985228.947,1,56.39
1624985229.05,0,49.14
1624985229.053,1,54.53
1624985229.159,0,48.71
1624985229.162,1,55.07
1624985229.265,0,47.49
1624985229.268,1,58.96
1624985229.371,0,48.57
1624985229.374,1,70.75
1624985229.477,0,54.2
1624985229.481,1,61.27
1624985229.583,0,59.94
1624985229.587,1,60.58
1624985229.69,0,85.23
1624985229.693,1,81.65
1624985229.796,0,98.11
1624985229.8,1,116.59
1624985229.904,0,49.32
1624985229.907,1,54.18
1624985230.01,0,49.3
1624985230.013,1,54.93
1624985230.117,0,48.74
1624985230.121,1,56.22
1624985230.226,0,48.01
1624985230.229,1,59.65
1624985230.333,0,48.93
1624985230.336,1,72.63
1624985230.438,0,52.55
1624985230.442,1,79.56
1624985230.545,0,56.35
1624985230.549,1,57.05
1624985230.655,0,63.47
1624985230.658,1,63.93
1624985230.761,0,126.94
1624985230.764,1,119.56
1624985230.867,0,49.45
1624985230.87,1,80.93
1624985230.973,0,48.94
1624985230.975,1,54.92
1624985231.079,0,48.17
1624985231.083,1,56.94
1624985231.187,0,48.07
1624985231.19,1,64.68
1624985231.293,0,51.36
1624985231.295,1,92.22
1624985231.398,0,53.35
1624985231.404,1,55.3
1624985231.507,0,58.05
1624985231.511,1,59.26
1624985231.614,0,71.0
1624985231.617,1,70.84
1624985231.72,0,85.6
1624985231.725,1,82.69
1624985231.828,0,101.81
1624985231.831,1,118.56
1624985231.934,0,49.35
1624985231.937,1,54.09
1624985232.04,0,49.0
1624985232.046,1,54.99
1624985232.149,0,48.52
1624985232.152,1,55.66
1624985232.257,0,48.07
1624985232.26,1,65.82
1624985232.362,0,50.98
1624985232.366,1,91.93
1624985232.469,0,55.2
1624985232.473,1,56.95
1624985232.576,0,63.55
1624985232.579,1,60.47
1624985232.687,0,73.45
1624985232.691,1,71.43
1624985232.794,0,86.49
1624985232.797,1,102.38
1624985232.899,0,49.3
1624985232.902,1,54.04
1624985233.006,0,49.03
1624985233.009,1,54.97
1624985233.113,0,47.77
1624985233.117,1,60.81
1624985233.221,0,48.13
1624985233.224,1,73.18
1624985233.327,0,52.74
1624985233.33,1,67.71
1624985233.432,0,56.03
1624985233.436,1,57.13
1624985233.54,0,64.78
1624985233.543,1,65.06
1624985233.646,0,92.36
1624985233.651,1,88.69
1624985233.754,0,86.4
1624985233.757,1,105.13
1624985233.86,0,49.29
1624985233.863,1,54.43
1624985233.968,0,48.92
1624985233.971,1,54.88
1624985234.075,0,48.17
1624985234.078,1,57.22
1624985234.181,0,48.61
1624985234.184,1,73.72
1624985234.287,0,52.15
1624985234.292,1,89.45
1624985234.396,0,55.88
1624985234.399,1,57.46
1624985234.502,0,68.13
1624985234.506,1,66.97
1624985234.609,0,84.78
1624985234.614,1,82.57
1624985234.718,0,85.17
1624985234.722,1,113.06
1624985234.825,0,49.42
1624985234.828,1,56.43
1624985234.931,0,49.0
1624985234.935,1,54.8
1624985235.038,0,48.21
1624985235.041,1,57.36
1624985235.145,0,48.17
1624985235.148,1,68.39
1624985235.252,0,51.79
1624985235.255,1,77.65
1624985235.358,0,55.49
1624985235.362,1,57.19
1624985235.464,0,77.77
1624985235.468,1,74.55
1624985235.571,0,116.21
1624985235.576,1,113.75
1624985235.68,0,51.07
1624985235.683,1,84.23
1624985235.786,0,49.35
1624985235.789,1,54.78
1624985235.892,0,49.06
1624985235.897,1,54.87
1624985236.0,0,47.85
1624985236.003,1,56.86
1624985236.109,0,48.2
1624985236.112,1,65.64
1624985236.215,0,51.01
1624985236.218,1,87.25
1624985236.321,0,57.82
1624985236.326,1,58.58
1624985236.429,0,72.44
1624985236.433,1,68.04
1624985236.538,0,106.34
1624985236.541,1,123.24
1624985236.644,0,49.48
1624985236.647,1,54.32
1624985236.75,0,49.22
1624985236.753,1,54.64
1624985236.856,0,48.49
1624985236.86,1,56.22
1624985236.965,0,48.93
1624985236.968,1,71.67
1624985237.071,0,52.39
1624985237.074,1,70.33
1624985237.177,0,55.34
1624985237.181,1,57.13
1624985237.284,0,57.09
1624985237.288,1,58.62
1624985237.391,0,79.56
1624985237.394,1,74.25
1624985237.499,0,94.99
1624985237.502,1,93.91
1624985237.605,0,49.26
1624985237.608,1,55.6
1624985237.711,0,49.1
1624985237.714,1,54.89
1624985237.817,0,48.49
1624985237.822,1,55.26
1624985237.927,0,47.75
1624985237.931,1,61.04
1624985238.034,0,50.6
1624985238.037,1,89.23
1624985238.14,0,53.95
1624985238.144,1,55.71
1624985238.247,0,66.79
1624985238.25,1,65.28
1624985238.355,0,81.46
1624985238.358,1,79.75
1624985238.461,0,85.95
1624985238.465,1,86.58
1624985238.568,0,49.45
1624985238.571,1,64.93
1624985238.674,0,49.13
1624985238.677,1,54.92
1624985238.781,0,48.74
1624985238.786,1,55.03
1624985238.889,0,48.46
1624985238.892,1,56.91
1624985238.995,0,48.04
1624985238.998,1,66.19
1624985239.103,0,50.59
1624985239.107,1,90.95
1624985239.21,0,57.7
1624985239.213,1,59.01
1624985239.316,0,69.45
1624985239.319,1,68.29
1624985239.423,0,79.83
1624985239.429,1,78.15
1624985239.532,0,91.11
1624985239.536,1,103.25
1624985239.639,0,49.22
1624985239.642,1,54.18
1624985239.745,0,49.03
1624985239.75,1,54.36
1624985239.853,0,48.55
1624985239.856,1,56.25
1624985239.96,0,47.86
1624985239.962,1,68.78
1624985240.065,0,51.66
1624985240.071,1,85.11
1624985240.174,0,60.33
1624985240.177,1,60.89
1624985240.28,0,66.01
1624985240.283,1,65.72
1624985240.386,0,92.72
1624985240.392,1,86.04
1624985240.495,0,51.6
1624985240.498,1,77.07
1624985240.603,0,48.97
1624985240.606,1,54.74
1624985240.709,0,48.13
1624985240.713,1,56.7
1624985240.816,0,47.88
1624985240.819,1,67.87
1624985240.922,0,50.04
1624985240.925,1,93.5
1624985241.028,0,55.12
1624985241.034,1,56.71
1624985241.137,0,59.85
1624985241.142,1,59.35
1624985241.249,0,60.05
1624985241.252,1,61.25
1624985241.355,0,81.11
1624985241.359,1,77.98
1624985241.461,0,93.58
1624985241.464,1,95.08
1624985241.569,0,49.44
1624985241.572,1,72.36
1624985241.675,0,49.13
1624985241.678,1,54.55
1624985241.781,0,48.17
1624985241.784,1,55.81
1624985241.89,0,47.88
1624985241.893,1,65.17
1624985241.996,0,50.6
1624985241.999,1,86.59
1624985242.102,0,55.01
1624985242.105,1,65.47
1624985242.212,0,58.01
1624985242.218,1,59.05
1624985242.321,0,68.62
1624985242.325,1,68.4
1624985242.428,0,102.69
1624985242.431,1,93.32
1624985242.534,0,81.28
1624985242.539,1,101.65
1624985242.642,0,49.47
1624985242.646,1,54.68
1624985242.752,0,49.13
1624985242.755,1,54.52
1624985242.859,0,48.08
1624985242.861,1,57.61
1624985242.965,0,48.54
1624985242.968,1,69.08
1624985243.073,0,51.46
1624985243.076,1,89.4
1624985243.179,0,55.17
1624985243.182,1,56.66
1624985243.285,0,58.14
1624985243.289,1,58.58
1624985243.394,0,72.81
1624985243.397,1,71.39
1624985243.5,0,110.42
1624985243.503,1,100.5
1624985243.606,0,49.36
1624985243.609,1,85.54
1624985243.715,0,49.33
1624985243.718,1,54.85
1624985243.821,0,48.52
1624985243.824,1,56.05
1624985243.927,0,47.94
1624985243.93,1,59.99
1624985244.036,0,48.9
1624985244.039,1,70.86
1624985244.141,0,50.7
1624985244.144,1,88.44
1624985244.247,0,57.54
1624985244.251,1,57.74
1624985244.357,0,59.74
1624985244.36,1,60.58
1624985244.463,0,68.74
1624985244.466,1,68.35
1624985244.569,0,110.81
1624985244.572,1,132.33
1624985244.677,0,49.29
1624985244.68,1,54.12
1624985244.783,0,49.13
1624985244.786,1,54.86
1624985244.89,0,48.62
1624985244.893,1,55.22
1624985244.998,0,47.78
1624985245.001,1,63.09
1624985245.104,0,50.12
1624985245.107,1,84.08
1624985245.21,0,54.69
1624985245.213,1,64.29
1624985245.319,0,59.53
1624985245.322,1,60.37
1624985245.425,0,102.15
1624985245.429,1,95.46
1624985245.532,0,88.39
1624985245.534,1,122.67
1624985245.639,0,49.39
1624985245.642,1,54.49
1624985245.746,0,49.21
1624985245.748,1,54.9
1624985245.852,0,48.07
1624985245.855,1,56.46
1624985245.961,0,48.25
1624985245.964,1,73.1
1624985246.066,0,52.53
1624985246.069,1,72.25
1624985246.172,0,59.94
1624985246.176,1,59.27
1624985246.282,0,69.18
1624985246.285,1,67.45
1624985246.388,0,108.26
1624985246.391,1,102.57
1624985246.494,0,49.38
1624985246.497,1,72.06
1624985246.602,0,49.26
1624985246.605,1,54.86
1624985246.709,0,48.39
1624985246.712,1,56.28
1624985246.816,0,47.66
1624985246.819,1,60.42
1624985246.925,0,49.51
1624985246.93,1,85.06
1624985247.033,0,55.28
1624985247.036,1,57.26
1624985247.139,0,59.95
1624985247.143,1,61.26
1624985247.246,0,66.98
1624985247.251,1,66.76
1624985247.354,0,101.39
1624985247.358,1,96.91
1624985247.461,0,81.44
1624985247.464,1,101.18
1624985247.566,0,49.38
1624985247.572,1,54.88
1624985247.676,0,49.23
1624985247.679,1,54.75
1624985247.782,0,48.17
1624985247.785,1,56.55
1624985247.889,0,47.78
1624985247.893,1,61.02
1624985247.996,0,51.22
1624985247.999,1,85.15
1624985248.102,0,56.33
1624985248.106,1,57.91
1624985248.209,0,62.93
1624985248.215,1,63.11
1624985248.318,0,84.83
1624985248.321,1,75.35
1624985248.427,0,101.86
1624985248.43,1,115.52
1624985248.533,0,49.35
1624985248.536,1,55.18
1624985248.64,0,49.08
1624985248.643,1,54.97
1624985248.748,0,48.65
1624985248.751,1,55.3
1624985248.855,0,47.88
1624985248.858,1,62.01
1624985248.961,0,49.7
1624985248.964,1,74.41
1624985249.069,0,54.05
1624985249.072,1,62.29
1624985249.175,0,57.7
1624985249.179,1,58.61
1624985249.282,0,64.68
1624985249.285,1,64.18
1624985249.39,0,67.97
1624985249.393,1,66.46
1624985249.496,0,99.18
1624985249.499,1,120.58
1624985249.602,0,49.35
1624985249.605,1,53.9
1624985249.711,0,49.16
1624985249.714,1,54.7
1624985249.817,0,48.84
1624985249.82,1,55.69
1624985249.926,0,47.65
1624985249.928,1,60.56
1624985250.032,0,50.15
1624985250.035,1,87.41
1624985250.138,0,55.81
1624985250.142,1,57.3
1624985250.245,0,61.22
1624985250.248,1,60.91
1624985250.353,0,66.31
1624985250.356,1,65.54
1624985250.459,0,111.81
1624985250.464,1,112.62
1624985250.567,0,53.7
1624985250.57,1,83.34
1624985250.674,0,49.12
1624985250.677,1,54.65
1624985250.78,0,48.17
1624985250.783,1,57.42
1624985250.886,0,48.9
1624985250.889,1,68.66
1624985250.995,0,51.65
1624985250.997,1,90.15
1624985251.101,0,57.98
1624985251.104,1,59.21
1624985251.207,0,72.29
1624985251.211,1,68.42
1624985251.316,0,114.81
1624985251.318,1,129.07
1624985251.421,0,49.55
1624985251.424,1,58.12
1624985251.53,0,49.32
1624985251.533,1,54.45
1624985251.638,0,49.1
1624985251.644,1,54.99
1624985251.747,0,47.97
1624985251.75,1,58.47
1624985251.853,0,49.01
1624985251.856,1,72.06
1624985251.959,0,54.18
1624985251.964,1,66.06
1624985252.067,0,64.85
1624985252.07,1,64.45
1624985252.173,0,102.6
1624985252.177,1,96.76
1624985252.28,0,97.35
1624985252.285,1,117.01
1624985252.388,0,49.41
1624985252.391,1,54.02
1624985252.495,0,48.87
1624985252.498,1,55.55
1624985252.601,0,47.7
1624985252.606,1,63.08
1624985252.709,0,49.59
1624985252.712,1,85.85
1624985252.815,0,54.83
1624985252.818,1,62.8
1624985252.921,0,57.24
1624985252.927,1,58.93
1624985253.031,0,63.8
1624985253.034,1,64.44
1624985253.137,0,95.14
1624985253.141,1,90.97
1624985253.244,0,85.87
1624985253.249,1,93.2
1624985253.351,0,49.38
1624985253.355,1,68.38
1624985253.457,0,49.19
1624985253.46,1,54.7
1624985253.564,0,48.87
1624985253.569,1,55.56
1624985253.673,0,47.99
1624985253.676,1,63.0
1624985253.779,0,50.92
1624985253.782,1,93.83
1624985253.885,0,55.47
1624985253.89,1,57.25
1624985253.993,0,60.94
1624985253.996,1,61.03
1624985254.099,0,72.88
1624985254.103,1,72.3
1624985254.206,0,113.98
1624985254.211,1,108.24
1624985254.314,0,49.51
1624985254.317,1,89.64
1624985254.423,0,49.52
1624985254.426,1,54.08
1624985254.529,0,49.19
1624985254.532,1,54.78
1624985254.637,0,48.49
1624985254.64,1,55.45
1624985254.745,0,47.88
1624985254.748,1,64.9
1624985254.851,0,49.47
1624985254.853,1,77.45
1624985254.956,0,51.69
1624985254.959,1,82.45
1624985255.062,0,56.75
1624985255.066,1,58.35
1624985255.169,0,61.66
1624985255.175,1,61.42
1624985255.278,0,83.39
1624985255.281,1,77.47
1624985255.386,0,106.34
1624985255.389,1,124.0
1624985255.492,0,49.2
1624985255.495,1,54.8
1624985255.598,0,48.92
1624985255.601,1,54.68
1624985255.708,0,48.55
1624985255.711,1,56.57
1624985255.814,0,47.83
1624985255.817,1,67.51
1624985255.92,0,51.68
1624985255.923,1,91.75
1624985256.028,0,55.63
1624985256.031,1,57.3
1624985256.134,0,58.27
1624985256.138,1,58.97
1624985256.241,0,74.71
1624985256.245,1,70.21
1624985256.349,0,100.13
1624985256.353,1,94.21
1624985256.456,0,72.5
1624985256.459,1,95.06
1624985256.561,0,49.33
1624985256.564,1,54.74
1624985256.67,0,49.17
1624985256.673,1,54.67
1624985256.776,0,48.37
1624985256.78,1,57.51
1624985256.883,0,49.32
1624985256.886,1,74.79
1624985256.991,0,54.0
1624985256.994,1,66.22
1624985257.097,0,59.82
1624985257.1,1,60.84
1624985257.203,0,65.04
1624985257.207,1,63.81
1624985257.311,0,104.4
1624985257.315,1,95.6
1624985257.418,0,49.45
1624985257.42,1,66.16
1624985257.524,0,49.13
1624985257.526,1,54.74
1624985257.632,0,48.97
1624985257.635,1,55.23
1624985257.739,0,47.81
1624985257.742,1,62.15
1624985257.845,0,48.7
1624985257.848,1,72.69
1624985257.953,0,50.86
1624985257.956,1,91.44
1624985258.059,0,54.74
1624985258.062,1,56.4
1624985258.165,0,59.36
1624985258.169,1,59.12
1624985258.274,0,66.31
1624985258.277,1,65.14
1624985258.38,0,86.64
1624985258.384,1,85.29
1624985258.487,0,79.89
1624985258.49,1,104.91
1624985258.595,0,49.29
1624985258.598,1,54.3
1624985258.702,0,48.94
1624985258.705,1,55.12
1624985258.809,0,48.42
1624985258.812,1,57.3
1624985258.916,0,48.07
1624985258.919,1,63.96
1624985259.022,0,51.81
1624985259.025,1,82.31
1624985259.128,0,54.65
1624985259.131,1,56.16
1624985259.236,0,46.76
1624985259.239,1,48.71
1624985259.342,0,53.46
1624985259.345,1,69.31
1624985259.448,0,58.4
1624985259.452,1,58.39
1624985259.557,0,75.53
1624985259.561,1,73.65
1624985259.664,0,112.65
1624985259.667,1,107.49
1624985259.77,0,49.45
1624985259.773,1,82.62
1624985259.878,0,49.37
1624985259.881,1,54.19
1624985259.985,0,48.93
1624985259.988,1,55.11
1624985260.091,0,47.65
1624985260.094,1,58.15
1624985260.199,0,48.47
1624985260.202,1,72.09
1624985260.305,0,50.28
1624985260.308,1,90.73
1624985260.411,0,57.88
1624985260.414,1,57.91
1624985260.52,0,64.3
1624985260.524,1,64.26
1624985260.627,0,95.52
1624985260.63,1,93.16
1624985260.733,0,57.59
1624985260.736,1,85.23
1624985260.841,0,48.87
1624985260.844,1,53.44
1624985260.948,0,47.81
1624985260.951,1,60.05
1624985261.054,0,54.12
1624985261.057,1,73.16
1624985261.162,0,59.54
1624985261.166,1,60.66
1624985261.269,0,115.49
1624985261.272,1,114.35
1624985261.375,0,49.35
1624985261.378,1,53.84
1624985261.483,0,49.16
1624985261.486,1,54.94
1624985261.59,0,48.16
1624985261.592,1,56.86
1624985261.696,0,48.55
1624985261.699,1,65.29
1624985261.804,0,49.67
1624985261.807,1,80.15
1624985261.91,0,54.12
1624985261.913,1,55.87
1624985262.016,0,58.93
1624985262.019,1,59.58
1624985262.124,0,74.95
1624985262.128,1,74.81
1624985262.231,0,121.99
1624985262.234,1,135.92
1624985262.337,0,49.19
1624985262.339,1,54.81
1624985262.445,0,48.65
1624985262.448,1,55.05
1624985262.552,0,47.77
1624985262.555,1,65.28
1624985262.658,0,51.08
1624985262.661,1,85.86
1624985262.766,0,55.23
1624985262.77,1,57.01
1624985262.873,0,64.87
1624985262.877,1,65.13
1624985262.98,0,92.07
1624985262.984,1,86.72
1624985263.087,0,75.62
1624985263.09,1,97.47
1624985263.193,0,49.41
1624985263.2,1,54.15
1624985263.303,0,49.02
1624985263.306,1,54.33
1624985263.41,0,48.36
1624985263.413,1,56.43
1624985263.516,0,47.86
1624985263.52,1,66.96
1624985263.623,0,52.84
1624985263.626,1,76.9
1624985263.729,0,58.36
1624985263.732,1,59.39
1624985263.835,0,69.9
1624985263.839,1,68.05
1624985263.942,0,92.34
1624985263.945,1,85.24
1624985264.049,0,49.53
1624985264.052,1,78.22
1624985264.155,0,49.14
1624985264.158,1,54.63
1624985264.262,0,48.51
1624985264.266,1,55.55
1624985264.371,0,47.62
1624985264.373,1,62.68
1624985264.477,0,51.44
1624985264.479,1,85.86
1624985264.582,0,56.37
1624985264.588,1,57.59
1624985264.691,0,114.91
1624985264.694,1,117.87
1624985264.797,0,49.51
1624985264.8,1,70.32
1624985264.903,0,49.35
1624985264.906,1,54.38
1624985265.012,0,49.16
1624985265.015,1,54.97
1624985265.118,0,48.78
1624985265.121,1,56.18
1624985265.225,0,47.88
1624985265.228,1,62.22
1624985265.333,0,50.22
1624985265.336,1,94.21
1624985265.439,0,54.17
1624985265.442,1,56.11
1624985265.545,0,64.26
1624985265.549,1,63.33
1624985265.654,0,70.4
1624985265.66,1,66.57
1624985265.765,0,104.23
1624985265.769,1,99.67
1624985265.872,0,71.11
1624985265.875,1,89.04
1624985265.977,0,49.45
1624985265.983,1,54.3
1624985266.087,0,49.08
1624985266.09,1,55.16
1624985266.193,0,47.73
1624985266.196,1,59.87
1624985266.3,0,48.78
1624985266.302,1,69.85
1624985266.405,0,52.84
1624985266.409,1,73.69
1624985266.512,0,55.33
1624985266.516,1,56.99
1624985266.619,0,60.14
1624985266.622,1,61.74
1624985266.725,0,68.86
1624985266.729,1,67.14
1624985266.832,0,102.07
1624985266.84,1,97.86
1624985266.943,0,49.54
1624985266.946,1,69.28
1624985267.048,0,49.22
1624985267.051,1,54.73
1624985267.155,0,48.71
1624985267.158,1,54.41
1624985267.261,0,47.43
1624985267.264,1,59.58
1624985267.369,0,49.13
1624985267.371,1,72.75
1624985267.474,0,53.47
1624985267.477,1,72.36
1624985267.58,0,56.51
1624985267.584,1,57.61
1624985267.687,0,60.48
1624985267.692,1,61.34
1624985267.795,0,92.28
1624985267.798,1,89.34
1624985267.901,0,84.3
1624985267.904,1,99.85
1624985268.007,0,49.53
1624985268.009,1,54.58
1624985268.113,0,49.12
1624985268.118,1,54.71
1624985268.222,0,47.97
1624985268.225,1,57.43
1624985268.328,0,48.91
1624985268.331,1,70.41
1624985268.434,0,52.74
1624985268.437,1,82.69
1624985268.543,0,57.78
1624985268.546,1,58.93
1624985268.649,0,72.07
1624985268.652,1,71.2
1624985268.755,0,89.12
1624985268.759,1,81.34
1624985268.863,0,58.79
1624985268.866,1,83.84
1624985268.97,0,49.29
1624985268.977,1,54.68
1624985269.08,0,49.16
1624985269.083,1,54.86
1624985269.187,0,48.45
1624985269.189,1,56.09
1624985269.293,0,48.52
1624985269.296,1,66.27
1624985269.399,0,51.28
1624985269.403,1,88.83
1624985269.506,0,56.36
1624985269.51,1,57.59
1624985269.613,0,63.29
1624985269.616,1,63.95
1624985269.719,0,94.06
1624985269.723,1,87.41
1624985269.826,0,75.07
1624985269.832,1,94.35
1624985269.934,0,49.41
1624985269.937,1,54.04
1624985270.041,0,49.22
1624985270.044,1,54.73
1624985270.148,0,48.25
1624985270.151,1,57.01
1624985270.254,0,49.03
1624985270.26,1,71.29
1624985270.363,0,54.23
1624985270.366,1,70.23
1624985270.469,0,57.37
1624985270.473,1,57.91
1624985270.578,0,76.14
1624985270.582,1,72.5
1624985270.685,0,103.14
1624985270.69,1,97.17
1624985270.793,0,49.44
1624985270.796,1,54.19
1624985270.899,0,49.16
1624985270.902,1,54.78
1624985271.005,0,47.91
1624985271.008,1,58.33
1624985271.112,0,48.93
1624985271.116,1,68.14
1624985271.219,0,51.74
1624985271.223,1,90.18
1624985271.326,0,55.9
1624985271.329,1,57.28
1624985271.432,0,71.24
1624985271.435,1,71.18
1624985271.538,0,106.36
1624985271.541,1,120.72
1624985271.644,0,49.51
1624985271.65,1,58.26
1624985271.753,0,49.14
1624985271.756,1,54.82
1624985271.86,0,48.01
1624985271.863,1,57.76
1624985271.966,0,49.22
1624985271.969,1,70.41
1624985272.073,0,52.08
1624985272.078,1,92.55
1624985272.182,0,56.14
1624985272.186,1,57.63
1624985272.289,0,68.44
1624985272.292,1,68.75
1624985272.395,0,80.27
1624985272.398,1,78.19
1624985272.501,0,95.8
1624985272.507,1,118.24
1624985272.61,0,49.48
1624985272.613,1,55.02
1624985272.716,0,49.16
1624985272.719,1,55.05
1624985272.823,0,48.42
1624985272.826,1,55.87
1624985272.929,0,48.04
1624985272.934,1,64.76
1624985273.037,0,50.85
1624985273.04,1,89.83
1624985273.143,0,55.79
1624985273.146,1,57.55
1624985273.249,0,60.59
1624985273.252,1,60.56
1624985273.358,0,71.25
1624985273.362,1,69.85
1624985273.465,0,98.35
1624985273.468,1,120.13
1624985273.571,0,49.45
1624985273.574,1,54.5
1624985273.678,0,49.1
1624985273.682,1,54.83
1624985273.787,0,47.77
1624985273.79,1,58.0
1624985273.893,0,48.01
1624985273.896,1,63.53
1624985274.0,0,49.77
1624985274.003,1,91.57
1624985274.106,0,56.5
1624985274.109,1,58.1
1624985274.212,0,65.42
1624985274.215,1,62.84
1624985274.321,0,77.23
1624985274.324,1,74.77
1624985274.427,0,88.37
1624985274.43,1,106.04
1624985274.533,0,49.45
1624985274.536,1,55.04
1624985274.642,0,49.16
1624985274.645,1,55.36
1624985274.749,0,48.17
1624985274.752,1,58.84
1624985274.855,0,48.62
1624985274.858,1,67.09
1624985274.963,0,52.81
1624985274.966,1,82.54
1624985275.069,0,56.61
1624985275.072,1,58.4
1624985275.175,0,57.19
1624985275.179,1,58.3
1624985275.284,0,86.41
1624985275.287,1,80.73
1624985275.391,0,76.06
1624985275.394,1,95.7
1624985275.497,0,49.54
1624985275.5,1,54.53
1624985275.605,0,49.42
1624985275.608,1,54.75
1624985275.711,0,48.74
1624985275.714,1,55.32
1624985275.818,0,47.94
1624985275.821,1,57.55
1624985275.926,0,48.84
1624985275.929,1,70.27
1624985276.032,0,53.33
1624985276.035,1,65.47
1624985276.138,0,56.13
1624985276.141,1,57.55
1624985276.247,0,67.99
1624985276.25,1,67.52
1624985276.353,0,75.86
1624985276.356,1,74.75
1624985276.459,0,110.07
1624985276.462,1,133.39
1624985276.567,0,49.52
1624985276.57,1,54.27
1624985276.674,0,48.92
1624985276.677,1,55.38
1624985276.78,0,47.81
1624985276.783,1,58.68
1624985276.889,0,48.87
1624985276.891,1,71.6
1624985276.995,0,52.29
1624985276.998,1,68.22
1624985277.101,0,58.17
1624985277.105,1,58.72
1624985277.21,0,60.98
1624985277.213,1,61.8
1624985277.316,0,84.18
1624985277.32,1,80.31
1624985277.423,0,94.69
1624985277.426,1,123.27
1624985277.531,0,49.51
1624985277.534,1,54.73
1624985277.637,0,49.26
1624985277.64,1,54.57
1624985277.743,0,48.29
1624985277.746,1,55.92
1624985277.852,0,47.97
1624985277.854,1,64.14
1624985277.957,0,51.11
1624985277.96,1,88.36
1624985278.063,0,55.18
1624985278.067,1,58.68
1624985278.172,0,60.27
1624985278.176,1,60.99
1624985278.279,0,74.82
1624985278.282,1,73.58
1624985278.385,0,107.6
1624985278.388,1,107.36
1624985278.493,0,52.16
1624985278.496,1,82.77
1624985278.599,0,49.38
1624985278.602,1,54.62
1624985278.706,0,48.49
1624985278.709,1,55.88
1624985278.815,0,47.88
1624985278.818,1,60.87
1624985278.921,0,49.28
1624985278.924,1,84.34
1624985279.027,0,52.97
1624985279.03,1,82.01
1624985279.136,0,58.63
1624985279.139,1,59.75
1624985279.242,0,60.96
1624985279.245,1,62.88
1624985279.348,0,83.2
1624985279.352,1,77.15
1624985279.456,0,100.72
1624985279.459,1,116.04
1624985279.562,0,49.54
1624985279.565,1,54.45
1624985279.668,0,49.22
1624985279.673,1,54.65
1624985279.778,0,48.95
1624985279.78,1,55.72
1624985279.884,0,48.1
1624985279.887,1,63.94
1624985279.99,0,50.92
1624985279.992,1,79.79
1624985280.099,0,55.56
1624985280.102,1,57.26
1624985280.205,0,57.91
1624985280.208,1,59.71
1624985280.311,0,64.75
1624985280.315,1,64.31
1624985280.419,0,86.72
1624985280.423,1,82.28
1624985280.526,0,74.66
1624985280.528,1,97.41
1624985280.631,0,49.42
1624985280.634,1,54.73
1624985280.74,0,49.09
1624985280.743,1,55.36
1624985280.846,0,48.1
1624985280.849,1,58.02
1624985280.953,0,48.03
1624985280.956,1,61.74
1624985281.061,0,50.02
1624985281.064,1,79.74
1624985281.167,0,54.85
1624985281.17,1,56.53
1624985281.273,0,61.96
1624985281.278,1,61.64
1624985281.382,0,108.01
1624985281.385,1,102.75
1624985281.488,0,58.18
1624985281.491,1,87.62
1624985281.594,0,49.36
1624985281.597,1,54.78
1624985281.703,0,49.13
1624985281.706,1,55.13
1624985281.809,0,48.29
1624985281.812,1,58.21
1624985281.916,0,48.56
1624985281.918,1,65.31
1624985282.023,0,51.42
1624985282.026,1,92.64
1624985282.129,0,56.71
1624985282.133,1,58.15
1624985282.236,0,64.77
1624985282.239,1,63.78
1624985282.344,0,115.25
1624985282.347,1,108.07
1624985282.45,0,49.55
1624985282.453,1,77.76
1624985282.556,0,49.22
1624985282.559,1,54.99
1624985282.665,0,48.58
1624985282.668,1,56.49
1624985282.772,0,48.31
1624985282.775,1,63.34
1624985282.878,0,49.83
1624985282.882,1,76.85
1624985282.986,0,54.0
1624985282.989,1,62.67
1624985283.092,0,60.42
1624985283.095,1,61.64
1624985283.198,0,75.94
1624985283.202,1,71.26
1624985283.306,0,100.88
1624985283.31,1,95.56
1624985283.413,0,86.89
1624985283.416,1,107.86
1624985283.519,0,49.48
1624985283.522,1,54.02
1624985283.628,0,49.38
1624985283.631,1,54.98
1624985283.734,0,48.22
1624985283.737,1,57.93
1624985283.841,0,49.37
1624985283.844,1,80.84
1624985283.949,0,53.91
1624985283.952,1,61.35
1624985284.055,0,59.29
1624985284.058,1,60.69
1624985284.161,0,77.86
1624985284.165,1,72.52
1624985284.27,0,101.43
1624985284.273,1,95.28
1624985284.376,0,86.01
1624985284.379,1,103.52
1624985284.482,0,49.58
1624985284.486,1,54.68
1624985284.591,0,49.18
1624985284.594,1,55.16
1624985284.697,0,48.49
1624985284.7,1,56.38
1624985284.804,0,47.94
1624985284.807,1,61.91
1624985284.912,0,50.07
1624985284.915,1,79.21
1624985285.018,0,55.07
1624985285.021,1,63.14
1624985285.124,0,59.14
1624985285.128,1,59.5
1624985285.232,0,69.96
1624985285.236,1,69.85
1624985285.339,0,116.73
1624985285.342,1,106.04
1624985285.445,0,49.76
1624985285.448,1,87.47
1624985285.553,0,49.32
1624985285.556,1,54.99
1624985285.659,0,48.9
1624985285.662,1,55.39
1624985285.766,0,47.75
1624985285.768,1,59.31
1624985285.874,0,48.55
1624985285.877,1,72.55
1624985285.98,0,53.24
1624985285.983,1,76.04
1624985286.086,0,55.12
1624985286.091,1,56.47
1624985286.195,0,57.02
1624985286.199,1,58.24
1624985286.302,0,82.52
1624985286.305,1,79.86
1624985286.408,0,96.6
1624985286.411,1,88.63
1624985286.515,0,71.46
1624985286.519,1,93.58
1624985286.622,0,49.55
1624985286.625,1,54.88
1624985286.728,0,48.9
1624985286.731,1,55.36
1624985286.837,0,48.13
1624985286.84,1,59.71
1624985286.943,0,48.71
1624985286.946,1,75.59
1624985287.049,0,53.71
1624985287.052,1,69.98
1624985287.157,0,56.28
1624985287.161,1,57.86
1624985287.264,0,72.25
1624985287.268,1,72.15
1624985287.37,0,98.52
1624985287.374,1,88.32
1624985287.478,0,53.44
1624985287.482,1,73.14
1624985287.585,0,49.13
1624985287.588,1,55.0
1624985287.691,0,48.68
1624985287.695,1,55.34
1624985287.799,0,47.72
1624985287.803,1,60.33
1624985287.906,0,48.86
1624985287.909,1,72.0
1624985288.012,0,53.93
1624985288.015,1,70.69
1624985288.121,0,57.23
1624985288.124,1,58.84
1624985288.227,0,73.29
1624985288.231,1,72.17
1624985288.334,0,104.18
1624985288.337,1,98.54
1624985288.441,0,72.6
1624985288.445,1,90.73
1624985288.547,0,49.59
1624985288.55,1,54.64
1624985288.654,0,48.81
1624985288.657,1,55.57
1624985288.762,0,47.76
1624985288.765,1,62.93
1624985288.869,0,49.18
1624985288.871,1,75.99
1624985288.974,0,52.67
1624985288.977,1,83.3
1624985289.082,0,56.82
1624985289.087,1,58.39
1624985289.19,0,66.57
1624985289.193,1,66.35
1624985289.296,0,95.67
1624985289.3,1,90.27
1624985289.403,0,73.3
1624985289.407,1,95.53
1624985289.51,0,49.57
1624985289.513,1,54.99
1624985289.617,0,49.06
1624985289.62,1,54.86
1624985289.727,0,48.66
1624985289.73,1,56.77
1624985289.833,0,48.71
1624985289.836,1,69.31
1624985289.939,0,50.2
1624985289.941,1,83.77
1624985290.045,0,51.59
1624985290.049,1,82.29
1624985290.152,0,54.12
1624985290.155,1,56.17
1624985290.258,0,65.29
1624985290.262,1,64.51
1624985290.366,0,79.52
1624985290.37,1,78.35
1624985290.473,0,101.62
1624985290.476,1,119.69
1624985290.579,0,49.51
1624985290.582,1,54.85
1624985290.687,0,49.19
1624985290.69,1,54.82
1624985290.794,0,48.58
1624985290.797,1,56.28
1624985290.9,0,49.38
1624985290.903,1,70.32
1624985291.008,0,52.96
1624985291.011,1,79.82
1624985291.114,0,56.56
1624985291.118,1,58.53
1624985291.221,0,72.06
1624985291.224,1,69.0
1624985291.33,0,98.39
1624985291.333,1,91.96
1624985291.436,0,83.32
1624985291.439,1,104.99
1624985291.542,0,49.61
1624985291.545,1,54.85
1624985291.65,0,49.33
1624985291.653,1,55.16
1624985291.756,0,48.91
1624985291.759,1,55.87
1624985291.863,0,48.01
1624985291.866,1,58.94
1624985291.971,0,48.64
1624985291.974,1,69.73
1624985292.077,0,54.08
1624985292.079,1,76.49
1624985292.183,0,55.19
1624985292.186,1,56.88
1624985292.291,0,65.7
1624985292.295,1,66.57
1624985292.398,0,92.12
1624985292.401,1,88.53
1624985292.504,0,63.28
1624985292.507,1,105.39
1624985292.612,0,49.6
1624985292.615,1,54.62
1624985292.719,0,49.32
1624985292.722,1,55.61
1624985292.825,0,48.33
1624985292.828,1,56.89
1624985292.935,0,47.72
1624985292.938,1,60.91
1624985293.041,0,49.88
1624985293.044,1,78.65
1624985293.147,0,51.08
1624985293.15,1,90.78
1624985293.254,0,55.41
1624985293.258,1,57.41
1624985293.361,0,63.71
1624985293.364,1,64.33
1624985293.467,0,69.95
1624985293.471,1,67.43
1624985293.575,0,110.99
1624985293.578,1,101.76
1624985293.681,0,51.17
1624985293.684,1,76.45
1624985293.787,0,49.42
1624985293.79,1,55.11
1624985293.896,0,49.26
1624985293.899,1,55.18
1624985294.003,0,48.68
1624985294.006,1,56.11
1624985294.11,0,48.71
1624985294.112,1,66.82
1624985294.217,0,52.69
1624985294.22,1,84.13
1624985294.323,0,54.63
1624985294.326,1,56.57
1624985294.429,0,60.99
1624985294.433,1,59.43
1624985294.541,0,75.47
1624985294.544,1,76.15
1624985294.647,0,112.72
1624985294.65,1,106.85
1624985294.753,0,49.64
1624985294.756,1,70.71
1624985294.86,0,49.42
1624985294.863,1,54.36
1624985294.966,0,48.94
1624985294.969,1,55.86
1624985295.073,0,48.01
1624985295.076,1,59.91
1624985295.181,0,49.31
1624985295.184,1,81.51
1624985295.287,0,54.19
1624985295.29,1,61.01
1624985295.393,0,58.38
1624985295.396,1,58.72
1624985295.502,0,80.4
1624985295.505,1,78.03
1624985295.608,0,101.05
1624985295.613,1,90.29
1624985295.716,0,59.4
1624985295.718,1,102.14
1624985295.823,0,49.4
1624985295.826,1,54.78
1624985295.929,0,48.74
1624985295.932,1,55.59
1624985296.036,0,48.07
1624985296.039,1,68.16
1624985296.142,0,51.67
1624985296.145,1,91.09
1624985296.25,0,56.35
1624985296.254,1,57.67
1624985296.357,0,71.97
1624985296.36,1,70.56
1624985296.463,0,87.07
1624985296.466,1,112.98
1624985296.571,0,49.58
1624985296.573,1,54.32
1624985296.677,0,49.06
1624985296.68,1,55.53
1624985296.783,0,48.17
1624985296.787,1,57.53
1624985296.893,0,48.39
1624985296.896,1,67.38
1624985296.999,0,51.33
1624985297.002,1,91.35
1624985297.105,0,56.42
1624985297.108,1,58.19
1624985297.211,0,64.04
1624985297.214,1,64.2
1624985297.317,0,83.74
1624985297.321,1,79.94
1624985297.424,0,86.09
1624985297.428,1,103.57
1624985297.531,0,49.58
1624985297.534,1,57.54
1624985297.638,0,49.47
1624985297.641,1,55.37
1624985297.745,0,48.65
1624985297.749,1,56.22
1624985297.852,0,47.75
1624985297.855,1,60.56
1624985297.958,0,49.53
1624985297.961,1,69.66
1624985298.068,0,53.22
1624985298.071,1,67.42
1624985298.174,0,58.44
1624985298.177,1,59.71
1624985298.28,0,68.9
1624985298.284,1,67.89
1624985298.387,0,120.65
1624985298.391,1,112.79
1624985298.494,0,49.54
1624985298.497,1,62.38
1624985298.6,0,49.55
1624985298.603,1,54.68
1624985298.706,0,48.85
1624985298.712,1,55.6
1624985298.816,0,47.88
1624985298.821,1,59.04
1624985298.924,0,49.35
1624985298.927,1,73.03
1624985299.03,0,54.22
1624985299.033,1,64.86
1624985299.136,0,59.78
1624985299.139,1,61.1
1624985299.242,0,66.27
1624985299.246,1,66.96
1624985299.349,0,98.13
1624985299.355,1,90.72
1624985299.457,0,91.58
1624985299.46,1,120.89
1624985299.566,0,49.54
1624985299.569,1,54.85
1624985299.673,0,49.29
1624985299.676,1,55.08
1624985299.779,0,47.43
1624985299.782,1,57.91
1624985299.885,0,50.02
1624985299.888,1,74.5
1624985299.996,0,54.73
1624985299.999,1,63.21
1624985300.102,0,60.44
1624985300.105,1,61.57
1624985300.208,0,71.12
1624985300.212,1,70.26
1624985300.315,0,100.69
1624985300.318,1,93.09
1624985300.422,0,58.76
1624985300.426,1,86.14
1624985300.529,0,49.49
1624985300.532,1,54.98
1624985300.636,0,49.13
1624985300.638,1,54.95
1624985300.742,0,47.76
1624985300.745,1,60.99
1624985300.85,0,50.34
1624985300.853,1,79.33
1624985300.955,0,54.01
1624985300.959,1,62.86
1624985301.062,0,54.64
1624985301.065,1,56.71
1624985301.168,0,75.19
1624985301.171,1,69.65
1624985301.277,0,113.42
1624985301.28,1,108.1
1624985301.383,0,49.64
1624985301.386,1,72.57
1624985301.489,0,49.5
1624985301.492,1,54.71
1624985301.595,0,48.43
1624985301.6,1,55.41
1624985301.707,0,47.94
1624985301.709,1,65.4
1624985301.812,0,51.57
1624985301.815,1,89.78
1624985301.918,0,55.44
1624985301.921,1,57.13
1624985302.024,0,66.24
1624985302.029,1,62.03
1624985302.137,0,84.95
1624985302.142,1,80.97
1624985302.245,0,96.68
1624985302.248,1,93.06
1624985302.351,0,49.63
1624985302.354,1,54.66
1624985302.457,0,49.38
1624985302.462,1,55.09
1624985302.566,0,48.84
1624985302.569,1,55.32
1624985302.672,0,48.17
1624985302.675,1,57.61
1624985302.779,0,48.1
1624985302.783,1,64.23
1624985302.886,0,51.76
1624985302.889,1,90.03
1624985302.993,0,54.52
1624985302.997,1,56.59
1624985303.1,0,58.06
1624985303.105,1,59.05
1624985303.208,0,82.12
1624985303.212,1,77.49
1624985303.315,0,80.64
1624985303.317,1,103.18
1624985303.422,0,49.59
1624985303.426,1,56.69
1624985303.529,0,49.38
1624985303.534,1,54.8
1624985303.637,0,48.55
1624985303.64,1,56.38
1624985303.744,0,48.45
1624985303.747,1,69.21
1624985303.852,0,51.88
1624985303.855,1,89.89
1624985303.959,0,56.77
1624985303.962,1,58.62
1624985304.065,0,66.88
1624985304.069,1,66.45
1624985304.172,0,93.2
1624985304.175,1,72.68
1624985304.285,0,106.41
1624985304.288,1,124.85
1624985304.391,0,49.72
1624985304.394,1,62.17
1624985304.497,0,49.19
1624985304.5,1,55.31
1624985304.603,0,48.23
1624985304.608,1,57.26
1624985304.713,0,48.34
1624985304.716,1,71.25
1624985304.819,0,53.19
1624985304.821,1,78.15
1624985304.924,0,56.21
1624985304.929,1,58.03
1624985305.032,0,61.38
1624985305.037,1,61.63
1624985305.141,0,88.95
1624985305.144,1,85.38
1624985305.247,0,92.93
1624985305.251,1,105.67
1624985305.354,0,49.51
1624985305.357,1,55.09
1624985305.46,0,49.35
1624985305.463,1,55.16
1624985305.567,0,47.72
1624985305.571,1,59.84
1624985305.675,0,49.54
1624985305.678,1,87.33
1624985305.781,0,53.32
1624985305.784,1,65.53
1624985305.887,0,61.68
1624985305.893,1,62.89
1624985305.996,0,73.29
1624985305.999,1,71.58
1624985306.102,0,84.83
1624985306.105,1,76.32
1624985306.211,0,104.37
1624985306.215,1,104.69
1624985306.317,0,49.72
1624985306.32,1,75.33
1624985306.423,0,49.57
1624985306.426,1,54.98
1624985306.53,0,49.23
1624985306.534,1,55.12
1624985306.637,0,48.71
1624985306.642,1,56.47
1624985306.745,0,48.86
1624985306.748,1,70.1
1624985306.851,0,54.21
1624985306.855,1,63.51
1624985306.958,0,57.99
1624985306.962,1,59.39
1624985307.065,0,75.05
1624985307.068,1,75.25
1624985307.171,0,79.88
1624985307.176,1,76.87
1624985307.279,0,84.71
1624985307.282,1,101.98
1624985307.385,0,49.57
1624985307.388,1,55.0
1624985307.491,0,49.58
1624985307.497,1,55.12
1624985307.6,0,48.9
1624985307.603,1,56.03
1624985307.707,0,47.88
1624985307.709,1,59.53
1624985307.815,0,48.74
1624985307.818,1,74.06
1624985307.921,0,55.49
1624985307.924,1,63.36
1624985308.027,0,61.1
1624985308.03,1,61.3
1624985308.133,0,77.08
1624985308.139,1,75.08
1624985308.242,0,106.33
1624985308.246,1,112.53
1624985308.349,0,49.57
1624985308.352,1,61.41
1624985308.455,0,49.44
1624985308.46,1,54.67
1624985308.563,0,47.22
1624985308.566,1,55.69
1624985308.669,0,50.26
1624985308.672,1,82.43
1624985308.775,0,52.36
1624985308.781,1,66.04
1624985308.884,0,57.56
1624985308.887,1,59.24
1624985308.99,0,59.08
1624985308.993,1,60.0
1624985309.096,0,85.3
1624985309.102,1,82.8
1624985309.205,0,107.33
1624985309.208,1,125.01
1624985309.311,0,49.67
1624985309.314,1,55.01
1624985309.418,0,49.19
1624985309.422,1,55.36
1624985309.526,0,48.55
1624985309.529,1,57.84
1624985309.632,0,48.49
1624985309.635,1,67.06
1624985309.738,0,49.24
1624985309.743,1,76.1
1624985309.846,0,51.89
1624985309.85,1,82.28
1624985309.953,0,54.82
1624985309.957,1,56.87
1624985310.06,0,58.46
1624985310.064,1,59.49
1624985310.167,0,74.9
1624985310.171,1,72.91
1624985310.274,0,93.18
1624985310.277,1,92.47
1624985310.38,0,53.76
1624985310.385,1,85.29
1624985310.488,0,49.48
1624985310.491,1,54.99
1624985310.595,0,48.88
1624985310.597,1,55.44
1624985310.701,0,48.2
1624985310.706,1,63.94
1624985310.809,0,50.78
1624985310.812,1,85.04
1624985310.914,0,55.62
1624985310.918,1,62.1
1624985311.023,0,55.98
1624985311.027,1,57.58
1624985311.13,0,64.81
1624985311.134,1,65.82
1624985311.237,0,74.11
1624985311.24,1,73.09
1624985311.343,0,103.08
1624985311.348,1,95.29
1624985311.451,0,49.71
1624985311.454,1,65.23
1624985311.557,0,49.45
1624985311.56,1,54.79
1624985311.663,0,49.32
1624985311.668,1,54.93
1624985311.772,0,48.46
1624985311.775,1,56.86
1624985311.878,0,49.06
1624985311.881,1,71.48
1624985311.984,0,51.35
1624985311.989,1,82.45
1624985312.092,0,56.91
1624985312.096,1,58.67
1624985312.199,0,59.25
1624985312.203,1,60.09
1624985312.306,0,84.29
1624985312.311,1,80.52
1624985312.414,0,111.35
1624985312.416,1,128.21
1624985312.519,0,49.65
1624985312.522,1,54.98
1624985312.626,0,49.57
1624985312.631,1,55.58
1624985312.735,0,48.78
1624985312.738,1,55.57
1624985312.841,0,48.07
1624985312.844,1,64.03
1624985312.947,0,49.5
1624985312.952,1,83.1
1624985313.055,0,54.28
1624985313.058,1,68.08
1624985313.161,0,57.6
1624985313.165,1,59.1
1624985313.268,0,85.42
1624985313.274,1,81.95
1624985313.377,0,84.12
1624985313.38,1,85.43
1624985313.483,0,49.61
1624985313.486,1,54.94
1624985313.589,0,49.76
1624985313.594,1,55.45
1624985313.697,0,85.25
1624985313.7,1,106.11
1624985313.803,0,49.53
1624985313.806,1,54.56
1624985313.909,0,49.32
1624985313.915,1,55.32
1624985314.018,0,48.74
1624985314.021,1,56.95
1624985314.125,0,49.13
1624985314.127,1,80.87
1624985314.23,0,51.66
1624985314.235,1,87.55
1624985314.338,0,54.54
1624985314.342,1,56.4
1624985314.445,0,58.69
1624985314.448,1,60.29
1624985314.551,0,60.24
1624985314.557,1,61.46
1624985314.66,0,116.69
1624985314.663,1,108.56
1624985314.766,0,79.83
1624985314.769,1,100.09
1624985314.872,0,49.7
1624985314.878,1,54.84
1624985314.981,0,49.44
1624985314.984,1,54.63
1624985315.087,0,48.5
1624985315.09,1,56.43
1624985315.194,0,48.13
1624985315.199,1,63.63
1624985315.301,0,55.27
1624985315.305,1,57.07
1624985315.408,0,66.21
1624985315.412,1,65.85
1624985315.515,0,95.7
1624985315.519,1,119.04
1624985315.622,0,49.29
1624985315.625,1,54.5
1624985315.729,0,48.1
1624985315.732,1,53.89
1624985315.836,0,48.76
1624985315.84,1,71.8
1624985315.943,0,59.03
1624985315.946,1,60.53
1624985316.049,0,70.31
1624985316.053,1,69.74
1624985316.156,0,99.97
1624985316.161,1,93.06
1624985316.264,0,71.08
1624985316.267,1,91.72
1624985316.37,0,49.48
1624985316.373,1,54.39
1624985316.476,0,48.93
1624985316.482,1,55.69
1624985316.585,0,48.17
1624985316.588,1,58.27
1624985316.692,0,49.31
1624985316.694,1,84.7
1624985316.797,0,53.19
1624985316.803,1,61.56
1624985316.906,0,62.39
1624985316.909,1,63.03
1624985317.012,0,82.89
1624985317.016,1,79.19
1624985317.119,0,111.64
1624985317.124,1,116.87
1624985317.227,0,49.54
1624985317.23,1,55.23
1624985317.333,0,49.26
1624985317.336,1,55.16
1624985317.44,0,48.96
1624985317.445,1,55.78
1624985317.548,0,48.04
1624985317.551,1,61.15
1624985317.654,0,50.92
1624985317.657,1,92.43
1624985317.76,0,55.07
1624985317.766,1,62.9
1624985317.869,0,62.6
1624985317.873,1,62.16
1624985317.976,0,61.76
1624985317.979,1,63.01
1624985318.082,0,105.59
1624985318.087,1,100.81
1624985318.19,0,49.67
1624985318.192,1,66.43
1624985318.296,0,49.42
1624985318.298,1,55.32
1624985318.402,0,49.33
1624985318.407,1,55.61
1624985318.51,0,48.36
1624985318.513,1,70.56
1624985318.616,0,50.63
1624985318.619,1,91.33
1624985318.722,0,56.19
1624985318.728,1,57.59
1624985318.831,0,67.88
1624985318.835,1,67.64
1624985318.938,0,98.54
1624985318.941,1,92.51
1624985319.044,0,74.77
1624985319.049,1,103.41
1624985319.152,0,49.49
1624985319.155,1,54.62
1624985319.258,0,49.29
1624985319.261,1,55.21
1624985319.365,0,47.94
1624985319.37,1,59.1
1624985319.473,0,49.44
1624985319.476,1,76.18
1624985319.579,0,54.18
1624985319.582,1,70.95
1624985319.685,0,55.77
1624985319.691,1,57.74
1624985319.794,0,63.87
1624985319.797,1,63.74
1624985319.9,0,118.55
1624985319.904,1,111.3
1624985320.007,0,79.07
1624985320.011,1,99.62
1624985320.114,0,49.55
1624985320.118,1,55.05
1624985320.221,0,49.26
1624985320.224,1,55.53
1624985320.328,0,48.96
1624985320.333,1,55.9
1624985320.436,0,48.13
1624985320.439,1,58.68
1624985320.542,0,49.06
1624985320.545,1,70.67
1624985320.648,0,52.69
1624985320.653,1,77.96
1624985320.756,0,57.63
1624985320.759,1,58.75
1624985320.862,0,67.05
1624985320.866,1,66.66
1624985320.969,0,95.14
1624985320.974,1,88.86
1624985321.077,0,74.13
1624985321.08,1,101.96
1624985321.183,0,49.51
1624985321.186,1,54.53
1624985321.289,0,49.23
1624985321.295,1,55.43
1624985321.399,0,48.29
1624985321.402,1,59.13
1624985321.505,0,49.56
1624985321.508,1,85.93
1624985321.611,0,54.8
1624985321.616,1,63.27
1624985321.719,0,61.87
1624985321.723,1,62.44
1624985321.826,0,63.62
1624985321.829,1,64.35
1624985321.932,0,93.43
1624985321.938,1,88.96
1624985322.041,0,83.7
1624985322.044,1,102.93
1624985322.147,0,49.51
1624985322.15,1,54.74
1624985322.254,0,49.23
1624985322.259,1,56.0
1624985322.362,0,48.42
1624985322.365,1,58.91
1624985322.468,0,49.54
1624985322.471,1,77.83
1624985322.574,0,51.15
1624985322.581,1,92.33
1624985322.684,0,56.09
1624985322.687,1,57.78
1624985322.79,0,61.0
1624985322.793,1,60.87
1624985322.899,0,66.35
1624985322.902,1,67.0
1624985323.005,0,114.69
1624985323.009,1,104.83
1624985323.111,0,78.08
1624985323.114,1,112.31
1624985323.22,0,49.64
1624985323.223,1,63.69
1624985323.326,0,49.45
1624985323.329,1,55.34
1624985323.432,0,49.06
1624985323.435,1,55.55
1624985323.541,0,47.94
1624985323.544,1,59.57
1624985323.647,0,48.71
1624985323.65,1,67.25
1624985323.754,0,50.63
1624985323.757,1,91.53
1624985323.862,0,54.76
1624985323.865,1,56.86
1624985323.968,0,59.93
1624985323.971,1,60.65
1624985324.074,0,74.79
1624985324.078,1,72.31
1624985324.183,0,91.25
1624985324.186,1,88.99
1624985324.289,0,70.46
1624985324.292,1,94.72
1624985324.395,0,49.54
1624985324.398,1,55.13
1624985324.504,0,49.22
1624985324.507,1,55.26
1624985324.61,0,48.04
1624985324.613,1,60.05
1624985324.716,0,50.17
1624985324.719,1,84.11
1624985324.824,0,52.7
1624985324.827,1,75.63
1624985324.93,0,55.63
1624985324.934,1,57.51
1624985325.037,0,57.4
1624985325.04,1,58.35
1624985325.145,0,72.57
1624985325.149,1,72.28
1624985325.252,0,86.45
1624985325.255,1,83.05
1624985325.358,0,80.36
1624985325.361,1,107.64
1624985325.466,0,49.73
1624985325.469,1,55.06
1624985325.573,0,49.29
1624985325.575,1,54.96
1624985325.679,0,48.87
1624985325.682,1,56.03
1624985325.788,0,48.1
1624985325.79,1,62.32
1624985325.893,0,50.42
1624985325.896,1,82.41
1624985325.999,0,56.98
1624985326.003,1,58.03
1624985326.108,0,61.28
1624985326.111,1,62.41
1624985326.214,0,77.94
1624985326.218,1,77.57
1624985326.321,0,91.93
1624985326.324,1,110.39
1624985326.428,0,49.67
1624985326.431,1,54.92
1624985326.535,0,49.61
1624985326.538,1,55.51
1624985326.641,0,49.39
1624985326.644,1,55.56
1624985326.75,0,47.81
1624985326.753,1,60.52
1624985326.856,0,48.81
1624985326.859,1,68.4
1624985326.962,0,54.06
1624985326.965,1,87.61
1624985327.071,0,54.28
1624985327.074,1,56.55
1624985327.177,0,61.37
1624985327.181,1,62.23
1624985327.284,0,70.5
1624985327.287,1,68.86
1624985327.391,0,101.33
1624985327.395,1,96.38
1624985327.498,0,49.61
1624985327.5,1,66.63
1624985327.604,0,49.32
1624985327.607,1,54.91
1624985327.713,0,48.29
1624985327.716,1,58.95
1624985327.819,0,48.62
1624985327.822,1,74.44
1624985327.925,0,52.37
1624985327.928,1,81.1
1624985328.033,0,57.45
1624985328.037,1,59.05
1624985328.14,0,65.49
1624985328.143,1,65.76
1624985328.246,0,115.73
1624985328.249,1,99.39
1624985328.354,0,52.33
1624985328.357,1,85.03
1624985328.46,0,49.7
1624985328.463,1,54.71
1624985328.566,0,49.03
1624985328.569,1,55.78
1624985328.675,0,48.12
1624985328.678,1,65.82
1624985328.781,0,52.56
1624985328.784,1,81.62
1624985328.887,0,57.13
1624985328.89,1,58.06
1624985328.996,0,59.46
1624985328.999,1,60.67
1624985329.102,0,72.5
1624985329.105,1,71.94
1624985329.208,0,92.87
1624985329.211,1,120.73
1624985329.316,0,49.67
1624985329.319,1,54.62
1624985329.423,0,49.53
1624985329.426,1,54.74
1624985329.529,0,48.42
1624985329.532,1,57.09
1624985329.638,0,48.31
1624985329.641,1,68.99
1624985329.744,0,52.71
1624985329.746,1,69.02
1624985329.849,0,61.04
1624985329.853,1,60.46
1624985329.958,0,72.33
1624985329.962,1,70.69
1624985330.065,0,92.64
1624985330.068,1,87.88
1624985330.171,0,49.74
1624985330.174,1,73.48
1624985330.279,0,49.5
1624985330.282,1,55.19
1624985330.386,0,49.0
1624985330.389,1,56.11
1624985330.492,0,48.07
1624985330.495,1,62.69
1624985330.6,0,50.63
1624985330.606,1,93.85
1624985330.709,0,54.56
1624985330.712,1,56.43
1624985330.815,0,62.27
1624985330.819,1,63.21
1624985330.922,0,73.17
1624985330.927,1,73.21
1624985331.03,0,102.38
1624985331.033,1,118.93
1624985331.136,0,49.67
1624985331.139,1,55.26
1624985331.242,0,49.26
1624985331.245,1,55.44
1624985331.349,0,48.36
1624985331.352,1,58.65
1624985331.455,0,49.19
1624985331.458,1,69.24
1624985331.563,0,51.34
1624985331.566,1,88.58
1624985331.669,0,56.76
1624985331.672,1,57.86
1624985331.775,0,65.19
1624985331.779,1,64.12
1624985331.884,0,83.4
1624985331.887,1,80.5
1624985331.99,0,99.36
1624985331.995,1,120.12
1624985332.098,0,49.67
1624985332.101,1,54.88
1624985332.205,0,49.41
1624985332.208,1,55.21
1624985332.311,0,48.58
1624985332.314,1,57.55
1624985332.417,0,48.97
1624985332.424,1,68.57
1624985332.527,0,50.22
1624985332.53,1,95.69
1624985332.633,0,55.85
1624985332.636,1,57.65
1624985332.739,0,63.09
1624985332.743,1,63.26
1624985332.846,0,88.55
1624985332.85,1,82.08
1624985332.953,0,89.17
1624985332.956,1,106.72
1624985333.058,0,49.64
1624985333.061,1,54.86
1624985333.167,0,49.39
1624985333.171,1,54.78
1624985333.276,0,48.49
1624985333.279,1,57.06
1624985333.383,0,49.67
1624985333.385,1,73.4
1624985333.488,0,54.22
1624985333.491,1,63.64
1624985333.594,0,59.24
1624985333.599,1,61.14
1624985333.702,0,65.05
1624985333.705,1,63.99
1624985333.809,0,117.84
1624985333.812,1,133.85
1624985333.915,0,49.76
1624985333.918,1,54.89
1624985334.021,0,49.23
1624985334.026,1,55.25
1624985334.13,0,48.9
1624985334.133,1,56.15
1624985334.237,0,47.88
1624985334.239,1,60.26
1624985334.343,0,49.1
1624985334.346,1,71.37
1624985334.451,0,50.6
1624985334.459,1,94.63
1624985334.562,0,54.25
1624985334.565,1,56.42
1624985334.668,0,57.54
1624985334.671,1,58.95
1624985334.774,0,67.12
1624985334.778,1,65.87
1624985334.881,0,101.01
1624985334.886,1,86.43
1624985334.992,0,96.63
1624985334.995,1,116.42
1624985335.098,0,49.56
1624985335.101,1,55.36
1624985335.204,0,48.98
1624985335.207,1,55.76
1624985335.313,0,47.86
1624985335.316,1,60.94
1624985335.419,0,49.83
1624985335.422,1,83.6
1624985335.525,0,51.95
1624985335.528,1,90.64
1624985335.634,0,55.88
1624985335.638,1,57.55
1624985335.741,0,59.62
1624985335.746,1,60.94
1624985335.849,0,69.53
1624985335.852,1,69.21
1624985335.955,0,86.93
1624985335.959,1,82.56
1624985336.062,0,82.44
1624985336.065,1,100.9
1624985336.168,0,49.63
1624985336.171,1,54.57
1624985336.276,0,49.34
1624985336.279,1,55.53
1624985336.384,0,48.36
1624985336.387,1,58.08
1624985336.49,0,49.4
1624985336.493,1,73.04
1624985336.597,0,53.41
1624985336.6,1,74.93
1624985336.703,0,55.46
1624985336.714,1,56.96
1624985336.818,0,59.9
1624985336.821,1,61.61
1624985336.924,0,72.09
1624985336.927,1,72.3
1624985337.03,0,95.16
1624985337.033,1,86.82
1624985337.138,0,77.43
1624985337.142,1,98.04
1624985337.245,0,49.57
1624985337.248,1,54.77
1624985337.352,0,49.47
1624985337.354,1,55.16
1624985337.459,0,48.52
1624985337.462,1,57.49
1624985337.565,0,48.77
1624985337.568,1,67.02
1624985337.671,0,50.99
1624985337.675,1,88.66
1624985337.78,0,56.1
1624985337.783,1,57.59
1624985337.888,0,63.74
1624985337.891,1,64.2
1624985337.994,0,85.31
1624985337.998,1,79.89
1624985338.101,0,86.93
1624985338.105,1,110.99
1624985338.208,0,49.58
1624985338.211,1,55.09
1624985338.314,0,48.87
1624985338.317,1,56.11
1624985338.422,0,48.49
1624985338.425,1,64.99
1624985338.528,0,51.11
1624985338.531,1,90.78
1624985338.634,0,54.92
1624985338.638,1,56.62
1624985338.743,0,69.67
1624985338.746,1,69.48
1624985338.849,0,85.17
1624985338.853,1,84.76
1624985338.956,0,81.98
1624985338.96,1,109.84
1624985339.064,0,49.78
1624985339.07,1,55.31
1624985339.173,0,49.57
1624985339.176,1,54.92
1624985339.28,0,49.03
1624985339.282,1,55.71
1624985339.386,0,48.62
1624985339.389,1,69.34
1624985339.493,0,52.45
1624985339.497,1,79.64
1624985339.6,0,56.0
1624985339.603,1,57.98
1624985339.706,0,67.62
1624985339.71,1,67.79
1624985339.813,0,84.87
1624985339.817,1,82.66
1624985339.919,0,86.97
1624985339.925,1,90.29
1624985340.028,0,49.67
1624985340.031,1,54.69
1624985340.134,0,49.61
1624985340.137,1,54.92
1624985340.241,0,49.03
1624985340.244,1,55.88
1624985340.348,0,48.07
1624985340.351,1,62.28
1624985340.454,0,50.44
1624985340.457,1,82.62
1624985340.56,0,55.24
1624985340.563,1,66.88
1624985340.668,0,58.37
1624985340.673,1,59.99
1624985340.776,0,66.02
1624985340.78,1,65.25
1624985340.883,0,101.65
1624985340.886,1,94.31
1624985340.989,0,93.54
1624985340.994,1,101.43
1624985341.097,0,49.7
1624985341.1,1,67.97
1624985341.203,0,49.61
1624985341.206,1,54.74
1624985341.31,0,49.03
1624985341.315,1,55.89
1624985341.419,0,47.94
1624985341.421,1,63.15
1624985341.524,0,49.66
1624985341.527,1,76.12
1624985341.631,0,54.84
1624985341.635,1,56.62
1624985341.738,0,57.19
1624985341.742,1,58.88
1624985341.845,0,68.04
1624985341.849,1,68.6
1624985341.951,0,96.27
1624985341.957,1,91.42
1624985342.06,0,74.01
1624985342.062,1,96.01
1624985342.165,0,49.69
1624985342.168,1,55.23
1624985342.273,0,49.41
1624985342.277,1,55.19
1624985342.381,0,48.5
1624985342.383,1,57.63
1624985342.487,0,48.55
1624985342.49,1,68.51
1624985342.593,0,49.79
1624985342.598,1,78.28
1624985342.701,0,52.2
1624985342.704,1,81.75
1624985342.807,0,57.91
1624985342.81,1,58.82
1624985342.914,0,58.38
1624985342.919,1,59.69
1624985343.022,0,93.61
1624985343.026,1,88.28
1624985343.129,0,93.36
1624985343.131,1,109.8
1624985343.235,0,49.77
1624985343.24,1,54.68
1624985343.343,0,49.29
1624985343.346,1,54.7
1624985343.449,0,48.81
1624985343.452,1,56.35
1624985343.556,0,48.26
1624985343.561,1,64.03
1624985343.664,0,52.68
1624985343.667,1,64.88
1624985343.769,0,62.77
1624985343.773,1,63.25
1624985343.876,0,108.38
1624985343.881,1,113.65
1624985343.984,0,49.51
1624985343.987,1,54.44
1624985344.091,0,49.1
1624985344.093,1,54.25
1624985344.198,0,48.23
1624985344.202,1,58.7
1624985344.306,0,48.84
1624985344.309,1,77.0
1624985344.411,0,53.87
1624985344.415,1,67.22
1624985344.518,0,58.87
1624985344.524,1,59.58
1624985344.627,0,58.93
1624985344.63,1,60.44
1624985344.733,0,79.96
1624985344.737,1,77.78
1624985344.84,0,102.79
1624985344.845,1,119.28
1624985344.947,0,49.97
1624985344.95,1,66.3
1624985345.053,0,49.61
1624985345.056,1,55.42
1624985345.16,0,48.84
1624985345.165,1,56.26
1624985345.269,0,48.26
1624985345.272,1,69.07
1624985345.375,0,50.82
1624985345.377,1,88.74
1624985345.481,0,55.76
1624985345.486,1,57.37
1624985345.589,0,59.25
1624985345.593,1,60.29
1624985345.696,0,87.55
1624985345.699,1,81.85
1624985345.802,0,94.81
1624985345.807,1,110.74
1624985345.91,0,49.67
1624985345.913,1,54.5
1624985346.017,0,49.22
1624985346.02,1,55.88
1624985346.123,0,48.75
1624985346.128,1,56.26
1624985346.231,0,48.33
1624985346.234,1,65.04
1624985346.337,0,49.41
1624985346.34,1,77.14
1624985346.443,0,52.22
1624985346.449,1,77.61
1624985346.552,0,57.72
1624985346.555,1,59.42
1624985346.658,0,64.8
1624985346.662,1,64.96
1624985346.765,0,93.55
1624985346.77,1,89.38
1624985346.873,0,79.0
1624985346.876,1,99.82
1624985346.978,0,49.64
1624985346.981,1,54.65
1624985347.085,0,49.51
1624985347.09,1,55.62
1624985347.194,0,48.81
1624985347.197,1,56.32
1624985347.3,0,48.42
1624985347.303,1,64.72
1624985347.406,0,50.89
1624985347.411,1,91.3
1624985347.514,0,54.46
1624985347.517,1,56.41
1624985347.62,0,55.52
1624985347.624,1,57.39
1624985347.727,0,59.75
1624985347.732,1,61.37
1624985347.835,0,80.92
1624985347.838,1,77.38
1624985347.941,0,82.85
1624985347.945,1,79.53
1624985348.048,0,81.64
1624985348.053,1,102.89
1624985348.156,0,49.62
1624985348.159,1,55.32
1624985348.262,0,49.1
1624985348.265,1,55.87
1624985348.369,0,47.91
1624985348.374,1,60.52
1624985348.477,0,48.9
1624985348.48,1,69.85
1624985348.583,0,51.5
1624985348.586,1,80.42
1624985348.689,0,56.39
1624985348.695,1,58.18
1624985348.798,0,61.06
1624985348.802,1,62.35
1624985348.904,0,105.26
1624985348.909,1,86.33
1624985349.015,0,73.42
1624985349.018,1,92.87
1624985349.121,0,49.7
1624985349.124,1,55.2
1624985349.227,0,49.22
1624985349.23,1,55.81
1624985349.333,0,48.63
1624985349.337,1,57.4
1624985349.44,0,48.04
1624985349.443,1,62.16
1624985349.546,0,50.73
1624985349.549,1,89.55
1624985349.652,0,54.02
1624985349.658,1,66.24
1624985349.761,0,60.47
1624985349.764,1,61.33
1624985349.867,0,75.64
1624985349.87,1,73.36
1624985349.973,0,104.1
1624985349.979,1,100.32
1624985350.082,0,65.21
1624985350.085,1,86.02
1624985350.188,0,49.66
1624985350.191,1,54.9
1624985350.294,0,49.16
1624985350.299,1,55.53
1624985350.403,0,48.0
1624985350.406,1,62.47
1624985350.509,0,50.12
1624985350.513,1,74.77
1624985350.618,0,53.41
1624985350.621,1,71.01
1624985350.724,0,54.98
1624985350.727,1,56.85
1624985350.83,0,64.37
1624985350.834,1,64.65
1624985350.937,0,77.67
1624985350.942,1,74.54
1624985351.045,0,91.34
1624985351.048,1,99.71
1624985351.151,0,54.94
1624985351.154,1,86.82
1624985351.257,0,49.61
1624985351.262,1,55.78
1624985351.366,0,48.82
1624985351.369,1,55.95
1624985351.472,0,48.61
1624985351.475,1,72.68
1624985351.578,0,51.91
1624985351.583,1,83.47
1624985351.686,0,55.26
1624985351.689,1,57.15
1624985351.792,0,60.37
1624985351.795,1,61.78
1624985351.898,0,65.05
1624985351.904,1,66.1
1624985352.007,0,110.74
1624985352.01,1,118.32
1624985352.113,0,49.7
1624985352.117,1,60.03
1624985352.222,0,49.58
1624985352.225,1,55.55
1624985352.328,0,49.13
1624985352.331,1,55.69
1624985352.435,0,47.91
1624985352.438,1,64.26
1624985352.541,0,49.53
1624985352.546,1,76.29
1624985352.649,0,54.89
1624985352.652,1,63.27
1624985352.755,0,60.87
1624985352.758,1,61.71
1624985352.861,0,69.89
1624985352.867,1,68.36
1624985352.97,0,84.17
1624985352.974,1,83.1
1624985353.077,0,81.36
1624985353.08,1,104.75
1624985353.182,0,49.88
1624985353.188,1,55.1
1624985353.291,0,49.26
1624985353.294,1,55.22
1624985353.397,0,48.81
1624985353.4,1,57.12
1624985353.504,0,48.33
1624985353.509,1,66.1
1624985353.612,0,50.36
1624985353.614,1,86.19
1624985353.717,0,54.19
1624985353.722,1,75.04
1624985353.827,0,57.59
1624985353.831,1,58.68
1624985353.934,0,63.2
1624985353.937,1,63.81
1624985354.04,0,84.15
1624985354.043,1,83.19
1624985354.146,0,93.03
1624985354.151,1,111.34
1624985354.254,0,49.69
1624985354.257,1,54.81
1624985354.36,0,49.54
1624985354.363,1,55.76
1624985354.467,0,48.9
1624985354.472,1,56.68
1624985354.575,0,48.38
1624985354.578,1,69.46
1624985354.681,0,51.34
1624985354.684,1,90.21
1624985354.787,0,57.31
1624985354.793,1,58.82
1624985354.896,0,59.89
1624985354.9,1,61.1
1624985355.002,0,76.64
1624985355.006,1,74.49
1624985355.109,0,106.59
1624985355.114,1,118.92
1624985355.217,0,49.74
1624985355.22,1,62.94
1624985355.322,0,49.16
1624985355.327,1,54.16
1624985355.43,0,47.49
1624985355.435,1,59.07
1624985355.538,0,51.7
1624985355.54,1,83.95
1624985355.643,0,55.27
1624985355.647,1,57.65
1624985355.75,0,58.11
1624985355.756,1,59.33
1624985355.859,0,78.52
1624985355.863,1,71.04
1624985355.969,0,110.53
1624985355.972,1,117.87
1624985356.074,0,49.73
1624985356.077,1,54.58
1624985356.181,0,49.41
1624985356.184,1,54.82
1624985356.291,0,49.13
1624985356.293,1,55.73
1624985356.397,0,48.31
1624985356.4,1,63.81
1624985356.502,0,51.17
1624985356.505,1,93.07
1624985356.61,0,53.44
1624985356.613,1,64.08
1624985356.716,0,58.05
1624985356.72,1,59.25
1624985356.823,0,67.23
1624985356.826,1,65.24
1624985356.933,0,94.28
1624985356.939,1,86.86
1624985357.042,0,67.82
1624985357.045,1,91.81
1624985357.148,0,49.51
1624985357.151,1,54.92
1624985357.254,0,49.0
1624985357.26,1,55.65
1624985357.363,0,48.49
1624985357.366,1,66.44
1624985357.469,0,51.8
1624985357.472,1,91.16
1624985357.575,0,55.04
1624985357.581,1,57.12
1624985357.684,0,60.33
1624985357.687,1,61.75
1624985357.79,0,62.07
1624985357.794,1,62.62
1624985357.897,0,96.92
1624985357.902,1,93.36
1624985358.005,0,86.19
1624985358.008,1,105.75
1624985358.111,0,49.74
1624985358.113,1,54.76
1624985358.217,0,49.29
1624985358.222,1,55.97
1624985358.326,0,48.48
1624985358.329,1,58.1
1624985358.432,0,48.33
1624985358.435,1,67.5
1624985358.54,0,51.97
1624985358.543,1,92.11
1624985358.646,0,54.59
1624985358.65,1,56.74
1624985358.753,0,58.24
1624985358.756,1,59.72
1624985358.859,0,76.81
1624985358.865,1,76.35
1624985358.968,0,112.82
1624985358.971,1,107.32
1624985359.074,0,49.7
1624985359.077,1,54.83
1624985359.18,0,49.45
1624985359.185,1,55.42
1624985359.289,0,48.78
1624985359.292,1,56.22
1624985359.395,0,48.36
1624985359.398,1,69.22
1624985359.501,0,51.69
1624985359.507,1,86.6
1624985359.61,0,59.44
1624985359.613,1,60.07
1624985359.716,0,61.97
1624985359.72,1,62.47
1624985359.822,0,88.95
1624985359.828,1,84.03
1624985359.931,0,67.21
1624985359.934,1,96.14
1624985360.036,0,49.62
1624985360.04,1,55.44
1624985360.143,0,49.29
1624985360.149,1,55.55
1624985360.252,0,48.33
1624985360.255,1,57.93
1624985360.358,0,49.29
1624985360.361,1,73.29
1624985360.464,0,53.34
1624985360.469,1,83.25
1624985360.572,0,57.47
1624985360.575,1,58.85
1624985360.678,0,58.65
1624985360.682,1,60.05
1624985360.785,0,92.66
1624985360.79,1,86.46
1624985360.893,0,73.28
1624985360.896,1,91.31
1624985360.999,0,49.63
1624985361.002,1,54.85
1624985361.105,0,49.38
1624985361.111,1,55.25
1624985361.214,0,48.1
1624985361.217,1,58.58
1624985361.321,0,48.75
1624985361.323,1,68.04
1624985361.426,0,50.73
1624985361.431,1,89.05
1624985361.534,0,56.1
1624985361.538,1,57.51
1624985361.641,0,65.92
1624985361.644,1,65.71
1624985361.747,0,90.71
1624985361.753,1,86.43
1624985361.856,0,49.82
1624985361.859,1,77.09
1624985361.961,0,49.58
1624985361.964,1,55.09
1624985362.068,0,48.89
1624985362.074,1,56.24
1624985362.177,0,48.39
1624985362.18,1,63.33
1624985362.283,0,49.75
1624985362.286,1,86.59
1624985362.389,0,56.26
1624985362.395,1,58.14
1624985362.498,0,97.8
1624985362.501,1,92.6
1624985362.604,0,49.56
1624985362.607,1,54.82
1624985362.712,0,48.68
1624985362.716,1,53.67
1624985362.819,0,48.23
1624985362.822,1,62.83
1624985362.925,0,53.22
1624985362.928,1,64.17
1624985363.033,0,58.19
1624985363.037,1,60.08
1624985363.14,0,100.78
1624985363.143,1,97.08
1624985363.246,0,49.67
1624985363.249,1,54.78
1624985363.357,0,49.25
1624985363.36,1,55.3
1624985363.464,0,47.86
1624985363.466,1,60.01
1624985363.57,0,48.81
1624985363.573,1,67.9
1624985363.679,0,50.71
1624985363.681,1,91.23
1624985363.784,0,57.25
1624985363.788,1,58.43
1624985363.891,0,61.94
1624985363.894,1,62.69
1624985363.997,0,94.51
1624985364.001,1,89.74
1624985364.104,0,78.53
1624985364.107,1,98.14
1624985364.209,0,49.62
1624985364.212,1,55.01
1624985364.316,0,48.93
1624985364.32,1,55.96
1624985364.425,0,48.22
1624985364.427,1,67.24
1624985364.53,0,52.36
1624985364.533,1,82.29
1624985364.636,0,56.12
1624985364.642,1,57.43
1624985364.747,0,59.82
1624985364.752,1,60.76
1624985364.855,0,78.95
1624985364.859,1,76.26
1624985364.962,0,87.21
1624985364.964,1,94.67
1624985365.073,0,49.74
1624985365.075,1,54.96
1624985365.178,0,49.69
1624985365.183,1,55.5
1624985365.286,0,49.1
1624985365.289,1,56.14
1624985365.396,0,48.26
1624985365.399,1,67.74
1624985365.501,0,52.5
1624985365.504,1,67.31
1624985365.607,0,55.55
1624985365.61,1,57.5
1624985365.713,0,70.71
1624985365.717,1,69.06
1624985365.821,0,72.22
1624985365.825,1,71.31
1624985365.928,0,110.84
1624985365.931,1,131.99
1624985366.034,0,49.8
1624985366.037,1,55.21
1624985366.141,0,49.63
1624985366.145,1,55.24
1624985366.249,0,48.78
1624985366.252,1,56.78
1624985366.355,0,48.7
1624985366.358,1,69.3
1624985366.461,0,51.79
1624985366.466,1,89.23
1624985366.571,0,53.86
1624985366.575,1,62.62
1624985366.677,0,61.23
1624985366.681,1,62.63
1624985366.784,0,77.47
1624985366.788,1,75.26
1624985366.891,0,91.86
1624985366.894,1,91.68
1624985367.001,0,56.87
1624985367.004,1,84.53
1624985367.107,0,49.64
1624985367.11,1,55.26
1624985367.213,0,49.16
1624985367.216,1,55.92
1624985367.32,0,47.94
1624985367.322,1,61.32
1624985367.427,0,50.4
1624985367.43,1,93.13
1624985367.533,0,56.58
1624985367.537,1,58.18
1624985367.639,0,57.08
1624985367.643,1,58.9
1624985367.746,0,58.14
1624985367.75,1,58.19
1624985367.855,0,70.64
1624985367.86,1,70.18
1624985367.963,0,110.41
1624985367.966,1,105.07
1624985368.069,0,52.5
1624985368.072,1,86.34
1624985368.175,0,49.81
1624985368.178,1,55.54
1624985368.283,0,49.32
1624985368.286,1,55.99
1624985368.389,0,48.07
1624985368.392,1,60.49
1624985368.495,0,48.87
1624985368.498,1,70.39
1624985368.601,0,53.22
1624985368.604,1,70.15
1624985368.707,0,56.38
1624985368.713,1,58.31
1624985368.816,0,59.1
1624985368.819,1,59.91
1624985368.922,0,73.41
1624985368.926,1,71.98
1624985369.029,0,107.35
1624985369.034,1,83.27
1624985369.143,0,101.13
1624985369.146,1,121.41
1624985369.249,0,55.27
1624985369.255,1,86.81
1624985369.358,0,49.9
1624985369.362,1,54.85
1624985369.465,0,49.33
1624985369.468,1,55.41
1624985369.572,0,48.97
1624985369.576,1,55.82
1624985369.68,0,48.07
1624985369.682,1,65.18
1624985369.786,0,51.47
1624985369.788,1,89.67
1624985369.891,0,56.21
1624985369.897,1,57.68
1624985370.001,0,64.52
1624985370.004,1,64.99
1624985370.108,0,78.98
1624985370.111,1,78.31
1624985370.214,0,82.07
1624985370.218,1,104.06
1624985370.321,0,49.77
1624985370.324,1,55.39
1624985370.429,0,49.0
1624985370.432,1,55.76
1624985370.536,0,48.13
1624985370.539,1,64.46
1624985370.642,0,50.89
1624985370.644,1,85.42
1624985370.747,0,55.88
1624985370.751,1,57.74
1624985370.853,0,55.92
1624985370.86,1,57.6
1624985370.962,0,62.96
1624985370.968,1,63.1
1624985371.071,0,72.07
1624985371.074,1,69.56
1624985371.177,0,106.5
1624985371.181,1,97.76
1624985371.286,0,49.69
1624985371.289,1,74.94
1624985371.391,0,49.71
1624985371.394,1,54.64
1624985371.498,0,49.09
1624985371.502,1,55.88
1624985371.605,0,48.18
1624985371.608,1,64.89
1624985371.711,0,50.99
1624985371.714,1,92.47
1624985371.82,0,54.1
1624985371.823,1,57.98
1624985371.926,0,62.82
1624985371.93,1,63.76
1624985372.033,0,88.71
1624985372.037,1,85.23
1624985372.14,0,68.56
1624985372.144,1,95.76
1624985372.247,0,49.81
1624985372.25,1,55.45
1624985372.354,0,49.42
1624985372.357,1,55.14
1624985372.46,0,48.74
1624985372.464,1,56.43
1624985372.568,0,48.26
1624985372.572,1,61.05
1624985372.675,0,50.05
1624985372.678,1,81.84
1624985372.781,0,53.6
1624985372.786,1,76.26
1624985372.889,0,55.67
1624985372.892,1,57.65
1624985372.996,0,64.16
1624985373.0,1,64.96
1624985373.103,0,81.93
1624985373.107,1,80.53
1624985373.21,0,86.29
1624985373.213,1,117.64
1624985373.318,0,49.64
1624985373.321,1,55.07
1624985373.425,0,49.35
1624985373.428,1,55.11
1624985373.532,0,47.74
1624985373.535,1,60.14
1624985373.639,0,49.91
1624985373.642,1,85.67
1624985373.745,0,53.61
1624985373.749,1,67.83
1624985373.852,0,58.57
1624985373.855,1,59.4
1624985373.96,0,74.44
1624985373.963,1,72.43
1624985374.066,0,111.7
1624985374.07,1,121.67
1624985374.173,0,55.3
1624985374.177,1,92.65
1624985374.281,0,50.02
1624985374.284,1,55.57
1624985374.388,0,113.03
1624985374.392,1,103.48
1624985374.495,0,49.67
1624985374.498,1,83.74
1624985374.602,0,49.57
1624985374.605,1,55.06
1624985374.708,0,49.32
1624985374.712,1,55.49
1624985374.816,0,48.1
1624985374.819,1,64.16
1624985374.923,0,51.47
1624985374.926,1,82.72
1624985375.029,0,56.42
1624985375.034,1,57.84
1624985375.137,0,62.81
1624985375.14,1,63.07
1624985375.244,0,73.21
1624985375.247,1,73.5
1624985375.35,0,105.5
1624985375.354,1,98.5
1624985375.457,0,49.7
1624985375.46,1,54.91
1624985375.565,0,49.61
1624985375.567,1,55.1
1624985375.671,0,49.29
1624985375.675,1,55.54
1624985375.779,0,48.12
1624985375.783,1,60.81
1624985375.886,0,49.6
1624985375.889,1,73.6
1624985375.993,0,53.04
1624985375.996,1,69.33
1624985376.099,0,56.29
1624985376.103,1,58.17
1624985376.206,0,65.64
1624985376.21,1,65.9
1624985376.313,0,92.31
1624985376.318,1,87.79
1624985376.422,0,92.28
1624985376.425,1,107.73
1624985376.528,0,49.67
1624985376.531,1,54.88
1624985376.634,0,49.64
1624985376.639,1,55.05
1624985376.742,0,48.78
1624985376.745,1,56.03
1624985376.849,0,48.26
1624985376.852,1,63.15
1624985376.955,0,49.57
1624985376.959,1,74.61
1624985377.062,0,52.81
1624985377.065,1,65.44
1624985377.169,0,58.36
1624985377.173,1,60.15
1624985377.276,0,61.23
1624985377.281,1,62.45
1624985377.384,0,98.13
1624985377.388,1,92.25
1624985377.491,0,54.51
1624985377.494,1,82.67
1624985377.597,0,49.7
1624985377.602,1,54.61
1624985377.705,0,49.41
1624985377.708,1,55.77
1624985377.812,0,48.29
1624985377.815,1,58.58
1624985377.918,0,48.84
1624985377.922,1,70.87
1624985378.027,0,53.08
1624985378.03,1,66.62
1624985378.133,0,58.69
1624985378.136,1,59.49
1624985378.239,0,85.11
1624985378.244,1,81.19
1624985378.347,0,95.74
1624985378.349,1,114.22
1624985378.453,0,49.77
1624985378.456,1,54.9
1624985378.559,0,49.61
1624985378.565,1,54.73
1624985378.668,0,48.65
1624985378.671,1,56.63
1624985378.774,0,48.58
1624985378.777,1,65.88
1624985378.88,0,52.13
1624985378.885,1,79.5
1624985378.988,0,57.22
1624985378.992,1,59.03
1624985379.095,0,64.25
1624985379.099,1,65.38
1624985379.202,0,116.58
1624985379.207,1,106.69
1624985379.31,0,55.25
1624985379.313,1,79.11
1624985379.416,0,49.68
1624985379.419,1,55.07
1624985379.522,0,49.32
1624985379.527,1,55.86
1624985379.633,0,48.68
1624985379.636,1,57.55
1624985379.74,0,48.42
1624985379.743,1,64.64
1624985379.846,0,51.62
1624985379.848,1,89.95
1624985379.951,0,57.28
1624985379.955,1,58.92
1624985380.059,0,62.29
1624985380.062,1,63.03
1624985380.165,0,64.89
1624985380.169,1,65.57
1624985380.272,0,121.75
1624985380.275,1,116.79
1624985380.379,0,49.83
1624985380.382,1,70.96
1624985380.485,0,49.72
1624985380.489,1,55.21
1624985380.593,0,49.06
1624985380.596,1,56.2
1624985380.7,0,48.39
1624985380.703,1,63.99
1624985380.806,0,50.94
1624985380.81,1,91.5
1624985380.913,0,54.92
1624985380.917,1,56.88
1624985381.021,0,60.4
1624985381.025,1,61.19
1624985381.128,0,87.32
1624985381.132,1,81.01
1624985381.236,0,114.06
1624985381.239,1,111.24
1624985381.342,0,52.54
1624985381.345,1,79.68
1624985381.448,0,49.61
1624985381.452,1,55.48
1624985381.556,0,48.72
1624985381.559,1,57.19
1624985381.663,0,48.1
1624985381.666,1,61.96
1624985381.769,0,48.39
1624985381.773,1,66.45
1624985381.876,0,49.67
1624985381.879,1,73.56
1624985381.984,0,52.76
1624985381.987,1,69.98
1624985382.09,0,57.31
1624985382.094,1,59.18
1624985382.197,0,60.99
1624985382.201,1,61.54
1624985382.305,0,69.95
1624985382.308,1,69.07
1624985382.411,0,97.93
1624985382.415,1,119.22
1624985382.518,0,49.74
1624985382.521,1,54.82
1624985382.625,0,49.38
1624985382.628,1,55.38
1624985382.731,0,48.5
1624985382.736,1,59.0
1624985382.841,0,48.48
1624985382.844,1,69.62
1624985382.947,0,55.46
1624985382.95,1,64.12
1624985383.053,0,60.74
1624985383.057,1,61.65
1624985383.16,0,67.13
1624985383.163,1,66.75
1624985383.267,0,74.67
1624985383.271,1,72.77
1624985383.374,0,97.76
1624985383.378,1,118.28
1624985383.48,0,49.7
1624985383.483,1,55.3
1624985383.588,0,49.32
1624985383.591,1,55.96
1624985383.695,0,48.2
1624985383.698,1,59.53
1624985383.802,0,49.64
1624985383.805,1,70.44
1624985383.909,0,51.72
1624985383.913,1,68.98
1624985384.016,0,58.78
1624985384.02,1,60.35
1624985384.123,0,64.7
1624985384.126,1,64.86
1624985384.23,0,104.85
1624985384.234,1,99.63
1624985384.337,0,51.7
1624985384.34,1,97.6
1624985384.446,0,49.7
1624985384.449,1,55.3
1624985384.552,0,48.93
1624985384.555,1,56.65
1624985384.659,0,48.52
1624985384.662,1,68.68
1624985384.764,0,51.72
1624985384.767,1,88.34
1624985384.873,0,55.91
1624985384.876,1,57.77
1624985384.979,0,60.32
1624985384.983,1,61.32
1624985385.086,0,72.77
1624985385.089,1,69.8
1624985385.193,0,118.41
1624985385.196,1,132.9
1624985385.3,0,49.9
1624985385.302,1,54.89
1624985385.406,0,49.67
1624985385.409,1,55.26
1624985385.515,0,49.26
1624985385.518,1,56.32
1624985385.621,0,48.46
1624985385.624,1,59.28
1624985385.727,0,50.08
1624985385.73,1,76.28
1624985385.835,0,52.59
1624985385.838,1,69.52
1624985385.941,0,58.71
1624985385.944,1,59.91
1624985386.049,0,73.8
1624985386.052,1,71.47
1624985386.156,0,94.52
1624985386.16,1,89.72
1624985386.263,0,51.51
1624985386.266,1,77.01
1624985386.369,0,49.77
1624985386.372,1,55.18
1624985386.477,0,49.22
1624985386.48,1,56.16
1624985386.584,0,48.4
1624985386.587,1,65.75
1624985386.689,0,53.54
1624985386.692,1,82.09
1624985386.798,0,55.52
1624985386.802,1,57.7
1624985386.905,0,66.27
1624985386.91,1,64.74
1624985387.013,0,76.27
1624985387.017,1,73.73
1624985387.12,0,69.24
1624985387.123,1,93.29
1624985387.226,0,49.83
1624985387.229,1,55.36
1624985387.332,0,49.26
1624985387.335,1,55.24
1624985387.44,0,48.78
1624985387.443,1,57.17
1624985387.546,0,48.32
1624985387.549,1,65.25
1624985387.653,0,50.51
1624985387.656,1,91.0
1624985387.761,0,54.25
1624985387.764,1,59.46
1624985387.867,0,66.36
1624985387.871,1,66.89
1624985387.974,0,69.78
1624985387.977,1,67.39
1624985388.082,0,110.72
1624985388.085,1,106.13
1624985388.188,0,60.37
1624985388.191,1,89.49
1624985388.294,0,49.77
1624985388.297,1,54.99
1624985388.403,0,49.1
1624985388.406,1,55.66
1624985388.509,0,48.58
1624985388.514,1,59.3
1624985388.617,0,49.16
1624985388.62,1,70.52
1624985388.724,0,53.19
1624985388.727,1,66.76
1624985388.83,0,59.12
1624985388.833,1,59.82
1624985388.936,0,77.65
1624985388.939,1,71.52
1624985389.044,0,128.04
1624985389.047,1,141.1
1624985389.15,0,49.96
1624985389.153,1,55.61
1624985389.259,0,49.58
1624985389.262,1,55.05
1624985389.367,0,49.16
1624985389.372,1,55.97
1624985389.476,0,48.29
1624985389.479,1,62.23
1624985389.582,0,49.57
1624985389.585,1,85.04
1624985389.687,0,53.04
1624985389.693,1,66.27
1624985389.796,0,57.24
1624985389.8,1,58.84
1624985389.903,0,76.0
1624985389.906,1,75.02
1624985390.009,0,95.81
1624985390.017,1,84.52
1624985390.12,0,56.59
1624985390.123,1,95.45
1624985390.228,0,49.8
1624985390.231,1,55.22
1624985390.334,0,49.13
1624985390.337,1,56.09
1624985390.441,0,47.87
1624985390.443,1,60.47
1624985390.549,0,48.78
1624985390.552,1,73.65
1624985390.655,0,54.99
1624985390.658,1,61.86
1624985390.762,0,66.85
1624985390.766,1,65.57
1624985390.87,0,68.82
1624985390.874,1,68.74
1624985390.977,0,106.07
1624985390.98,1,127.53
1624985391.083,0,49.9
1624985391.086,1,60.84
1624985391.191,0,49.67
1624985391.194,1,55.67
1624985391.298,0,48.87
1624985391.301,1,56.8
1624985391.404,0,48.55
1624985391.407,1,65.49
1624985391.512,0,51.64
1624985391.515,1,92.58
1624985391.618,0,54.98
1624985391.623,1,56.95
1624985391.726,0,60.74
1624985391.729,1,61.77
1624985391.833,0,60.54
1624985391.837,1,62.61
1624985391.94,0,68.86
1624985391.943,1,68.2
1624985392.046,0,106.86
1624985392.049,1,123.0
1624985392.154,0,49.87
1624985392.157,1,54.79
1624985392.26,0,49.61
1624985392.263,1,55.32
1624985392.366,0,48.96
1624985392.369,1,56.32
1624985392.475,0,48.42
1624985392.478,1,69.91
1624985392.581,0,51.81
1624985392.584,1,71.35
1624985392.687,0,58.97
1624985392.69,1,59.26
1624985392.796,0,67.15
1624985392.799,1,67.63
1624985392.902,0,78.3
1624985392.906,1,75.56
1624985393.009,0,81.58
1624985393.011,1,111.96
1624985393.116,0,49.77
1624985393.119,1,55.0
1624985393.223,0,49.32
1624985393.226,1,55.78
1624985393.329,0,48.07
1624985393.332,1,59.04
1624985393.438,0,49.57
1624985393.441,1,76.9
1624985393.543,0,54.06
1624985393.547,1,66.69
1624985393.649,0,56.67
1624985393.653,1,57.79
1624985393.759,0,64.55
1624985393.762,1,65.04
1624985393.865,0,65.98
1624985393.869,1,67.14
1624985393.972,0,101.37
1624985393.975,1,119.43
1624985394.079,0,49.87
1624985394.082,1,65.28
1624985394.186,0,49.73
1624985394.188,1,55.43
1624985394.292,0,49.29
1624985394.295,1,55.92
1624985394.401,0,48.95
1624985394.407,1,57.43
1624985394.51,0,48.17
1624985394.513,1,62.72
1624985394.616,0,51.69
1624985394.619,1,87.8
1624985394.723,0,55.55
1624985394.73,1,57.41
1624985394.833,0,58.36
1624985394.836,1,58.79
1624985394.942,0,62.56
1624985394.945,1,64.07
1624985395.048,0,110.96
1624985395.051,1,126.38
1624985395.154,0,49.74
1624985395.157,1,55.1
1624985395.263,0,49.39
1624985395.265,1,55.45
1624985395.369,0,48.45
1624985395.372,1,58.57
1624985395.475,0,48.88
1624985395.479,1,69.64
1624985395.584,0,51.72
1624985395.587,1,94.09
1624985395.689,0,56.13
1624985395.693,1,57.83
1624985395.796,0,65.33
1624985395.799,1,63.9
1624985395.904,0,68.1
1624985395.908,1,68.77
1624985396.011,0,112.55
1624985396.014,1,106.05
1624985396.117,0,49.88
1624985396.12,1,80.23
1624985396.225,0,49.77
1624985396.228,1,55.47
1624985396.331,0,49.48
1624985396.334,1,55.94
1624985396.438,0,47.91
1624985396.441,1,58.44
1624985396.546,0,49.22
1624985396.549,1,71.61
1624985396.652,0,53.63
1624985396.655,1,76.38
1624985396.758,0,58.05
1624985396.761,1,58.71
1624985396.867,0,61.1
1624985396.87,1,61.77
1624985396.973,0,86.24
1624985396.977,1,84.14
1624985397.08,0,92.44
1624985397.083,1,121.43
1624985397.188,0,49.9
1624985397.19,1,55.32
1624985397.294,0,49.51
1624985397.298,1,55.7
1624985397.401,0,49.0
1624985397.404,1,56.64
1624985397.509,0,48.55
1624985397.512,1,68.42
1624985397.615,0,51.75
1624985397.62,1,87.89
1624985397.723,0,57.43
1624985397.726,1,58.62
1624985397.83,0,61.67
1624985397.833,1,62.99
1624985397.936,0,63.46
1624985397.945,1,62.34
1624985398.051,0,96.96
1624985398.054,1,95.02
1624985398.157,0,69.74
1624985398.16,1,94.62
1624985398.263,0,49.74
1624985398.266,1,55.16
1624985398.372,0,49.22
1624985398.375,1,55.48
1624985398.478,0,48.38
1624985398.481,1,58.56
1624985398.585,0,48.84
1624985398.588,1,67.97
1624985398.692,0,50.93
1624985398.695,1,89.61
1624985398.798,0,55.94
1624985398.802,1,57.91
1624985398.905,0,60.72
1624985398.912,1,61.84
1624985399.014,0,65.4
1624985399.018,1,66.72
1624985399.121,0,98.53
1624985399.124,1,93.85
1624985399.227,0,55.69
1624985399.23,1,89.91
1624985399.334,0,49.61
1624985399.337,1,55.52
1624985399.441,0,48.84
1624985399.444,1,57.89
1624985399.547,0,48.38
1624985399.55,1,62.7
1624985399.655,0,49.88
1624985399.662,1,76.71
1624985399.765,0,54.18
1624985399.768,1,61.44
1624985399.871,0,59.07
1624985399.875,1,60.56
1624985399.978,0,73.73
1624985399.981,1,69.52
1624985400.086,0,85.61
1624985400.09,1,83.09
1624985400.193,0,49.81
1624985400.196,1,55.42
1624985400.299,0,49.68
1624985400.302,1,55.57
1624985400.405,0,49.35
1624985400.41,1,56.22
1624985400.514,0,48.27
1624985400.517,1,64.71
1624985400.62,0,52.27
1624985400.623,1,86.99
1624985400.726,0,55.43
1624985400.729,1,57.59
1624985400.832,0,63.33
1624985400.837,1,63.87
1624985400.94,0,90.33
1624985400.943,1,86.53
1624985401.046,0,102.86
1624985401.049,1,117.91
1624985401.152,0,49.83
1624985401.155,1,54.82
1624985401.259,0,49.48
1624985401.263,1,55.16
1624985401.367,0,48.81
1624985401.37,1,57.38
1624985401.473,0,48.71
1624985401.476,1,71.83
1624985401.58,0,53.27
1624985401.583,1,70.56
1624985401.687,0,54.56
1624985401.695,1,67.06
1624985401.8,0,56.26
1624985401.804,1,58.05
1624985401.907,0,60.47
1624985401.91,1,61.4
1624985402.013,0,79.46
1624985402.02,1,76.89
1624985402.123,0,72.33
1624985402.126,1,101.87
1624985402.229,0,49.86
1624985402.232,1,55.74
1624985402.335,0,49.25
1624985402.338,1,56.01
1624985402.443,0,48.29
1624985402.447,1,60.24
1624985402.551,0,49.47
1624985402.554,1,81.17
1624985402.657,0,54.62
1624985402.66,1,69.28
1624985402.764,0,56.26
1624985402.767,1,57.85
1624985402.87,0,63.9
1624985402.875,1,64.34
1624985402.978,0,76.7
1624985402.982,1,74.63
1624985403.085,0,75.01
1624985403.088,1,103.8
1624985403.192,0,49.79
1624985403.195,1,55.3
1624985403.299,0,49.48
1624985403.303,1,55.87
1624985403.406,0,48.24
1624985403.409,1,62.38
1624985403.512,0,49.89
1624985403.515,1,88.24
1624985403.618,0,54.3
1624985403.621,1,66.19
1624985403.726,0,56.38
1624985403.735,1,57.88
1624985403.838,0,64.81
1624985403.842,1,62.22
1624985403.947,0,88.95
1624985403.951,1,86.96
1624985404.053,0,100.93
1624985404.056,1,118.67
1624985404.159,0,49.84
1624985404.163,1,54.96
1624985404.268,0,49.6
1624985404.271,1,55.9
1624985404.375,0,48.55
1624985404.378,1,58.34
1624985404.481,0,48.67
1624985404.484,1,63.56
1624985404.589,0,51.76
1624985404.592,1,95.09
1624985404.696,0,56.12
1624985404.699,1,58.68
1624985404.802,0,63.8
1624985404.805,1,63.66
1624985404.91,0,94.76
1624985404.913,1,89.3
1624985405.016,0,93.07
1624985405.02,1,107.46
1624985405.123,0,49.93
1624985405.126,1,55.14
1624985405.231,0,49.58
1624985405.234,1,55.47
1624985405.338,0,48.36
1624985405.341,1,59.15
1624985405.444,0,48.97
1624985405.448,1,66.86
1624985405.552,0,51.14
1624985405.555,1,88.35
1624985405.658,0,56.62
1624985405.662,1,58.23
1624985405.765,0,60.07
1624985405.768,1,60.79
1624985405.872,0,57.6
1624985405.883,1,59.38
1624985405.986,0,90.2
1624985405.989,1,84.37
1624985406.093,0,72.76
1624985406.096,1,94.62
1624985406.2,0,49.62
1624985406.203,1,54.47
1624985406.306,0,47.69
1624985406.311,1,55.01
1624985406.415,0,48.62
1624985406.418,1,67.11
1624985406.521,0,51.8
1624985406.524,1,86.94
1624985406.627,0,57.54
1624985406.63,1,58.3
1624985406.736,0,59.77
1624985406.739,1,61.17
1624985406.842,0,105.19
1624985406.846,1,97.44
1624985406.949,0,63.55
1624985406.951,1,101.75
1624985407.057,0,49.83
1624985407.062,1,54.86
1624985407.166,0,49.16
1624985407.169,1,56.1
1624985407.272,0,48.1
1624985407.275,1,61.01
1624985407.378,0,51.81
1624985407.381,1,90.97
1624985407.484,0,54.92
1624985407.488,1,57.0
1624985407.591,0,61.56
1624985407.594,1,61.64
1624985407.698,0,74.08
1624985407.703,1,71.6
1624985407.806,0,84.3
1624985407.81,1,80.63
1624985407.913,0,90.16
1624985407.916,1,113.38
1624985408.02,0,49.9
1624985408.023,1,61.59
1624985408.126,0,49.9
1624985408.13,1,55.04
1624985408.234,0,49.71
1624985408.237,1,55.31
1624985408.341,0,48.62
1624985408.344,1,57.97
1624985408.448,0,48.57
1624985408.451,1,64.04
1624985408.554,0,51.22
1624985408.557,1,84.84
1624985408.662,0,55.7
1624985408.665,1,57.48
1624985408.768,0,59.01
1624985408.774,1,60.01
1624985408.877,0,79.59
1624985408.88,1,76.32
1624985408.983,0,90.38
1624985408.986,1,106.95
1624985409.089,0,49.87
1624985409.094,1,55.18
1624985409.197,0,49.23
1624985409.2,1,56.02
1624985409.304,0,48.48
1624985409.307,1,62.44
1624985409.411,0,50.65
1624985409.415,1,94.06
1624985409.518,0,56.11
1624985409.521,1,57.97
1624985409.626,0,61.65
1624985409.63,1,62.46
1624985409.732,0,64.93
1624985409.736,1,65.42
1624985409.839,0,87.55
1624985409.842,1,87.44
1624985409.945,0,49.81
1624985409.948,1,64.66
1624985410.051,0,49.83
1624985410.057,1,55.04
1624985410.161,0,49.06
1624985410.164,1,56.22
1624985410.267,0,48.42
1624985410.27,1,65.09
1624985410.373,0,51.24
1624985410.377,1,90.17
1624985410.48,0,57.92
1624985410.483,1,59.14
1624985410.587,0,65.36
1624985410.59,1,66.24
1624985410.693,0,101.11
1624985410.698,1,94.77
1624985410.801,0,49.88
1624985410.804,1,66.96
1624985410.908,0,49.78
1624985410.911,1,55.09
1624985411.015,0,49.57
1624985411.019,1,55.38
1624985411.123,0,48.27
1624985411.125,1,60.39
1624985411.229,0,49.8
1624985411.232,1,84.87
1624985411.335,0,55.15
1624985411.34,1,65.52
1624985411.443,0,58.21
1624985411.446,1,59.49
1624985411.55,0,73.53
1624985411.553,1,72.09
1624985411.656,0,109.38
1624985411.661,1,112.11
1624985411.764,0,49.91
1624985411.767,1,55.22
1624985411.871,0,49.74
1624985411.874,1,55.16
1624985411.977,0,49.26
1624985411.982,1,55.62
1624985412.085,0,48.62
1624985412.088,1,65.34
1624985412.192,0,51.88
1624985412.195,1,93.34
1624985412.297,0,54.79
1624985412.303,1,56.88
1624985412.406,0,56.17
1624985412.409,1,58.36
1624985412.512,0,75.74
1624985412.516,1,72.58
1624985412.619,0,120.68
1624985412.624,1,118.51
1624985412.727,0,50.03
1624985412.73,1,69.95
1624985412.833,0,49.62
1624985412.836,1,55.4
1624985412.94,0,49.22
1624985412.944,1,55.94
1624985413.048,0,48.06
1624985413.051,1,63.61
1624985413.154,0,51.83
1624985413.157,1,89.57
1624985413.26,0,56.05
1624985413.266,1,57.72
1624985413.369,0,59.29
1624985413.372,1,60.6
1624985413.475,0,77.49
1624985413.479,1,76.3
1624985413.582,0,128.15
1624985413.586,1,140.29
1624985413.689,0,49.89
1624985413.692,1,55.01
1624985413.796,0,49.61
1624985413.799,1,55.68
1624985413.903,0,48.13
1624985413.907,1,60.45
1624985414.011,0,50.0
1624985414.014,1,80.22
1624985414.117,0,55.85
1624985414.121,1,61.56
1624985414.224,0,59.69
1624985414.229,1,60.87
1624985414.332,0,64.19
1624985414.335,1,64.94
1624985414.438,0,111.57
1624985414.441,1,102.45
1624985414.544,0,55.09
1624985414.549,1,80.26
1624985414.652,0,49.89
1624985414.655,1,55.9
1624985414.759,0,49.48
1624985414.762,1,55.74
1624985414.865,0,48.65
1624985414.871,1,60.9
1624985414.974,0,49.37
1624985414.977,1,76.71
1624985415.08,0,54.84
1624985415.083,1,67.07
1624985415.186,0,58.15
1624985415.191,1,59.62
1624985415.294,0,66.07
1624985415.298,1,66.34
1624985415.401,0,99.51
1624985415.404,1,94.97
1624985415.507,0,80.91
1624985415.512,1,102.71
1624985415.615,0,50.02
1624985415.618,1,55.65
1624985415.721,0,49.59
1624985415.724,1,55.53
1624985415.828,0,48.09
1624985415.833,1,60.69
1624985415.936,0,49.48
1624985415.939,1,74.0
1624985416.042,0,55.04
1624985416.045,1,65.72
1624985416.148,0,57.02
1624985416.154,1,58.72
1624985416.257,0,62.81
1624985416.261,1,63.26
1624985416.364,0,78.42
1624985416.367,1,74.89
1624985416.47,0,93.77
1624985416.476,1,83.69
1624985416.582,0,82.69
1624985416.585,1,99.89
1624985416.688,0,49.77
1624985416.69,1,55.17
1624985416.794,0,49.79
1624985416.797,1,55.38
1624985416.904,0,49.51
1624985416.907,1,55.88
1624985417.01,0,48.34
1624985417.013,1,59.01
1624985417.116,0,48.99
1624985417.119,1,72.33
1624985417.224,0,53.93
1624985417.227,1,66.61
1624985417.33,0,58.94
1624985417.333,1,60.45
1624985417.436,0,65.69
1624985417.44,1,64.08
1624985417.545,0,79.73
1624985417.548,1,75.79
1624985417.651,0,71.88
1624985417.654,1,93.03
1624985417.757,0,49.86
1624985417.76,1,55.58
1624985417.866,0,49.29
1624985417.869,1,55.95
1624985417.972,0,47.91
1624985417.975,1,62.44
1624985418.078,0,50.5
1624985418.081,1,77.42
1624985418.187,0,55.23
1624985418.19,1,67.6
1624985418.293,0,56.95
1624985418.296,1,58.43
1624985418.399,0,60.18
1624985418.403,1,60.23
1624985418.508,0,91.68
1624985418.511,1,88.08
1624985418.614,0,85.18
1624985418.617,1,107.37
1624985418.72,0,49.76
1624985418.723,1,55.22
1624985418.829,0,49.77
1624985418.832,1,55.0
1624985418.935,0,49.22
1624985418.938,1,55.88
1624985419.042,0,48.39
1624985419.044,1,64.63
1624985419.15,0,50.79
1624985419.152,1,96.29
1624985419.255,0,56.04
1624985419.259,1,57.83
1624985419.362,0,67.56
1624985419.365,1,65.92
1624985419.47,0,90.53
1624985419.474,1,89.22
1624985419.577,0,63.83
1624985419.579,1,87.68
1624985419.682,0,49.8
1624985419.685,1,54.82
1624985419.791,0,49.13
1624985419.794,1,56.64
1624985419.898,0,48.13
1624985419.901,1,65.01
1624985420.004,0,49.79
1624985420.007,1,81.46
1624985420.112,0,55.75
1624985420.115,1,63.53
1624985420.218,0,61.17
1624985420.221,1,61.6
1624985420.324,0,70.01
1624985420.328,1,67.04
1624985420.432,0,91.85
1624985420.436,1,89.65
1624985420.539,0,74.34
1624985420.542,1,94.78
1624985420.645,0,49.7
1624985420.647,1,55.04
1624985420.754,0,49.22
1624985420.757,1,55.97
1624985420.86,0,48.47
1624985420.863,1,62.25
1624985420.966,0,50.25
1624985420.969,1,75.0
1624985421.074,0,54.57
1624985421.078,1,62.56
1624985421.181,0,58.55
1624985421.184,1,60.24
1624985421.287,0,69.26
1624985421.291,1,66.76
1624985421.395,0,99.91
1624985421.399,1,95.8
1624985421.502,0,52.91
1624985421.504,1,81.2
1624985421.607,0,50.0
1624985421.61,1,55.39
1624985421.717,0,49.26
1624985421.72,1,56.22
1624985421.823,0,48.17
1624985421.826,1,63.27
1624985421.929,0,51.1
1624985421.932,1,93.86
1624985422.038,0,55.69
1624985422.043,1,59.64
1624985422.146,0,59.47
1624985422.152,1,59.45
1624985422.258,0,65.74
1624985422.261,1,65.9
1624985422.364,0,97.86
1624985422.367,1,93.77
1624985422.47,0,49.97
1624985422.473,1,79.47
1624985422.578,0,49.57
1624985422.581,1,55.46
1624985422.685,0,49.13
1624985422.688,1,56.83
1624985422.791,0,48.74
1624985422.794,1,63.46
1624985422.9,0,51.85
1624985422.902,1,89.7
1624985423.005,0,56.34
1624985423.009,1,58.21
1624985423.112,0,61.49
1624985423.115,1,61.48
1624985423.22,0,82.95
1624985423.224,1,80.56
1624985423.327,0,84.85
1624985423.329,1,101.81
1624985423.432,0,49.93
1624985423.435,1,60.2
1624985423.543,0,49.74
1624985423.547,1,55.8
1624985423.651,0,49.1
1624985423.656,1,56.38
1624985423.763,0,48.13
1624985423.765,1,61.61
1624985423.869,0,49.69
1624985423.872,1,72.38
1624985423.974,0,52.67
1624985423.977,1,89.59
1624985424.083,0,57.21
1624985424.086,1,59.1
1624985424.189,0,62.88
1624985424.193,1,64.42
1624985424.296,0,89.01
1624985424.299,1,80.19
1624985424.404,0,88.83
1624985424.407,1,107.15
1624985424.509,0,49.85
1624985424.512,1,55.77
1624985424.616,0,49.1
1624985424.619,1,55.92
1624985424.725,0,48.49
1624985424.728,1,62.92
1624985424.831,0,52.11
1624985424.834,1,88.18
1624985424.936,0,56.84
1624985424.94,1,57.59
1624985425.047,0,62.68
1624985425.052,1,63.62
1624985425.155,0,74.55
1624985425.161,1,68.75
1624985425.266,0,111.56
1624985425.269,1,106.5
1624985425.372,0,60.74
1624985425.375,1,90.24
1624985425.478,0,50.0
1624985425.482,1,55.5
1624985425.587,0,49.45
1624985425.59,1,56.13
1624985425.694,0,48.58
1624985425.697,1,59.18
1624985425.801,0,49.67
1624985425.803,1,76.13
1624985425.908,0,53.96
1624985425.911,1,74.4
1624985426.014,0,56.81
1624985426.017,1,58.88
1624985426.121,0,64.36
1624985426.124,1,63.2
1624985426.229,0,74.22
1624985426.232,1,70.89
1624985426.335,0,101.92
1624985426.338,1,120.69
1624985426.441,0,49.87
1624985426.444,1,59.86
1624985426.551,0,49.74
1624985426.556,1,55.54
1624985426.659,0,49.55
1624985426.664,1,55.73
1624985426.771,0,48.62
1624985426.774,1,59.6
1624985426.877,0,49.18
1624985426.88,1,70.72
1624985426.983,0,51.51
1624985426.986,1,85.17
1624985427.092,0,55.38
1624985427.095,1,60.34
1624985427.198,0,59.37
1624985427.202,1,60.68
1624985427.305,0,74.56
1624985427.308,1,71.21
1624985427.413,0,97.79
1624985427.415,1,117.53
1624985427.518,0,50.03
1624985427.521,1,55.48
1624985427.625,0,49.64
1624985427.628,1,55.94
1624985427.734,0,49.26
1624985427.736,1,56.11
1624985427.84,0,48.55
1624985427.843,1,65.19
1624985427.946,0,52.99
1624985427.949,1,92.35
1624985428.056,0,56.73
1624985428.06,1,58.62
1624985428.163,0,58.15
1624985428.169,1,58.34
1624985428.275,0,72.89
1624985428.279,1,71.76
1624985428.382,0,112.07
1624985428.385,1,126.12
1624985428.487,0,49.86
1624985428.49,1,55.09
1624985428.596,0,49.8
1624985428.599,1,55.87
1624985428.702,0,49.26
1624985428.705,1,56.67
1624985428.808,0,48.36
1624985428.811,1,58.24
1624985428.917,0,48.68
1624985428.92,1,70.89
1624985429.023,0,54.03
1624985429.025,1,78.29
1624985429.129,0,56.96
1624985429.132,1,58.18
1624985429.237,0,63.19
1624985429.241,1,64.1
1624985429.344,0,74.87
1624985429.347,1,74.66
1624985429.45,0,109.81
1624985429.453,1,96.41
1624985429.561,0,50.08
1624985429.564,1,84.74
1624985429.667,0,49.88
1624985429.673,1,55.49
1624985429.776,0,49.45
1624985429.779,1,56.33
1624985429.882,0,48.33
1624985429.885,1,65.4
1624985429.988,0,49.75
1624985429.994,1,84.11
1624985430.097,0,55.78
1624985430.1,1,57.57
1624985430.204,0,64.86
1624985430.207,1,65.02
1624985430.31,0,83.57
1624985430.315,1,80.73
1624985430.418,0,95.61
1624985430.421,1,119.27
1624985430.525,0,49.89
1624985430.528,1,55.57
1624985430.632,0,49.51
1624985430.635,1,55.87
1624985430.739,0,48.39
1624985430.742,1,58.1
1624985430.847,0,48.68
1624985430.85,1,69.59
1624985430.953,0,50.67
1624985430.956,1,84.62
1624985431.059,0,55.38
1624985431.062,1,57.24
1624985431.165,0,60.22
1624985431.169,1,60.09
1624985431.275,0,66.56
1624985431.279,1,66.72
1624985431.382,0,85.99
1624985431.385,1,82.36
1624985431.488,0,52.26
1624985431.491,1,95.53
1624985431.596,0,49.88
1624985431.599,1,55.28
1624985431.702,0,49.7
1624985431.705,1,56.13
1624985431.809,0,71.83
1624985431.812,1,76.39
1624985431.914,0,49.85
1624985431.919,1,55.82
1624985432.022,0,49.45
1624985432.025,1,56.1
1624985432.128,0,48.36
1624985432.131,1,60.29
1624985432.235,0,49.06
1624985432.239,1,66.06
1624985432.344,0,51.22
1624985432.347,1,94.55
1624985432.45,0,58.85
1624985432.454,1,60.74
1624985432.557,0,68.36
1624985432.561,1,67.5
1624985432.664,0,90.81
1624985432.667,1,86.15
1624985432.77,0,90.38
1624985432.773,1,111.92
1624985432.876,0,50.03
1624985432.881,1,54.87
1624985432.985,0,49.58
1624985432.988,1,55.7
1624985433.097,0,49.29
1624985433.101,1,56.44
1624985433.205,0,48.34
1624985433.208,1,62.97
1624985433.311,0,50.31
1624985433.314,1,82.1
1624985433.417,0,54.11
1624985433.423,1,62.51
1624985433.526,0,67.28
1624985433.529,1,66.77
1624985433.632,0,87.69
1624985433.636,1,84.41
1624985433.739,0,109.65
1624985433.744,1,121.83
1624985433.847,0,49.89
1624985433.85,1,57.21
1624985433.953,0,49.56
1624985433.956,1,55.8
1624985434.059,0,48.78
1624985434.064,1,59.38
1624985434.168,0,48.93
1624985434.171,1,66.89
1624985434.275,0,52.72
1624985434.278,1,82.73
1624985434.381,0,55.4
1624985434.386,1,57.38
1624985434.489,0,61.69
1624985434.492,1,63.28
1624985434.595,0,72.95
1624985434.599,1,71.09
1624985434.704,0,115.38
1624985434.706,1,124.79
1624985434.809,0,49.95
1624985434.812,1,56.79
1624985434.915,0,49.66
1624985434.918,1,55.45
1624985435.022,0,48.65
1624985435.027,1,56.43
1624985435.136,0,48.35
1624985435.139,1,66.48
1624985435.242,0,50.55
1624985435.247,1,90.18
1624985435.35,0,55.55
1624985435.353,1,57.61
1624985435.456,0,59.76
1624985435.46,1,60.87
1624985435.564,0,64.1
1624985435.569,1,65.11
1624985435.672,0,105.34
1624985435.676,1,97.5
1624985435.779,0,58.55
1624985435.782,1,83.32
1624985435.885,0,49.9
1624985435.89,1,55.61
1624985435.993,0,49.64
1624985435.996,1,55.54
1624985436.1,0,48.68
1624985436.103,1,58.58
1624985436.206,0,48.91
1624985436.21,1,72.72
1624985436.313,0,55.1
1624985436.316,1,66.85
1624985436.419,0,61.89
1624985436.423,1,62.02
1624985436.526,0,64.5
1624985436.532,1,64.94
1624985436.635,0,75.39
1624985436.638,1,75.89
1624985436.741,0,92.81
1624985436.744,1,113.46
1624985436.847,0,49.96
1624985436.852,1,55.46
1624985436.956,0,49.45
1624985436.958,1,56.12
1624985437.062,0,47.99
1624985437.065,1,62.98
1624985437.168,0,49.5
1624985437.173,1,73.35
1624985437.276,0,54.21
1624985437.28,1,86.09
1624985437.39,0,55.43
1624985437.394,1,57.38
1624985437.497,0,65.02
1624985437.501,1,65.67
1624985437.603,0,96.09
1624985437.607,1,92.76
1624985437.71,0,104.65
1624985437.715,1,125.14
1624985437.818,0,49.93
1624985437.821,1,55.89
1624985437.924,0,49.81
1624985437.927,1,56.0
1624985438.031,0,49.13
1624985438.036,1,56.16
1624985438.139,0,48.49
1624985438.142,1,62.05
1624985438.245,0,50.53
1624985438.248,1,90.99
1624985438.352,0,55.52
1624985438.357,1,58.15
1624985438.46,0,59.58
1624985438.463,1,60.42
1624985438.566,0,77.5
1624985438.57,1,74.56
1624985438.673,0,106.23
1624985438.678,1,111.11
1624985438.781,0,50.03
1624985438.785,1,58.77
1624985438.889,0,49.96
1624985438.892,1,55.18
1624985438.995,0,49.56
1624985438.999,1,56.12
1624985439.102,0,48.65
1624985439.106,1,57.69
1624985439.212,0,48.9
1624985439.214,1,71.13
1624985439.317,0,52.6
1624985439.32,1,90.86
1624985439.423,0,56.29
1624985439.426,1,58.34
1624985439.529,0,63.58
1624985439.533,1,62.19
1624985439.639,0,85.0
1624985439.642,1,81.64
1624985439.745,0,85.17
1624985439.748,1,104.39
1624985439.851,0,50.05
1624985439.854,1,54.94
1624985439.957,0,49.93
1624985439.961,1,55.91
1624985440.066,0,49.06
1624985440.068,1,56.95
1624985440.172,0,48.51
1624985440.175,1,66.8
1624985440.278,0,53.7
1624985440.281,1,81.02
1624985440.387,0,58.65
1624985440.39,1,59.67
1624985440.493,0,66.43
1624985440.497,1,66.34
1624985440.6,0,101.94
1624985440.603,1,96.17
1624985440.707,0,76.16
1624985440.71,1,95.23
1624985440.813,0,49.94
1624985440.816,1,55.24
1624985440.919,0,49.26
1624985440.924,1,55.59
1624985441.028,0,48.26
1624985441.031,1,61.15
1624985441.134,0,49.43
1624985441.137,1,77.91
1624985441.24,0,54.47
1624985441.245,1,78.4
1624985441.349,0,56.88
1624985441.352,1,59.08
1624985441.455,0,61.44
1624985441.459,1,62.48
1624985441.562,0,84.95
1624985441.566,1,80.37
1624985441.67,0,108.95
1624985441.673,1,126.23
1624985441.776,0,50.11
1624985441.778,1,66.1
1624985441.881,0,49.67
1624985441.886,1,55.78
1624985441.992,0,49.39
1624985441.995,1,55.66
1624985442.098,0,48.34
1624985442.101,1,65.84
1624985442.204,0,51.88
1624985442.207,1,94.05
1624985442.312,0,57.15
1624985442.316,1,58.53
1624985442.419,0,66.92
1624985442.422,1,67.59
1624985442.525,0,95.33
1624985442.529,1,89.84
1624985442.633,0,64.75
1624985442.636,1,91.74
1624985442.738,0,49.64
1624985442.741,1,55.6
1624985442.845,0,49.09
1624985442.85,1,57.1
1624985442.954,0,48.42
1624985442.957,1,62.29
1624985443.06,0,49.8
1624985443.063,1,75.1
1624985443.166,0,53.49
1624985443.17,1,80.09
1624985443.274,0,55.71
1624985443.278,1,57.7
1624985443.381,0,63.54
1624985443.384,1,64.0
1624985443.487,0,76.36
1624985443.492,1,72.74
1624985443.595,0,78.1
1624985443.599,1,76.18
1624985443.702,0,71.99
1624985443.705,1,97.23
1624985443.808,0,50.02
1624985443.812,1,55.53
1624985443.917,0,49.54
1624985443.92,1,56.77
1624985444.023,0,48.29
1624985444.026,1,61.68
1624985444.129,0,49.45
1624985444.133,1,78.52
1624985444.237,0,53.19
1624985444.24,1,66.51
1624985444.343,0,59.08
1624985444.346,1,60.61
1624985444.45,0,60.27
1624985444.454,1,61.46
1624985444.558,0,93.09
1624985444.562,1,87.21
1624985444.665,0,98.55
1624985444.667,1,118.39
1624985444.77,0,50.02
1624985444.775,1,59.42
1624985444.879,0,49.9
1624985444.882,1,55.33
1624985444.986,0,49.41
1624985444.989,1,56.05
1624985445.092,0,48.04
1624985445.096,1,60.84
1624985445.2,0,48.49
1624985445.203,1,69.69
1624985445.306,0,52.72
1624985445.309,1,90.24
1624985445.412,0,56.28
1624985445.417,1,57.89
1624985445.521,0,70.61
1624985445.524,1,70.5
1624985445.627,0,115.82
1624985445.63,1,107.63
1624985445.733,0,52.08
1624985445.738,1,87.51
1624985445.841,0,49.87
1624985445.844,1,55.18
1624985445.948,0,49.1
1624985445.95,1,58.15
1624985446.054,0,48.81
1624985446.058,1,65.2
1624985446.162,0,51.02
1624985446.165,1,87.46
1624985446.268,0,58.22
1624985446.271,1,59.72
1624985446.374,0,60.0
1624985446.38,1,61.02
1624985446.483,0,72.41
1624985446.486,1,71.28
1624985446.589,0,104.33
1624985446.593,1,98.11
1624985446.696,0,79.64
1624985446.7,1,102.96
1624985446.805,0,49.93
1624985446.808,1,55.22
1624985446.911,0,49.64
1624985446.914,1,56.13
1624985447.018,0,48.68
1624985447.021,1,59.95
1624985447.125,0,49.05
1624985447.128,1,73.12
1624985447.231,0,52.46
1624985447.234,1,82.95
1624985447.337,0,60.37
1624985447.343,1,61.01
1624985447.446,0,78.64
1624985447.449,1,76.69
1624985447.552,0,99.22
1624985447.555,1,99.21
1624985447.659,0,58.42
1624985447.663,1,91.94
1624985447.767,0,49.99
1624985447.77,1,55.32
1624985447.873,0,49.39
1624985447.876,1,56.24
1624985447.979,0,48.23
1624985447.984,1,60.34
1624985448.088,0,49.85
1624985448.091,1,74.24
1624985448.194,0,51.77
1624985448.197,1,81.77
1624985448.3,0,56.14
1624985448.305,1,57.89
1624985448.409,0,62.16
1624985448.413,1,63.47
1624985448.516,0,66.09
1624985448.519,1,66.54
1624985448.622,0,103.34
1624985448.626,1,123.89
1624985448.73,0,50.02
1624985448.733,1,55.35
1624985448.836,0,49.87
1624985448.839,1,55.82
1624985448.943,0,48.57
1624985448.947,1,57.8
1624985449.051,0,49.19
1624985449.054,1,69.3
1624985449.157,0,52.9
1624985449.16,1,70.3
1624985449.263,0,55.23
1624985449.268,1,56.99
1624985449.372,0,60.28
1624985449.376,1,61.12
1624985449.479,0,85.53
1624985449.482,1,84.36
1624985449.585,0,94.57
1624985449.589,1,119.06
1624985449.693,0,49.95
1624985449.696,1,55.45
1624985449.8,0,49.7
1624985449.803,1,55.97
1624985449.906,0,48.9
1624985449.91,1,57.27
1624985450.015,0,48.36
1624985450.018,1,62.68
1624985450.121,0,50.71
1624985450.124,1,94.38
1624985450.227,0,55.54
1624985450.231,1,66.46
1624985450.336,0,61.5
1624985450.339,1,62.31
1624985450.442,0,79.31
1624985450.445,1,77.64
1624985450.548,0,108.11
1624985450.552,1,102.05
1624985450.656,0,62.1
1624985450.659,1,87.14
1624985450.762,0,50.03
1624985450.765,1,55.84
1624985450.87,0,49.67
1624985450.873,1,55.65
1624985450.978,0,48.01
1624985450.981,1,60.72
1624985451.084,0,50.03
1624985451.087,1,76.1
1624985451.19,0,53.69
1624985451.193,1,86.28
1624985451.299,0,57.31
1624985451.302,1,58.99
1624985451.405,0,68.92
1624985451.409,1,68.54
1624985451.512,0,108.23
1624985451.516,1,93.32
1624985451.62,0,84.98
1624985451.623,1,110.27
1624985451.726,0,50.09
1624985451.729,1,55.9
1624985451.832,0,49.26
1624985451.835,1,56.1
1624985451.941,0,48.1
1624985451.944,1,61.21
1624985452.047,0,49.9
1624985452.05,1,74.31
1624985452.153,0,53.18
1624985452.156,1,93.96
1624985452.261,0,54.73
1624985452.265,1,57.09
1624985452.368,0,71.22
1624985452.371,1,68.94
1624985452.476,0,85.04
1624985452.479,1,80.37
1624985452.583,0,88.7
1624985452.586,1,92.31
1624985452.689,0,50.1
1624985452.692,1,55.33
1624985452.796,0,49.79
1624985452.798,1,55.88
1624985452.904,0,49.54
1624985452.907,1,55.81
1624985453.01,0,48.33
1624985453.013,1,60.16
1624985453.117,0,51.27
1624985453.121,1,80.6
1624985453.225,0,53.64
1624985453.228,1,67.0
1624985453.331,0,57.29
1624985453.334,1,58.97
1624985453.437,0,63.14
1624985453.441,1,62.54
1624985453.546,0,90.08
1624985453.549,1,86.35
1624985453.652,0,82.63
1624985453.655,1,102.76
1624985453.758,0,50.06
1624985453.761,1,56.32
1624985453.867,0,49.89
1624985453.87,1,55.58
1624985453.974,0,49.59
1624985453.977,1,56.16
1624985454.081,0,49.1
1624985454.084,1,58.11
1624985454.188,0,48.81
1624985454.191,1,67.04
1624985454.294,0,52.51
1624985454.297,1,83.14
1624985454.4,0,59.13
1624985454.403,1,59.86
1624985454.509,0,63.13
1624985454.512,1,64.17
1624985454.615,0,68.11
1624985454.622,1,67.52
1624985454.725,0,104.74
1624985454.728,1,117.47
1624985454.831,0,49.99
1624985454.833,1,55.49
1624985454.937,0,49.87
1624985454.943,1,55.78
1624985455.046,0,48.82
1624985455.049,1,57.19
1624985455.153,0,49.48
1624985455.156,1,71.43
1624985455.259,0,52.07
1624985455.264,1,80.13
1624985455.367,0,57.66
1624985455.37,1,59.16
1624985455.473,0,65.18
1624985455.476,1,65.66
1624985455.579,0,64.97
1624985455.585,1,66.31
1624985455.688,0,79.77
1624985455.692,1,78.3
1624985455.795,0,83.98
1624985455.797,1,107.62
1624985455.9,0,50.15
1624985455.906,1,55.05
1624985456.009,0,49.42
1624985456.012,1,56.57
1624985456.115,0,48.42
1624985456.118,1,61.2
1624985456.221,0,49.38
1624985456.227,1,68.42
1624985456.333,0,50.44
1624985456.336,1,96.72
1624985456.439,0,55.12
1624985456.442,1,57.3
1624985456.545,0,60.78
1624985456.549,1,60.28
1624985456.654,0,72.56
1624985456.658,1,70.79
1624985456.761,0,100.22
1624985456.764,1,119.53
1624985456.866,0,49.7
1624985456.869,1,54.44
1624985456.975,0,48.23
1624985456.978,1,55.09
1624985457.081,0,49.13
1624985457.084,1,69.07
1624985457.189,0,55.23
1624985457.192,1,64.24
1624985457.296,0,76.36
1624985457.299,1,76.71
1624985457.402,0,50.05
1624985457.405,1,69.91
1624985457.508,0,49.51
1624985457.511,1,54.34
1624985457.617,0,48.55
1624985457.62,1,66.71
1624985457.723,0,55.45
1624985457.726,1,62.37
1624985457.829,0,64.81
1624985457.834,1,64.03
1624985457.938,0,93.33
1624985457.941,1,90.89
1624985458.044,0,66.28
1624985458.047,1,86.31
1624985458.15,0,49.96
1624985458.153,1,55.29
1624985458.259,0,49.86
1624985458.262,1,55.55
1624985458.365,0,49.51
1624985458.368,1,56.84
1624985458.472,0,48.52
1624985458.475,1,60.53
1624985458.581,0,48.77
1624985458.583,1,73.71
1624985458.686,0,54.65
1624985458.689,1,77.99
1624985458.792,0,58.39
1624985458.796,1,59.1
1624985458.901,0,61.99
1624985458.904,1,63.5
1624985459.007,0,101.1
1624985459.011,1,92.14
1624985459.114,0,87.88
1624985459.116,1,103.5
1624985459.222,0,65.93
1624985459.225,1,98.83
1624985459.327,0,50.15
1624985459.33,1,55.66
1624985459.434,0,49.74
1624985459.437,1,56.21
1624985459.543,0,49.05
1624985459.546,1,58.57
1624985459.65,0,48.74
1624985459.652,1,65.31
1624985459.755,0,52.07
1624985459.758,1,92.72
1624985459.863,0,55.56
1624985459.867,1,57.65
1624985459.97,0,58.6
1624985459.973,1,60.23
1624985460.076,0,85.46
1624985460.08,1,79.97
1624985460.184,0,88.79
1624985460.187,1,107.81
1624985460.29,0,49.99
1624985460.293,1,54.78
1624985460.396,0,49.57
1624985460.399,1,55.94
1624985460.506,0,49.3
1624985460.509,1,56.61
1624985460.612,0,48.85
1624985460.615,1,68.25
1624985460.718,0,52.42
1624985460.721,1,90.56
1624985460.826,0,56.64
1624985460.829,1,58.82
1624985460.932,0,59.75
1624985460.935,1,60.74
1624985461.039,0,66.07
1624985461.042,1,65.37
1624985461.147,0,73.54
1624985461.15,1,72.67
1624985461.253,0,113.38
1624985461.256,1,118.18
1624985461.359,0,50.12
1624985461.362,1,57.1
1624985461.468,0,49.58
1624985461.471,1,56.32
1624985461.574,0,49.13
1624985461.577,1,58.0
1624985461.681,0,49.0
1624985461.684,1,69.89
1624985461.789,0,53.48
1624985461.791,1,66.49
1624985461.894,0,59.77
1624985461.898,1,60.78
1624985462.001,0,66.59
1624985462.005,1,65.51
1624985462.109,0,77.92
1624985462.113,1,77.69
1624985462.216,0,81.18
1624985462.219,1,102.86
1624985462.322,0,49.97
1624985462.325,1,55.01
1624985462.43,0,49.51
1624985462.433,1,56.09
1624985462.537,0,48.42
1624985462.54,1,60.74
1624985462.643,0,50.19
1624985462.646,1,78.83
1624985462.751,0,55.04
1624985462.755,1,62.2
1624985462.858,0,58.8
1624985462.861,1,60.24
1624985462.964,0,65.8
1624985462.968,1,65.49
1624985463.072,0,81.75
1624985463.075,1,77.9
1624985463.178,0,113.91
1624985463.181,1,131.36
1624985463.284,0,49.93
1624985463.288,1,55.91
1624985463.394,0,49.7
1624985463.396,1,55.78
1624985463.5,0,49.04
1624985463.503,1,57.72
1624985463.606,0,48.95
1624985463.609,1,67.08
1624985463.714,0,52.29
1624985463.717,1,90.36
1624985463.82,0,56.32
1624985463.823,1,58.3
1624985463.926,0,60.08
1624985463.93,1,60.53
1624985464.035,0,63.35
1624985464.038,1,64.29
1624985464.141,0,100.07
1624985464.145,1,94.85
1624985464.248,0,90.22
1624985464.254,1,108.77
1624985464.357,0,50.14
1624985464.36,1,55.84
1624985464.463,0,49.71
1624985464.466,1,55.88
1624985464.569,0,48.59
1624985464.574,1,59.18
1624985464.677,0,49.31
1624985464.68,1,69.24
1624985464.783,0,50.74
1624985464.786,1,87.13
1624985464.889,0,55.37
1624985464.892,1,57.05
1624985464.997,0,58.71
1624985465.001,1,60.4
1624985465.104,0,76.62
1624985465.107,1,74.37
1624985465.21,0,107.5
1624985465.213,1,105.61
1624985465.318,0,50.18
1624985465.321,1,62.43
1624985465.424,0,49.7
1624985465.427,1,55.91
1624985465.531,0,49.51
1624985465.534,1,56.2
1624985465.64,0,48.65
1624985465.642,1,58.95
1624985465.746,0,49.26
1624985465.749,1,79.65
1624985465.852,0,55.3
1624985465.855,1,62.08
1624985465.96,0,58.26
1624985465.968,1,59.93
1624985466.071,0,59.13
1624985466.074,1,60.5
1624985466.177,0,83.96
1624985466.18,1,82.43
1624985466.283,0,89.86
1624985466.289,1,110.06
1624985466.392,0,50.07
1624985466.395,1,55.48
1624985466.501,0,49.86
1624985466.504,1,55.16
1624985466.607,0,49.64
1624985466.612,1,56.3
1624985466.716,0,48.48
1624985466.719,1,66.03
1624985466.822,0,51.11
1624985466.825,1,87.46
1624985466.928,0,54.76
1624985466.932,1,62.93
1624985467.035,0,57.91
1624985467.038,1,59.1
1624985467.143,0,68.88
1624985467.146,1,68.39
1624985467.249,0,91.21
1624985467.253,1,89.17
1624985467.356,0,98.44
1624985467.362,1,117.54
1624985467.465,0,50.12
1624985467.467,1,55.71
1624985467.571,0,49.61
1624985467.574,1,56.08
1624985467.677,0,48.67
1624985467.68,1,58.79
1624985467.785,0,48.2
1624985467.792,1,61.57
1624985467.895,0,49.12
1624985467.898,1,68.1
1624985468.001,0,52.81
1624985468.004,1,80.95
1624985468.107,0,57.0
1624985468.11,1,58.95
1624985468.214,0,68.11
1624985468.218,1,67.45
1624985468.321,0,78.87
1624985468.324,1,76.77
1624985468.428,0,67.22
1624985468.43,1,93.25
1624985468.533,0,49.85
1624985468.536,1,56.24
1624985468.64,0,49.1
1624985468.644,1,56.72
1624985468.749,0,48.34
1624985468.751,1,64.92
1624985468.855,0,50.22
1624985468.857,1,79.9
1624985468.96,0,54.33
1624985468.964,1,67.74
1624985469.069,0,55.71
1624985469.072,1,57.78
1624985469.175,0,67.41
1624985469.179,1,66.25
1624985469.282,0,100.38
1624985469.285,1,89.35
1624985469.39,0,50.02
1624985469.393,1,73.26
1624985469.496,0,50.02
1624985469.5,1,55.53
1624985469.604,0,49.51
1624985469.607,1,55.99
1624985469.711,0,48.71
1624985469.714,1,58.85
1624985469.819,0,49.06
1624985469.822,1,77.31
1624985469.924,0,51.95
1624985469.933,1,82.15
1624985470.037,0,55.67
1624985470.04,1,58.05
1624985470.143,0,58.14
1624985470.147,1,59.18
1624985470.253,0,68.71
1624985470.256,1,68.52
1624985470.359,0,114.67
1624985470.362,1,132.7
1624985470.465,0,50.07
1624985470.468,1,55.38
1624985470.573,0,49.7
1624985470.576,1,56.03
1624985470.68,0,48.1
1624985470.683,1,61.75
1624985470.786,0,49.5
1624985470.792,1,72.25
1624985470.895,0,55.59
1624985470.898,1,66.68
1624985471.001,0,63.11
1624985471.004,1,63.94
1624985471.108,0,80.74
1624985471.111,1,76.57
1624985471.215,0,99.49
1624985471.218,1,92.86
1624985471.322,0,83.43
1624985471.326,1,104.24
1624985471.429,0,50.2
1624985471.432,1,55.63
1624985471.536,0,49.8
1624985471.539,1,55.87
1624985471.643,0,48.38
1624985471.646,1,59.16
1624985471.749,0,49.74
1624985471.752,1,76.4
1624985471.856,0,54.61
1624985471.86,1,69.14
1624985471.963,0,59.91
1624985471.966,1,61.12
1624985472.069,0,81.87
1624985472.073,1,74.72
1624985472.177,0,111.07
1624985472.182,1,116.48
1624985472.285,0,54.71
1624985472.29,1,78.49
1624985472.393,0,50.22
1624985472.396,1,54.94
1624985472.5,0,49.7
1624985472.502,1,56.11
1624985472.606,0,48.97
1624985472.609,1,58.34
1624985472.712,0,49.39
1624985472.715,1,69.3
1624985472.819,0,52.61
1624985472.822,1,90.41
1624985472.927,0,56.47
1624985472.93,1,58.45
1624985473.033,0,59.95
1624985473.037,1,60.98
1624985473.14,0,74.36
1624985473.144,1,72.73
1624985473.247,0,97.35
1624985473.252,1,98.18
1624985473.355,0,56.55
1624985473.358,1,86.37
1624985473.461,0,50.02
1624985473.464,1,55.68
1624985473.568,0,49.35
1624985473.571,1,56.88
1624985473.674,0,48.36
1624985473.677,1,65.55
1624985473.782,0,51.79
1624985473.785,1,93.93
1624985473.888,0,57.28
1624985473.891,1,58.76
1624985473.994,0,64.27
1624985473.998,1,64.14
1624985474.103,0,95.14
1624985474.106,1,90.9
1624985474.209,0,78.62
1624985474.213,1,98.83
1624985474.316,0,50.12
1624985474.319,1,55.44
1624985474.424,0,49.99
1624985474.426,1,55.5
1624985474.531,0,49.1
1624985474.537,1,56.22
1624985474.641,0,48.87
1624985474.643,1,71.35
1624985474.746,0,52.79
1624985474.749,1,88.43
1624985474.852,0,57.02
1624985474.855,1,58.7
1624985474.958,0,68.23
1624985474.962,1,67.43
1624985475.066,0,113.56
1624985475.069,1,107.98
1624985475.172,0,65.01
1624985475.175,1,87.29
1624985475.278,0,50.05
1624985475.282,1,55.44
1624985475.387,0,49.27
1624985475.39,1,56.59
1624985475.493,0,48.58
1624985475.496,1,64.6
1624985475.599,0,50.98
1624985475.603,1,95.81
1624985475.707,0,57.11
1624985475.711,1,58.99
1624985475.813,0,62.16
1624985475.817,1,63.09
1624985475.92,0,97.03
1624985475.924,1,89.1
1624985476.028,0,58.35
1624985476.031,1,98.89
1624985476.135,0,50.05
1624985476.139,1,56.26
1624985476.243,0,49.34
1624985476.246,1,56.26
1624985476.35,0,48.55
1624985476.353,1,60.45
1624985476.456,0,49.73
1624985476.459,1,79.87
1624985476.562,0,53.65
1624985476.566,1,82.33
1624985476.67,0,56.2
1624985476.673,1,58.28
1624985476.776,0,61.39
1624985476.78,1,63.01
1624985476.883,0,85.38
1624985476.887,1,80.76
1624985476.991,0,93.04
1624985476.995,1,89.76
1624985477.098,0,60.47
1624985477.1,1,81.62
1624985477.203,0,50.15
1624985477.208,1,55.46
1624985477.312,0,49.9
1624985477.315,1,55.7
1624985477.419,0,49.16
1624985477.421,1,58.03
1624985477.525,0,48.71
1624985477.528,1,67.51
1624985477.633,0,51.22
1624985477.636,1,84.73
1624985477.74,0,55.53
1624985477.745,1,63.65
1624985477.848,0,55.62
1624985477.852,1,58.05
1624985477.955,0,63.85
1624985477.958,1,63.82
1624985478.061,0,69.92
1624985478.065,1,69.78
1624985478.168,0,94.42
1624985478.171,1,88.62
1624985478.275,0,50.61
1624985478.278,1,75.39
1624985478.381,0,50.09
1624985478.384,1,56.0
1624985478.487,0,49.73
1624985478.491,1,55.93
1624985478.596,0,48.73
1624985478.599,1,59.92
1624985478.702,0,48.97
1624985478.705,1,68.62
1624985478.808,0,51.66
1624985478.812,1,91.81
1624985478.917,0,56.1
1624985478.92,1,58.45
1624985479.023,0,58.36
1624985479.026,1,59.85
1624985479.129,0,70.94
1624985479.134,1,69.36
1624985479.238,0,117.12
1624985479.241,1,124.93
1624985479.343,0,50.2
1624985479.346,1,55.4
1624985479.45,0,49.99
1624985479.455,1,55.69
1624985479.559,0,49.81
1624985479.562,1,56.4
1624985479.665,0,48.45
1624985479.668,1,61.63
1624985479.771,0,48.93
1624985479.775,1,70.61
1624985479.88,0,51.43
1624985479.882,1,94.0
1624985479.985,0,56.26
1624985479.989,1,58.04
1624985480.092,0,63.46
1624985480.096,1,63.22
1624985480.2,0,67.77
1624985480.204,1,68.33
1624985480.307,0,107.1
1624985480.31,1,102.21
1624985480.413,0,50.15
1624985480.417,1,55.44
1624985480.521,0,49.96
1624985480.524,1,55.94
1624985480.627,0,48.87
1624985480.63,1,59.02
1624985480.734,0,49.19
1624985480.738,1,68.21
1624985480.842,0,52.24
1624985480.845,1,90.06
1624985480.948,0,57.0
1624985480.953,1,58.38
1624985481.056,0,61.32
1624985481.059,1,62.44
1624985481.163,0,96.91
1624985481.167,1,91.34
1624985481.27,0,73.52
1624985481.272,1,91.63
1624985481.375,0,50.17
1624985481.38,1,59.38
1624985481.484,0,49.87
1624985481.487,1,55.69
1624985481.59,0,49.0
1624985481.593,1,58.28
1624985481.696,0,49.22
1624985481.7,1,67.29
1624985481.805,0,52.1
1624985481.808,1,79.66
1624985481.911,0,59.31
1624985481.914,1,60.41
1624985482.017,0,64.09
1624985482.021,1,63.89
1624985482.125,0,83.98
1624985482.129,1,80.98
1624985482.232,0,87.75
1624985482.235,1,85.21
1624985482.338,0,50.3
1624985482.342,1,75.06
1624985482.446,0,50.06
1624985482.449,1,55.28
1624985482.553,0,49.61
1624985482.557,1,55.99
1624985482.661,0,48.29
1624985482.663,1,63.4
1624985482.768,0,51.27
1624985482.77,1,89.63
1624985482.873,0,54.57
1624985482.877,1,62.17
1624985482.98,0,60.31
1624985482.984,1,61.46
1624985483.088,0,59.29
1624985483.092,1,61.27
1624985483.195,0,122.55
1624985483.198,1,118.79
1624985483.301,0,64.23
1624985483.305,1,100.58
1624985483.409,0,49.99
1624985483.412,1,55.9
1624985483.516,0,49.32
1624985483.519,1,56.57
1624985483.622,0,48.36
1624985483.626,1,59.98
1624985483.73,0,49.66
1624985483.733,1,78.79
1624985483.836,0,52.93
1624985483.839,1,83.76
1624985483.942,0,56.77
1624985483.947,1,58.56
1624985484.051,0,47.49
1624985484.054,1,49.93
1624985484.157,0,54.85
1624985484.162,1,65.1
1624985484.265,0,56.53
1624985484.269,1,58.53
1624985484.372,0,66.79
1624985484.376,1,67.07
1624985484.479,0,80.75
1624985484.482,1,78.39
1624985484.585,0,85.26
1624985484.589,1,110.67
1624985484.693,0,50.22
1624985484.696,1,55.14
1624985484.799,0,49.7
1624985484.802,1,56.18
1624985484.906,0,49.22
1624985484.91,1,58.47
1624985485.014,0,49.59
1624985485.016,1,73.34
1624985485.121,0,52.64
1624985485.124,1,90.87
1624985485.227,0,55.52
1624985485.232,1,57.51
1624985485.335,0,62.39
1624985485.338,1,63.22
1624985485.441,0,80.14
1624985485.445,1,79.03
1624985485.548,0,119.14
1624985485.552,1,110.34
1624985485.657,0,70.59
1624985485.66,1,101.54
1624985485.762,0,50.16
1624985485.767,1,56.06
1624985485.871,0,49.54
1624985485.873,1,56.97
1624985485.977,0,48.81
1624985485.98,1,67.61
1624985486.083,0,52.29
1624985486.085,1,91.57
1624985486.188,0,55.42
1624985486.194,1,63.54
1624985486.298,0,63.98
1624985486.301,1,63.93
1624985486.404,0,81.23
1624985486.408,1,79.56
1624985486.511,0,105.1
1624985486.515,1,124.75
1624985486.618,0,50.06
1624985486.621,1,55.31
1624985486.724,0,49.77
1624985486.727,1,55.87
1624985486.831,0,49.62
1624985486.836,1,56.78
1624985486.939,0,48.54
1624985486.942,1,66.67
1624985487.045,0,49.84
1624985487.048,1,84.88
1624985487.151,0,55.15
1624985487.157,1,57.44
1624985487.261,0,63.09
1624985487.265,1,63.55
1624985487.367,0,67.61
1624985487.371,1,68.09
1624985487.474,0,94.58
1624985487.478,1,90.19
1624985487.581,0,86.59
1624985487.584,1,109.33
1624985487.687,0,49.99
1624985487.69,1,55.09
1624985487.793,0,49.51
1624985487.798,1,56.25
1624985487.902,0,48.36
1624985487.905,1,62.38
1624985488.008,0,50.06
1624985488.011,1,85.7
1624985488.114,0,55.81
1624985488.12,1,57.97
1624985488.223,0,64.36
1624985488.227,1,65.61
1624985488.33,0,100.17
1624985488.333,1,93.91
1624985488.436,0,77.38
1624985488.44,1,96.89
1624985488.543,0,49.93
1624985488.546,1,55.24
1624985488.65,0,48.93
1624985488.652,1,57.72
1624985488.756,0,48.7
1624985488.761,1,63.54
1624985488.865,0,50.02
1624985488.868,1,86.02
1624985488.971,0,53.65
1624985488.976,1,68.16
1624985489.079,0,56.66
1624985489.084,1,58.15
1624985489.187,0,70.42
1624985489.19,1,70.61
1624985489.293,0,75.35
1624985489.296,1,73.48
1624985489.4,0,89.26
1624985489.404,1,113.92
1624985489.507,0,49.99
1624985489.51,1,55.11
1624985489.613,0,49.74
1624985489.616,1,56.18
1624985489.72,0,48.62
1624985489.725,1,60.13
1624985489.828,0,49.29
1624985489.831,1,70.6
1624985489.934,0,53.51
1624985489.937,1,76.08
1624985490.04,0,56.17
1624985490.046,1,58.41
1624985490.149,0,62.62
1624985490.153,1,63.45
1624985490.256,0,70.19
1624985490.259,1,70.19
1624985490.362,0,77.46
1624985490.367,1,78.78
1624985490.47,0,83.13
1624985490.473,1,98.81
1624985490.576,0,50.07
1624985490.581,1,55.49
1624985490.684,0,50.05
1624985490.688,1,55.34
1624985490.792,0,49.48
1624985490.795,1,57.09
1624985490.898,0,48.87
1624985490.901,1,63.85
1624985491.004,0,49.92
1624985491.009,1,82.59
1624985491.112,0,55.33
1624985491.115,1,63.7
1624985491.218,0,58.64
1624985491.222,1,60.51
1624985491.325,0,78.43
1624985491.331,1,76.11
1624985491.434,0,109.48
1624985491.437,1,122.97
1624985491.54,0,50.07
1624985491.543,1,55.23
1624985491.646,0,49.98
1624985491.651,1,55.87
1624985491.755,0,49.54
1624985491.758,1,56.4
1624985491.861,0,48.39
1624985491.864,1,63.81
1624985491.967,0,50.44
1624985491.972,1,79.25
1624985492.074,0,55.33
1624985492.078,1,58.71
1624985492.181,0,59.9
1624985492.185,1,61.22
1624985492.288,0,74.18
1624985492.293,1,74.29
1624985492.396,0,112.88
1624985492.399,1,124.64
1624985492.502,0,50.26
1624985492.505,1,62.51
1624985492.608,0,49.99
1624985492.613,1,55.87
1624985492.717,0,48.9
1624985492.72,1,58.42
1624985492.823,0,48.93
1624985492.826,1,67.86
1624985492.929,0,50.78
1624985492.934,1,80.84
1624985493.037,0,55.49
1624985493.041,1,57.59
1624985493.143,0,68.11
1624985493.147,1,67.75
1624985493.25,0,94.43
1624985493.256,1,92.35
1624985493.359,0,90.4
1624985493.362,1,113.55
1624985493.465,0,50.05
1624985493.468,1,55.83
1624985493.571,0,49.99
1624985493.577,1,56.05
1624985493.68,0,48.65
1624985493.683,1,59.91
1624985493.786,0,49.65
1624985493.789,1,72.47
1624985493.892,0,52.26
1624985493.898,1,93.62
1624985494.001,0,56.04
1624985494.004,1,57.99
1624985494.107,0,59.03
1624985494.11,1,60.5
1624985494.213,0,64.07
1624985494.219,1,64.54
1624985494.322,0,107.74
1624985494.325,1,121.28
1624985494.428,0,50.28
1624985494.431,1,64.88
1624985494.534,0,50.21
1624985494.54,1,55.76
1624985494.643,0,49.86
1624985494.646,1,56.41
1624985494.749,0,48.42
1624985494.752,1,61.33
1624985494.856,0,49.99
1624985494.86,1,75.57
1624985494.963,0,53.32
1624985494.966,1,75.22
1624985495.069,0,60.28
1624985495.072,1,61.58
1624985495.175,0,64.6
1624985495.181,1,64.97
1624985495.284,0,109.09
1624985495.287,1,103.99
1624985495.39,0,52.38
1624985495.393,1,80.51
1624985495.496,0,49.86
1624985495.502,1,55.28
1624985495.606,0,47.75
1624985495.609,1,58.24
1624985495.712,0,50.99
1624985495.715,1,84.01
1624985495.817,0,56.33
1624985495.823,1,58.58
1624985495.926,0,86.02
1624985495.929,1,83.05
1624985496.032,0,58.51
1624985496.035,1,84.05
1624985496.138,0,49.94
1624985496.144,1,55.26
1624985496.248,0,48.87
1624985496.251,1,56.33
1624985496.354,0,49.31
1624985496.357,1,73.8
1624985496.46,0,55.43
1624985496.465,1,59.48
1624985496.568,0,68.8
1624985496.571,1,68.04
1624985496.674,0,101.65
1624985496.677,1,124.34
1624985496.78,0,50.31
1624985496.785,1,62.5
1624985496.891,0,50.12
1624985496.895,1,55.33
1624985496.998,0,49.61
1624985497.001,1,55.87
1624985497.104,0,48.55
1624985497.107,1,61.82
1624985497.212,0,49.49
1624985497.214,1,71.75
1624985497.317,0,53.08
1624985497.32,1,71.59
1624985497.423,0,58.27
1624985497.427,1,59.89
1624985497.531,0,64.46
1624985497.534,1,64.93
1624985497.637,0,109.34
1624985497.64,1,105.19
1624985497.743,0,54.09
1624985497.748,1,87.48
1624985497.851,0,50.12
1624985497.854,1,56.2
1624985497.957,0,49.96
1624985497.96,1,56.16
1624985498.064,0,49.28
1624985498.069,1,57.39
1624985498.172,0,49.01
1624985498.175,1,64.94
1624985498.279,0,50.97
1624985498.282,1,84.45
1624985498.385,0,55.46
1624985498.39,1,57.33
1624985498.493,0,58.26
1624985498.497,1,58.78
1624985498.604,0,70.63
1624985498.607,1,69.8
1624985498.71,0,100.13
1624985498.713,1,95.14
1624985498.816,0,50.18
1624985498.819,1,91.33
1624985498.926,0,50.14
1624985498.932,1,55.72
1624985499.035,0,49.82
1624985499.038,1,55.63
1624985499.142,0,48.9
1624985499.145,1,58.46
1624985499.25,0,48.62
1624985499.252,1,63.45
1624985499.355,0,50.54
1624985499.358,1,85.0
1624985499.462,0,55.43
1624985499.465,1,67.06
1624985499.568,0,59.26
1624985499.573,1,60.66
1624985499.676,0,67.68
1624985499.68,1,68.44
1624985499.783,0,103.54
1624985499.786,1,99.08
1624985499.889,0,81.78
1624985499.894,1,109.85
1624985499.998,0,50.22
1624985500.002,1,55.45
1624985500.105,0,49.9
1624985500.108,1,56.17
1624985500.212,0,49.39
1624985500.215,1,56.82
1624985500.319,0,48.87
1624985500.321,1,61.97
1624985500.428,0,50.08
1624985500.431,1,85.29
1624985500.534,0,55.92
1624985500.538,1,57.78
1624985500.64,0,57.04
1624985500.644,1,59.22
1624985500.747,0,75.9
1624985500.751,1,74.28
1624985500.854,0,103.04
1624985500.857,1,119.37
1624985500.96,0,50.25
1624985500.963,1,55.8
1624985501.066,0,50.03
1624985501.069,1,55.93
1624985501.172,0,48.88
1624985501.177,1,59.2
1624985501.281,0,49.39
1624985501.284,1,74.81
1624985501.387,0,53.52
1624985501.389,1,73.34
1624985501.493,0,55.98
1624985501.498,1,58.1
1624985501.601,0,63.3
1624985501.605,1,63.46
1624985501.708,0,67.37
1624985501.712,1,67.98
1624985501.815,0,93.06
1624985501.819,1,89.86
1624985501.922,0,66.43
1624985501.925,1,86.24
1624985502.028,0,50.13
1624985502.031,1,55.84
1624985502.135,0,49.87
1624985502.14,1,55.87
1624985502.243,0,49.17
1624985502.246,1,58.32
1624985502.35,0,48.64
1624985502.353,1,69.88
1624985502.455,0,52.36
1624985502.461,1,86.25
1624985502.568,0,55.62
1624985502.571,1,57.87
1624985502.674,0,60.73
1624985502.678,1,62.13
1624985502.781,0,82.86
1624985502.784,1,80.12
1624985502.887,0,108.48
1624985502.89,1,113.04
1624985502.995,0,50.32
1624985502.997,1,56.94
1624985503.101,0,50.14
1624985503.104,1,55.85
1624985503.207,0,49.77
1624985503.212,1,56.41
1624985503.315,0,48.42
1624985503.318,1,61.01
1624985503.423,0,50.02
1624985503.426,1,79.14
1624985503.529,0,54.06
1624985503.532,1,72.0
1624985503.635,0,61.01
1624985503.638,1,62.04
1624985503.741,0,63.39
1624985503.745,1,64.34
1624985503.848,0,109.68
1624985503.851,1,105.83
1624985503.954,0,50.72
1624985503.957,1,83.24
1624985504.06,0,50.31
1624985504.066,1,56.09
1624985504.169,0,49.93
1624985504.172,1,56.62
1624985504.275,0,49.03
1624985504.278,1,58.11
1624985504.383,0,49.32
1624985504.387,1,68.04
1624985504.49,0,51.41
1624985504.493,1,87.53
1624985504.595,0,55.43
1624985504.599,1,64.43
1624985504.702,0,57.88
1624985504.708,1,58.31
1624985504.816,0,62.82
1624985504.82,1,63.73
1624985504.923,0,60.42
1624985504.929,1,61.53
1624985505.032,0,87.51
1624985505.035,1,83.95
1624985505.138,0,90.17
1624985505.141,1,113.16
1624985505.244,0,50.18
1624985505.25,1,55.4
1624985505.353,0,50.09
1624985505.356,1,55.78
1624985505.46,0,49.29
1624985505.463,1,57.17
1624985505.566,0,48.8
1624985505.57,1,69.23
1624985505.673,0,52.77
1624985505.676,1,85.34
1624985505.779,0,55.88
1624985505.783,1,57.84
1624985505.886,0,61.42
1624985505.892,1,62.56
1624985505.994,0,78.35
1624985505.998,1,76.16
1624985506.101,0,107.68
1624985506.104,1,123.63
1624985506.207,0,50.21
1624985506.212,1,64.18
1624985506.315,0,49.96
1624985506.32,1,55.63
1624985506.427,0,49.61
1624985506.429,1,56.95
1624985506.533,0,48.54
1624985506.536,1,62.56
1624985506.639,0,50.85
1624985506.642,1,81.41
1624985506.745,0,57.05
1624985506.748,1,58.74
1624985506.853,0,58.44
1624985506.856,1,60.6
1624985506.959,0,63.43
1624985506.963,1,64.44
1624985507.066,0,102.41
1624985507.069,1,124.72
1624985507.174,0,50.35
1624985507.177,1,58.24
1624985507.28,0,49.8
1624985507.283,1,55.97
1624985507.386,0,49.19
1624985507.389,1,57.03
1624985507.495,0,48.81
1624985507.498,1,70.33
1624985507.602,0,52.63
1624985507.604,1,80.43
1624985507.707,0,60.08
1624985507.711,1,60.24
1624985507.816,0,66.94
1624985507.819,1,67.92
1624985507.922,0,75.39
1624985507.926,1,73.29
1624985508.029,0,99.27
1624985508.032,1,128.67
1624985508.137,0,50.19
1624985508.14,1,55.43
1624985508.244,0,49.86
1624985508.247,1,55.65
1624985508.35,0,49.39
1624985508.353,1,56.22
1624985508.458,0,49.46
1624985508.461,1,69.79
1624985508.564,0,53.49
1624985508.567,1,70.64
1624985508.67,0,56.69
1624985508.673,1,57.84
1624985508.779,0,60.66
1624985508.782,1,62.17
1624985508.885,0,89.0
1624985508.889,1,84.48
1624985508.992,0,69.99
1624985508.995,1,100.69
1624985509.099,0,50.12
1624985509.102,1,55.24
1624985509.206,0,49.34
1624985509.209,1,56.68
1624985509.312,0,48.9
1624985509.315,1,64.98
1624985509.42,0,52.02
1624985509.423,1,94.52
1624985509.526,0,56.47
1624985509.531,1,58.55
1624985509.634,0,66.75
1624985509.637,1,65.87
1624985509.741,0,70.15
1624985509.745,1,68.83
1624985509.848,0,109.25
1624985509.85,1,126.49
1624985509.953,0,50.12
1624985509.956,1,55.99
1624985510.062,0,50.02
1624985510.065,1,56.14
1624985510.169,0,49.42
1624985510.172,1,57.35
1624985510.276,0,48.86
1624985510.278,1,64.04
1624985510.383,0,51.2
1624985510.386,1,85.21
1624985510.489,0,54.75
1624985510.492,1,60.89
1624985510.595,0,64.0
1624985510.599,1,63.27
1624985510.704,0,84.74
1624985510.707,1,82.9
1624985510.81,0,74.27
1624985510.813,1,96.55
1624985510.916,0,49.89
1624985510.919,1,56.06
1624985511.025,0,49.67
1624985511.028,1,56.33
1624985511.131,0,48.42
1624985511.134,1,62.26
1624985511.237,0,50.69
1624985511.24,1,89.38
1624985511.345,0,56.7
1624985511.348,1,58.89
1624985511.451,0,63.05
1624985511.455,1,64.38
1624985511.558,0,96.96
1624985511.561,1,87.54
1624985511.666,0,77.36
1624985511.669,1,103.96
1624985511.772,0,49.98
1624985511.775,1,55.69
1624985511.878,0,49.64
1624985511.881,1,56.72
1624985511.987,0,48.68
1624985511.99,1,60.62
1624985512.094,0,51.47
1624985512.096,1,89.83
1624985512.199,0,55.13
1624985512.203,1,63.86
1624985512.308,0,63.62
1624985512.311,1,65.05
1624985512.414,0,83.29
1624985512.418,1,79.77
1624985512.521,0,78.56
1624985512.523,1,107.12
1624985512.629,0,50.22
1624985512.632,1,55.82
1624985512.736,0,49.9
1624985512.738,1,56.08
1624985512.842,0,48.87
1624985512.845,1,57.76
1624985512.95,0,48.97
1624985512.953,1,70.24
1624985513.056,0,54.73
1624985513.059,1,66.09
1624985513.162,0,59.54
1624985513.166,1,60.19
1624985513.271,0,66.83
1624985513.274,1,66.8
1624985513.377,0,80.71
1624985513.38,1,77.78
1624985513.483,0,91.47
1624985513.486,1,103.2
1624985513.591,0,50.25
1624985513.594,1,55.35
1624985513.698,0,50.25
1624985513.7,1,55.95
1624985513.804,0,49.81
1624985513.807,1,56.2
1624985513.913,0,48.57
1624985513.916,1,60.6
1624985514.019,0,49.64
1624985514.022,1,73.53
1624985514.125,0,54.01
1624985514.128,1,87.06
1624985514.233,0,54.54
1624985514.237,1,56.8
1624985514.34,0,60.85
1624985514.343,1,61.77
1624985514.446,0,96.95
1624985514.45,1,90.91
1624985514.554,0,76.73
1624985514.557,1,99.71
1624985514.66,0,50.23
1624985514.663,1,55.25
1624985514.766,0,49.8
1624985514.769,1,56.25
1624985514.875,0,48.62
1624985514.878,1,59.87
1624985514.982,0,48.78
1624985514.985,1,64.53
1624985515.088,0,51.07
1624985515.09,1,79.06
1624985515.196,0,53.25
1624985515.199,1,73.72
1624985515.302,0,59.18
1624985515.305,1,60.39
1624985515.408,0,58.34
1624985515.412,1,59.28
1624985515.517,0,77.85
1624985515.52,1,77.69
1624985515.623,0,94.49
1624985515.627,1,89.14
1624985515.73,0,70.89
1624985515.733,1,101.02
1624985515.837,0,50.22
1624985515.84,1,55.34
1624985515.944,0,49.54
1624985515.947,1,56.77
1624985516.05,0,48.54
1624985516.053,1,61.01
1624985516.158,0,50.4
1624985516.161,1,88.94
1624985516.264,0,55.81
1624985516.267,1,59.67
1624985516.371,0,57.34
1624985516.375,1,58.83
1624985516.479,0,70.29
1624985516.483,1,69.72
1624985516.586,0,114.81
1624985516.589,1,109.05
1624985516.692,0,50.31
1624985516.695,1,76.19
1624985516.8,0,50.22
1624985516.803,1,55.72
1624985516.906,0,49.93
1624985516.909,1,56.51
1624985517.013,0,49.29
1624985517.015,1,57.3
1624985517.121,0,48.53
1624985517.124,1,64.65
1624985517.227,0,50.88
1624985517.23,1,81.61
1624985517.333,0,53.76
1624985517.336,1,67.56
1624985517.439,0,60.97
1624985517.444,1,62.0
1624985517.547,0,88.59
1624985517.551,1,85.0
1624985517.654,0,87.39
1624985517.657,1,108.65
1624985517.76,0,50.17
1624985517.765,1,55.37
1624985517.868,0,49.56
1624985517.871,1,56.3
1624985517.975,0,48.26
1624985517.978,1,63.37
1624985518.081,0,50.18
1624985518.086,1,78.72
1624985518.188,0,54.51
1624985518.192,1,67.11
1624985518.295,0,62.36
1624985518.298,1,63.28
1624985518.401,0,88.17
1624985518.407,1,83.57
1624985518.51,0,84.59
1624985518.513,1,107.44
1624985518.616,0,50.15
1624985518.619,1,55.18
1624985518.722,0,50.0
1624985518.727,1,56.29
1624985518.831,0,48.94
1624985518.834,1,58.87
1624985518.937,0,49.59
1624985518.94,1,72.37
1624985519.043,0,52.28
1624985519.048,1,94.08
1624985519.151,0,55.46
1624985519.154,1,57.6
1624985519.257,0,60.56
1624985519.261,1,60.37
1624985519.367,0,70.97
1624985519.37,1,71.44
1624985519.473,0,115.8
1624985519.476,1,136.18
1624985519.581,0,50.28
1624985519.584,1,73.74
1624985519.688,0,50.06
1624985519.691,1,55.6
1624985519.794,0,48.9
1624985519.798,1,59.2
1624985519.901,0,49.68
1624985519.904,1,68.78
1624985520.009,0,53.43
1624985520.012,1,70.12
1624985520.115,0,57.38
1624985520.119,1,59.14
1624985520.222,0,72.75
1624985520.225,1,70.31
1624985520.33,0,108.46
1624985520.333,1,102.94
1624985520.436,0,67.49
1624985520.439,1,93.14
1624985520.542,0,50.27
1624985520.545,1,56.16
1624985520.651,0,49.93
1624985520.655,1,55.9
1624985520.759,0,49.26
1624985520.762,1,57.73
1624985520.865,0,48.82
1624985520.868,1,67.01
1624985520.972,0,53.0
1624985520.975,1,80.84
1624985521.077,0,57.31
1624985521.081,1,58.83
1624985521.185,0,63.01
1624985521.189,1,62.82
1624985521.293,0,71.88
1624985521.296,1,72.29
1624985521.399,0,104.86
1624985521.403,1,99.68
1624985521.506,0,55.2
1624985521.509,1,86.76
1624985521.613,0,50.19
1624985521.616,1,55.32
1624985521.72,0,49.87
1624985521.723,1,55.99
1624985521.826,0,49.06
1624985521.829,1,57.36
1624985521.935,0,48.91
1624985521.938,1,65.67
1624985522.041,0,50.97
1624985522.043,1,87.52
1624985522.146,0,56.81
1624985522.15,1,58.28
1624985522.255,0,64.08
1624985522.26,1,64.56
1624985522.363,0,83.73
1624985522.367,1,82.58
1624985522.47,0,92.32
1624985522.473,1,119.39
1624985522.576,0,50.29
1624985522.579,1,55.9
1624985522.683,0,49.87
1624985522.686,1,55.95
1624985522.791,0,48.32
1624985522.793,1,60.47
1624985522.898,0,50.24
1624985522.901,1,84.19
1624985523.004,0,54.82
1624985523.007,1,62.04
1624985523.11,0,59.7
1624985523.113,1,60.15
1624985523.218,0,81.37
1624985523.222,1,79.39
1624985523.325,0,96.92
1624985523.328,1,111.51
1624985523.431,0,48.58
1624985523.434,1,52.57
1624985523.54,0,50.03
1624985523.542,1,72.6
1624985523.645,0,54.76
1624985523.648,1,62.93
1624985523.751,0,58.36
1624985523.755,1,59.56
1624985523.86,0,73.58
1624985523.865,1,72.51
1624985523.968,0,117.72
1624985523.972,1,112.18
1624985524.075,0,50.31
1624985524.077,1,59.58
1624985524.181,0,50.15
1624985524.184,1,55.47
1624985524.287,0,49.58
1624985524.29,1,56.45
1624985524.394,0,48.71
1624985524.397,1,58.27
1624985524.502,0,49.31
1624985524.505,1,73.56
1624985524.608,0,54.71
1624985524.611,1,66.08
1624985524.714,0,58.99
1624985524.718,1,59.62
1624985524.823,0,81.97
1624985524.827,1,79.91
1624985524.93,0,112.83
1624985524.932,1,122.08
1624985525.035,0,50.18
1624985525.038,1,80.05
1624985525.144,0,49.97
1624985525.147,1,55.67
1624985525.25,0,49.34
1624985525.253,1,57.22
1624985525.357,0,50.18
1624985525.36,1,72.0
1624985525.465,0,54.52
1624985525.468,1,66.59
1624985525.571,0,58.33
1624985525.575,1,60.28
1624985525.677,0,68.8
1624985525.681,1,67.51
1624985525.786,0,90.27
1624985525.789,1,86.78
1624985525.892,0,95.58
1624985525.895,1,121.4
1624985525.998,0,50.17
1624985526.001,1,55.58
1624985526.107,0,49.77
1624985526.11,1,55.95
1624985526.213,0,48.33
1624985526.216,1,62.82
1624985526.319,0,50.63
1624985526.322,1,84.84
1624985526.428,0,55.56
1624985526.431,1,57.8
1624985526.534,0,63.06
1624985526.537,1,64.38
1624985526.64,0,81.87
1624985526.644,1,76.2
1624985526.749,0,109.72
1624985526.752,1,124.5
1624985526.854,0,50.2
1624985526.857,1,56.19
1624985526.961,0,49.64
1624985526.964,1,56.18
1624985527.07,0,48.58
1624985527.073,1,64.37
1624985527.175,0,50.72
1624985527.178,1,83.97
1624985527.281,0,54.38
1624985527.284,1,75.72
1624985527.39,0,59.2
1624985527.394,1,60.59
1624985527.497,0,69.3
1624985527.501,1,70.56
1624985527.603,0,118.33
1624985527.607,1,104.66
1624985527.711,0,62.02
1624985527.714,1,85.08
1624985527.817,0,50.15
1624985527.82,1,55.37
1624985527.923,0,49.97
1624985527.926,1,55.9
1624985528.032,0,48.9
1624985528.035,1,59.35
1624985528.139,0,50.02
1624985528.142,1,76.3
1624985528.245,0,55.32
1624985528.248,1,76.56
1624985528.353,0,55.81
1624985528.357,1,57.78
1624985528.46,0,60.67
1624985528.463,1,62.27
1624985528.566,0,65.45
1624985528.57,1,65.08
1624985528.674,0,110.46
1624985528.677,1,124.25
1624985528.78,0,50.35
1624985528.783,1,61.57
1624985528.886,0,50.05
1624985528.889,1,55.55
1624985528.995,0,49.41
1624985528.998,1,56.82
1624985529.101,0,48.64
1624985529.105,1,61.02
1624985529.208,0,50.19
1624985529.211,1,73.8
1624985529.316,0,51.74
1624985529.318,1,86.0
1624985529.421,0,56.35
1624985529.425,1,58.22
1624985529.528,0,59.03
1624985529.531,1,59.86
1624985529.636,0,63.59
1624985529.64,1,64.52
1624985529.743,0,71.55
1624985529.747,1,70.33
1624985529.85,0,110.76
1624985529.853,1,109.56
1624985529.957,0,51.93
1624985529.96,1,77.15
1624985530.063,0,50.19
1624985530.066,1,56.09
1624985530.17,0,49.53
1624985530.172,1,56.88
1624985530.278,0,48.79
1624985530.281,1,64.7
1624985530.384,0,51.2
1624985530.387,1,85.2
1624985530.49,0,55.69
1624985530.493,1,63.99
1624985530.599,0,56.81
1624985530.602,1,58.96
1624985530.705,0,81.99
1624985530.709,1,79.07
1624985530.812,0,101.33
1624985530.814,1,125.87
1624985530.92,0,50.35
1624985530.923,1,74.07
1624985531.025,0,50.17
1624985531.028,1,55.94
1624985531.132,0,49.13
1624985531.135,1,57.82
1624985531.241,0,49.56
1624985531.243,1,69.72
1624985531.346,0,52.52
1624985531.349,1,92.06
1624985531.452,0,55.16
1624985531.455,1,57.03
1624985531.561,0,72.55
1624985531.565,1,72.24
1624985531.668,0,104.09
1624985531.671,1,99.74
1624985531.774,0,64.33
1624985531.777,1,102.8
1624985531.882,0,50.25
1624985531.888,1,55.84
1624985531.992,0,49.9
1624985531.995,1,56.53
1624985532.098,0,49.22
1624985532.101,1,58.08
1624985532.204,0,48.84
1624985532.209,1,64.04
1624985532.314,0,50.72
1624985532.317,1,91.65
1624985532.42,0,54.77
1624985532.424,1,56.94
1624985532.527,0,59.71
1624985532.533,1,61.41
1624985532.636,0,66.08
1624985532.64,1,64.86
1624985532.745,0,112.49
1624985532.748,1,104.54
1624985532.851,0,104.05
1624985532.855,1,121.2
1624985532.958,0,50.22
1624985532.961,1,55.93
1624985533.066,0,49.93
1624985533.069,1,56.38
1624985533.172,0,49.58
1624985533.178,1,56.93
1624985533.281,0,48.79
1624985533.284,1,65.93
1624985533.387,0,50.92
1624985533.389,1,94.52
1624985533.492,0,56.13
1624985533.496,1,57.99
1624985533.599,0,63.4
1624985533.607,1,63.82
1624985533.71,0,71.03
1624985533.713,1,71.13
1624985533.816,0,90.41
1624985533.819,1,109.42
1624985533.922,0,50.18
1624985533.925,1,55.59
1624985534.029,0,49.8
1624985534.032,1,55.87
1624985534.135,0,49.13
1624985534.138,1,58.94
1624985534.241,0,48.9
1624985534.244,1,63.51
1624985534.349,0,51.51
1624985534.354,1,85.73
1624985534.457,0,56.61
1624985534.46,1,57.84
1624985534.563,0,59.73
1624985534.567,1,61.42
1624985534.67,0,102.1
1624985534.673,1,95.49
1624985534.776,0,90.7
1624985534.78,1,108.63
1624985534.883,0,50.26
1624985534.885,1,55.77
1624985534.99,0,50.15
1624985534.993,1,55.84
1624985535.096,0,49.48
1624985535.099,1,56.42
1624985535.203,0,48.74
1624985535.206,1,64.03
1624985535.311,0,52.06
1624985535.314,1,93.18
1624985535.417,0,57.62
1624985535.421,1,59.31
1624985535.524,0,62.69
1624985535.529,1,62.98
1624985535.632,0,92.13
1624985535.636,1,86.17
1624985535.739,0,83.73
1624985535.741,1,102.84
1624985535.844,0,50.15
1624985535.847,1,55.34
1624985535.953,0,50.19
1624985535.959,1,56.17
1624985536.062,0,49.51
1624985536.065,1,56.8
1624985536.169,0,48.7
1624985536.171,1,63.06
1624985536.274,0,50.82
1624985536.277,1,81.68
1624985536.38,0,54.15
1624985536.386,1,74.93
1624985536.489,0,57.89
1624985536.493,1,59.96
1624985536.596,0,69.69
1624985536.599,1,69.07
1624985536.702,0,112.79
1624985536.705,1,108.12
1624985536.808,0,84.1
1624985536.814,1,105.68
1624985536.917,0,50.13
1624985536.92,1,56.21
1624985537.024,0,49.85
1624985537.027,1,56.72
1624985537.131,0,48.65
1624985537.133,1,62.66
1624985537.237,0,50.87
1624985537.241,1,80.49
1624985537.344,0,55.42
1624985537.348,1,61.2
1624985537.451,0,59.95
1624985537.454,1,60.54
1624985537.558,0,81.1
1624985537.561,1,77.05
1624985537.664,0,98.58
1624985537.669,1,96.41
1624985537.772,0,51.03
1624985537.775,1,78.31
1624985537.878,0,50.02
1624985537.881,1,56.11
1624985537.984,0,48.39
1624985537.987,1,60.62
1624985538.091,0,49.23
1624985538.093,1,65.49
1624985538.199,0,53.1
1624985538.202,1,88.48
1624985538.305,0,55.98
1624985538.308,1,58.03
1624985538.411,0,57.85
1624985538.415,1,59.13
1624985538.519,0,61.67
1624985538.523,1,63.1
1624985538.627,0,81.94
1624985538.632,1,78.84
1624985538.735,0,90.94
1624985538.737,1,100.56
1624985538.841,0,50.28
1624985538.844,1,65.11
1624985538.947,0,50.09
1624985538.95,1,56.06
1624985539.054,0,49.26
1624985539.056,1,56.7
1624985539.163,0,48.65
1624985539.166,1,63.28
1624985539.269,0,51.1
1624985539.272,1,84.65
1624985539.375,0,55.36
1624985539.378,1,63.5
1624985539.483,0,60.84
1624985539.487,1,61.87
1624985539.59,0,76.62
1624985539.593,1,76.73
1624985539.696,0,102.82
1624985539.699,1,122.55
1624985539.804,0,50.28
1624985539.807,1,69.0
1624985539.91,0,50.09
1624985539.913,1,55.78
1624985540.016,0,47.46
1624985540.026,1,49.72
1624985540.129,0,48.52
1624985540.131,1,65.63
1624985540.234,0,51.3
1624985540.237,1,88.56
1624985540.34,0,56.65
1624985540.344,1,58.34
1624985540.447,0,60.73
1624985540.453,1,61.85
1624985540.556,0,91.13
1624985540.56,1,78.8
1624985540.666,0,88.89
1624985540.669,1,111.28
1624985540.772,0,50.22
1624985540.775,1,55.62
1624985540.878,0,49.93
1624985540.881,1,55.8
1624985540.987,0,49.22
1624985540.99,1,58.17
1624985541.094,0,49.19
1624985541.097,1,69.47
1624985541.2,0,52.3
1624985541.204,1,93.32
1624985541.308,0,55.74
1624985541.311,1,57.9
1624985541.414,0,102.36
1624985541.418,1,94.9
1624985541.521,0,50.31
1624985541.526,1,54.97
1624985541.63,0,48.82
1624985541.633,1,54.51
1624985541.738,0,48.58
1624985541.741,1,66.33
1624985541.843,0,53.42
1624985541.849,1,65.75
1624985541.951,0,66.53
1624985541.955,1,66.41
1624985542.058,0,81.5
1624985542.061,1,104.42
1624985542.163,0,49.71
1624985542.169,1,55.11
1624985542.273,0,48.46
1624985542.276,1,59.65
1624985542.379,0,51.61
1624985542.381,1,92.93
1624985542.484,0,55.58
1624985542.491,1,57.64
1624985542.594,0,63.81
1624985542.597,1,64.46
1624985542.7,0,89.11
1624985542.704,1,86.4
1624985542.807,0,101.89
1624985542.811,1,119.67
1624985542.914,0,50.14
1624985542.917,1,55.55
1624985543.02,0,49.62
1624985543.023,1,56.28
1624985543.127,0,48.71
1624985543.133,1,60.19
1624985543.236,0,49.94
1624985543.239,1,79.26
1624985543.342,0,54.24
1624985543.345,1,71.85
1624985543.448,0,58.89
1624985543.454,1,60.31
1624985543.557,0,69.57
1624985543.56,1,69.49
1624985543.663,0,102.72
1624985543.667,1,95.71
1624985543.77,0,89.29
1624985543.774,1,107.54
1624985543.877,0,50.37
1624985543.88,1,55.96
1624985543.984,0,49.99
1624985543.987,1,56.53
1624985544.09,0,49.61
1624985544.095,1,56.48
1624985544.198,0,48.71
1624985544.201,1,59.59
1624985544.304,0,49.08
1624985544.307,1,74.57
1624985544.41,0,53.85
1624985544.416,1,67.49
1624985544.519,0,59.55
1624985544.522,1,61.06
1624985544.625,0,72.37
1624985544.629,1,70.75
1624985544.732,0,113.37
1624985544.737,1,106.84
1624985544.84,0,50.25
1624985544.843,1,67.46
1624985544.946,0,50.19
1624985544.949,1,55.99
1624985545.052,0,49.68
1624985545.057,1,55.48
1624985545.161,0,48.37
1624985545.164,1,63.74
1624985545.267,0,53.46
1624985545.27,1,80.85
1624985545.373,0,58.31
1624985545.379,1,59.81
1624985545.481,0,64.23
1624985545.485,1,64.31
1624985545.588,0,67.18
1624985545.591,1,66.71
1624985545.694,0,117.1
1624985545.699,1,134.89
1624985545.802,0,50.29
1624985545.805,1,56.02
1624985545.909,0,50.1
1624985545.912,1,55.92
1624985546.015,0,49.52
1624985546.02,1,56.31
1624985546.123,0,48.55
1624985546.126,1,67.18
1624985546.229,0,51.61
1624985546.232,1,91.6
1624985546.335,0,56.82
1624985546.341,1,58.53
1624985546.444,0,69.06
1624985546.448,1,70.11
1624985546.55,0,110.77
1624985546.554,1,112.24
1624985546.657,0,50.3
1624985546.662,1,61.71
1624985546.765,0,50.0
1624985546.768,1,56.02
1624985546.872,0,49.45
1624985546.874,1,57.1
1624985546.978,0,48.75
1624985546.983,1,63.16
1624985547.086,0,51.12
1624985547.089,1,94.73
1624985547.191,0,57.69
1624985547.195,1,59.67
1624985547.298,0,60.86
1624985547.304,1,61.7
1624985547.407,0,67.26
1624985547.41,1,67.44
1624985547.513,0,97.0
1624985547.516,1,115.88
1624985547.619,0,50.19
1624985547.625,1,55.84
1624985547.728,0,49.74
1624985547.731,1,56.91
1624985547.834,0,48.68
1624985547.837,1,59.88
1624985547.941,0,49.61
1624985547.946,1,76.14
1624985548.05,0,54.64
1624985548.053,1,63.33
1624985548.156,0,60.86
1624985548.162,1,60.45
1624985548.268,0,60.08
1624985548.271,1,61.87
1624985548.374,0,83.59
1624985548.377,1,79.96
1624985548.48,0,91.28
1624985548.483,1,118.49
1624985548.589,0,50.42
1624985548.592,1,55.67
1624985548.695,0,50.23
1624985548.698,1,56.43
1624985548.802,0,49.55
1624985548.805,1,56.9
1624985548.91,0,49.03
1624985548.913,1,65.67
1624985549.015,0,49.95
1624985549.018,1,85.13
1624985549.121,0,54.05
1624985549.124,1,69.09
1624985549.23,0,56.53
1624985549.233,1,58.92
1624985549.336,0,59.88
1624985549.34,1,61.31
1624985549.443,0,98.75
1624985549.446,1,88.99
1624985549.551,0,78.14
1624985549.553,1,90.82
1624985549.656,0,50.29
1624985549.659,1,56.04
1624985549.763,0,50.22
1624985549.767,1,55.55
1624985549.872,0,49.74
1624985549.875,1,56.53
1624985549.978,0,48.71
1624985549.981,1,60.72
1624985550.085,0,50.03
1624985550.087,1,70.33
1624985550.193,0,51.97
1624985550.196,1,87.48
1624985550.299,0,55.25
1624985550.302,1,57.63
1624985550.405,0,59.19
1624985550.408,1,60.12
1624985550.513,0,64.64
1624985550.517,1,65.6
1624985550.62,0,100.39
1624985550.624,1,95.19
1624985550.727,0,60.69
1624985550.729,1,101.01
1624985550.834,0,50.26
1624985550.837,1,55.71
1624985550.941,0,49.97
1624985550.944,1,56.19
1624985551.047,0,48.62
1624985551.05,1,60.25
1624985551.156,0,50.4
1624985551.158,1,84.73
1624985551.261,0,55.74
1624985551.265,1,57.81
1624985551.368,0,58.41
1624985551.372,1,59.83
1624985551.476,0,72.27
1624985551.48,1,71.35
1624985551.583,0,93.19
1624985551.586,1,99.24
1624985551.689,0,50.26
1624985551.692,1,71.83
1624985551.797,0,50.26
1624985551.8,1,55.32
1624985551.904,0,49.87
1624985551.906,1,56.21
1624985552.01,0,48.26
1624985552.013,1,60.87
1624985552.118,0,50.63
1624985552.121,1,78.51
1624985552.224,0,54.24
1624985552.227,1,67.29
1624985552.33,0,56.41
1624985552.333,1,58.02
1624985552.439,0,63.1
1624985552.442,1,63.86
1624985552.545,0,105.12
1624985552.549,1,95.2
1624985552.652,0,74.28
1624985552.655,1,101.45
1624985552.76,0,50.22
1624985552.763,1,55.72
1624985552.866,0,49.96
1624985552.869,1,56.13
1624985552.973,0,49.29
1624985552.978,1,57.88
1624985553.081,0,49.51
1624985553.084,1,75.12
1624985553.187,0,53.0
1624985553.19,1,82.39
1624985553.293,0,58.08
1624985553.296,1,58.62
1624985553.402,0,71.7
1624985553.406,1,70.54
1624985553.509,0,87.24
1624985553.512,1,85.19
1624985553.615,0,60.88
1624985553.618,1,96.79
1624985553.722,0,50.3
1624985553.725,1,56.0
1624985553.829,0,49.93
1624985553.832,1,56.4
1624985553.935,0,49.31
1624985553.938,1,58.18
1624985554.044,0,49.06
1624985554.046,1,65.96
1624985554.149,0,52.08
1624985554.152,1,83.51
1624985554.255,0,56.58
1624985554.259,1,57.98
1624985554.364,0,66.6
1624985554.367,1,66.86
1624985554.47,0,102.81
1624985554.474,1,100.99
1624985554.577,0,73.42
1624985554.581,1,103.26
1624985554.685,0,50.04
1624985554.688,1,55.92
1624985554.792,0,49.29
1624985554.795,1,57.72
1624985554.898,0,49.38
1624985554.901,1,65.11
1624985555.006,0,51.63
1624985555.009,1,92.1
1624985555.112,0,56.43
1624985555.115,1,58.32
1624985555.218,0,64.73
1624985555.222,1,63.93
1624985555.327,0,82.22
1624985555.331,1,79.86
1624985555.434,0,106.93
1624985555.437,1,123.8
1624985555.54,0,50.38
1624985555.543,1,55.89
1624985555.647,0,50.02
1624985555.651,1,55.92
1624985555.754,0,49.67
1624985555.757,1,57.28
1624985555.861,0,48.72
1624985555.864,1,61.42
1624985555.969,0,51.91
1624985555.972,1,89.97
1624985556.075,0,60.94
1624985556.079,1,62.06
1624985556.181,0,64.75
1624985556.186,1,64.64
1624985556.29,0,91.56
1624985556.293,1,89.07
1624985556.396,0,76.27
1624985556.399,1,95.46
1624985556.502,0,50.22
1624985556.505,1,55.74
1624985556.61,0,49.74
1624985556.614,1,56.2
1624985556.717,0,48.77
1624985556.72,1,63.93
1624985556.823,0,50.3
1624985556.826,1,84.53
1624985556.931,0,54.92
1624985556.935,1,60.43
1624985557.038,0,59.27
1624985557.041,1,60.57
1624985557.144,0,64.56
1624985557.148,1,64.18
1624985557.252,0,86.14
1624985557.256,1,83.53
1624985557.359,0,93.26
1624985557.362,1,110.97
1624985557.465,0,50.29
1624985557.468,1,55.59
1624985557.574,0,50.15
1624985557.577,1,56.03
1624985557.681,0,49.85
1624985557.684,1,56.76
1624985557.787,0,48.62
1624985557.79,1,62.06
1624985557.895,0,50.04
1624985557.897,1,81.96
1624985558.0,0,56.64
1624985558.004,1,61.17
1624985558.107,0,56.62
1624985558.11,1,58.0
1624985558.216,0,68.45
1624985558.219,1,69.09
1624985558.322,0,112.66
1624985558.325,1,113.47
1624985558.428,0,50.24
1624985558.431,1,87.37
1624985558.536,0,50.22
1624985558.539,1,56.3
1624985558.642,0,49.67
1624985558.645,1,57.29
1624985558.749,0,48.67
1624985558.752,1,61.97
1624985558.856,0,54.75
1624985558.86,1,67.17
1624985558.962,0,58.93
1624985558.966,1,60.53
1624985559.069,0,103.56
1624985559.072,1,89.23
1624985559.179,0,109.0
1624985559.182,1,126.49
1624985559.285,0,50.44
1624985559.287,1,55.6
1624985559.391,0,50.12
1624985559.394,1,55.82
1624985559.499,0,49.63
1624985559.502,1,56.47
1624985559.605,0,48.38
1624985559.608,1,64.99
1624985559.711,0,52.31
1624985559.714,1,89.93
1624985559.819,0,53.56
1624985559.822,1,67.47
1624985559.925,0,58.5
1624985559.929,1,59.72
1624985560.032,0,62.48
1624985560.035,1,62.44
1624985560.14,0,90.03
1624985560.143,1,113.56
1624985560.246,0,49.94
1624985560.249,1,55.17
1624985560.352,0,48.07
1624985560.355,1,55.69
1624985560.461,0,49.88
1624985560.464,1,74.07
1624985560.567,0,55.04
1624985560.57,1,57.03
1624985560.673,0,74.88
1624985560.677,1,69.27
1624985560.783,0,76.14
1624985560.786,1,102.07
1624985560.889,0,49.54
1624985560.892,1,54.57
1624985560.995,0,48.17
1624985560.998,1,57.34
1624985561.103,0,51.54
1624985561.106,1,92.78
1624985561.209,0,56.27
1624985561.212,1,58.24
1624985561.315,0,57.19
1624985561.319,1,58.8
1624985561.424,0,68.21
1624985561.427,1,68.5
1624985561.53,0,73.05
1624985561.534,1,72.67
1624985561.637,0,102.15
1624985561.639,1,125.42
1624985561.744,0,50.44
1624985561.747,1,73.07
1624985561.85,0,50.22
1624985561.853,1,56.3
1624985561.957,0,48.87
1624985561.959,1,58.12
1624985562.065,0,49.32
1624985562.068,1,74.33
1624985562.171,0,53.38
1624985562.174,1,70.68
1624985562.277,0,58.74
1624985562.28,1,58.81
1624985562.387,0,66.08
1624985562.391,1,66.51
1624985562.494,0,91.8
1624985562.497,1,86.86
1624985562.601,0,91.35
1624985562.603,1,116.69
1624985562.707,0,50.49
1624985562.71,1,55.71
1624985562.814,0,50.15
1624985562.817,1,56.25
1624985562.92,0,49.49
1624985562.923,1,56.8
1624985563.029,0,48.65
1624985563.032,1,64.5
1624985563.135,0,50.52
1624985563.138,1,79.34
1624985563.241,0,55.39
1624985563.244,1,63.94
1624985563.35,0,62.47
1624985563.353,1,63.67
1624985563.456,0,70.02
1624985563.459,1,69.46
1624985563.562,0,109.53
1624985563.565,1,108.01
1624985563.671,0,50.34
1624985563.674,1,56.5
1624985563.777,0,50.28
1624985563.78,1,56.18
1624985563.883,0,49.67
1624985563.886,1,56.63
1624985563.989,0,48.82
1624985563.993,1,62.19
1624985564.099,0,49.88
1624985564.103,1,71.75
1624985564.206,0,54.3
1624985564.209,1,68.55
1624985564.312,0,58.45
1624985564.316,1,59.83
1624985564.419,0,83.83
1624985564.422,1,80.63
1624985564.525,0,110.74
1624985564.528,1,130.96
1624985564.631,0,50.34
1624985564.635,1,62.08
1624985564.741,0,50.22
1624985564.744,1,56.0
1624985564.847,0,49.92
1624985564.85,1,56.26
1624985564.954,0,48.68
1624985564.957,1,59.9
1624985565.063,0,51.21
1624985565.066,1,86.98
1624985565.169,0,53.98
1624985565.171,1,67.31
1624985565.274,0,60.12
1624985565.278,1,61.2
1624985565.381,0,71.03
1624985565.385,1,70.64
1624985565.487,0,118.39
1624985565.491,1,115.83
1624985565.594,0,50.3
1624985565.597,1,55.61
1624985565.701,0,50.06
1624985565.704,1,56.25
1624985565.811,0,49.57
1624985565.814,1,56.79
1624985565.918,0,48.53
1624985565.921,1,61.79
1624985566.024,0,49.94
1624985566.027,1,82.47
1624985566.13,0,56.61
1624985566.133,1,58.78
1624985566.236,0,58.78
1624985566.24,1,60.16
1624985566.343,0,75.11
1624985566.346,1,74.2
1624985566.449,0,117.81
1624985566.452,1,106.64
1624985566.558,0,67.11
1624985566.561,1,98.11
1624985566.664,0,50.18
1624985566.667,1,56.07
1624985566.77,0,49.67
1624985566.773,1,57.01
1624985566.877,0,49.0
1624985566.881,1,66.19
1624985566.984,0,50.12
1624985566.987,1,86.4
1624985567.09,0,55.71
1624985567.093,1,61.83
1624985567.196,0,62.07
1624985567.202,1,62.89
1624985567.305,0,75.27
1624985567.308,1,74.38
1624985567.411,0,104.37
1624985567.414,1,118.96
1624985567.517,0,50.45
1624985567.523,1,56.13
1624985567.626,0,50.02
1624985567.629,1,55.93
1624985567.732,0,48.97
1624985567.735,1,57.15
1624985567.845,0,49.72
1624985567.847,1,71.56
1624985567.95,0,55.0
1624985567.953,1,67.94
1624985568.056,0,59.8
1624985568.06,1,61.29
1624985568.163,0,67.83
1624985568.166,1,65.78
1624985568.272,0,102.91
1624985568.275,1,97.66
1624985568.378,0,65.76
1624985568.381,1,93.92
1624985568.484,0,50.39
1624985568.487,1,56.38
1624985568.591,0,49.76
1624985568.593,1,56.15
1624985568.7,0,49.03
1624985568.706,1,58.91
1624985568.809,0,49.1
1624985568.813,1,70.49
1624985568.916,0,51.74
1624985568.919,1,93.52
1624985569.022,0,55.66
1624985569.027,1,61.25
1624985569.13,0,83.6
1624985569.133,1,81.87
1624985569.236,0,96.28
1624985569.239,1,108.18
1624985569.342,0,50.52
1624985569.347,1,70.27
1624985569.453,0,50.25
1624985569.456,1,55.65
1624985569.56,0,49.8
1624985569.563,1,57.42
1624985569.666,0,48.52
1624985569.669,1,62.15
1624985569.773,0,50.31
1624985569.775,1,71.43
1624985569.885,0,53.59
1624985569.889,1,71.97
1624985569.992,0,59.18
1624985569.995,1,60.71
1624985570.098,0,63.69
1624985570.102,1,64.11
1624985570.205,0,87.47
1624985570.21,1,85.67
1624985570.313,0,105.02
1624985570.317,1,123.41
1624985570.419,0,50.36
1624985570.422,1,56.06
1624985570.526,0,50.12
1624985570.531,1,56.01
1624985570.634,0,49.54
1624985570.637,1,56.6
1624985570.741,0,48.51
1624985570.744,1,64.96
1624985570.846,0,49.86
1624985570.851,1,74.35
1624985570.954,0,54.95
1624985570.958,1,60.16
1624985571.061,0,58.98
1624985571.064,1,59.72
1624985571.169,0,64.26
1624985571.173,1,64.75
1624985571.276,0,74.01
1624985571.28,1,73.34
1624985571.383,0,78.84
1624985571.386,1,98.86
1624985571.488,0,50.33
1624985571.494,1,55.54
1624985571.598,0,49.99
1624985571.601,1,56.09
1624985571.705,0,49.61
1624985571.707,1,56.63
1624985571.811,0,48.9
1624985571.815,1,68.46
1624985571.918,0,52.0
1624985571.922,1,80.43
1624985572.03,0,53.51
1624985572.036,1,85.38
1624985572.139,0,55.62
1624985572.142,1,58.09
1624985572.245,0,61.56
1624985572.249,1,63.36
1624985572.352,0,87.58
1624985572.357,1,84.59
1624985572.46,0,87.05
1624985572.463,1,102.93
1624985572.565,0,50.53
1624985572.568,1,55.65
1624985572.672,0,50.17
1624985572.677,1,55.55
1624985572.781,0,49.78
1624985572.784,1,56.74
1624985572.887,0,48.91
1624985572.89,1,60.32
1624985572.994,0,51.06
1624985572.998,1,81.31
1624985573.101,0,53.99
1624985573.104,1,61.62
1624985573.207,0,62.64
1624985573.211,1,63.27
1624985573.315,0,85.27
1624985573.319,1,82.61
1624985573.422,0,107.21
1624985573.427,1,97.32
1624985573.53,0,57.9
1624985573.533,1,81.3
1624985573.636,0,50.19
1624985573.641,1,55.17
1624985573.744,0,50.05
1624985573.747,1,55.93
1624985573.85,0,49.51
1624985573.853,1,57.51
1624985573.957,0,48.76
1624985573.961,1,63.07
1624985574.065,0,50.98
1624985574.068,1,94.88
1624985574.171,0,56.22
1624985574.175,1,58.38
1624985574.278,0,58.69
1624985574.283,1,60.47
1624985574.386,0,68.28
1624985574.39,1,67.79
1624985574.493,0,113.57
1624985574.496,1,127.16
1624985574.599,0,50.45
1624985574.603,1,55.48
1624985574.707,0,49.99
1624985574.71,1,56.44
1624985574.813,0,49.0
1624985574.816,1,59.01
1624985574.92,0,49.22
1624985574.924,1,64.51
1624985575.028,0,50.72
1624985575.032,1,81.1
1624985575.135,0,54.81
1624985575.138,1,71.47
1624985575.241,0,55.09
1624985575.245,1,57.46
1624985575.348,0,60.0
1624985575.352,1,61.14
1624985575.455,0,81.88
1624985575.459,1,77.19
1624985575.562,0,117.14
1624985575.566,1,113.82
1624985575.67,0,50.43
1624985575.673,1,71.77
1624985575.775,0,50.38
1624985575.778,1,55.64
1624985575.882,0,49.77
1624985575.887,1,56.43
1624985575.991,0,48.55
1624985575.993,1,63.81
1624985576.097,0,50.53
1624985576.099,1,87.41
1624985576.202,0,54.79
1624985576.208,1,69.27
1624985576.311,0,58.92
1624985576.314,1,60.32
1624985576.417,0,61.95
1624985576.421,1,62.79
1624985576.524,0,103.26
1624985576.53,1,97.09
1624985576.633,0,52.64
1624985576.637,1,83.01
1624985576.74,0,50.25
1624985576.743,1,56.33
1624985576.846,0,50.02
1624985576.85,1,56.62
1624985576.954,0,49.13
1624985576.957,1,59.05
1624985577.06,0,49.74
1624985577.063,1,70.59
1624985577.167,0,52.79
1624985577.171,1,67.96
1624985577.274,0,59.35
1624985577.277,1,60.93
1624985577.38,0,108.91
1624985577.383,1,118.24
1624985577.486,0,50.02
1624985577.492,1,55.33
1624985577.596,0,49.16
1624985577.599,1,57.53
1624985577.702,0,48.97
1624985577.705,1,65.19
1624985577.808,0,51.81
1624985577.813,1,94.98
1624985577.915,0,57.29
1624985577.919,1,58.99
1624985578.022,0,69.14
1624985578.025,1,68.65
1624985578.128,0,87.29
1624985578.134,1,84.62
1624985578.237,0,87.99
1624985578.241,1,111.61
1624985578.344,0,50.31
1624985578.347,1,55.81
1624985578.45,0,49.88
1624985578.455,1,56.36
1624985578.558,0,48.79
1624985578.561,1,59.63
1624985578.665,0,50.46
1624985578.668,1,81.47
1624985578.772,0,54.16
1624985578.776,1,78.58
1624985578.879,0,55.04
1624985578.883,1,57.57
1624985578.986,0,61.34
1624985578.989,1,63.07
1624985579.092,0,68.82
1624985579.097,1,68.56
1624985579.2,0,110.38
1624985579.204,1,100.96
1624985579.307,0,50.38
1624985579.309,1,60.26
1624985579.413,0,50.42
1624985579.418,1,55.56
1624985579.521,0,49.51
1624985579.524,1,56.44
1624985579.628,0,50.09
1624985579.63,1,72.19
1624985579.733,0,52.93
1624985579.739,1,69.65
1624985579.842,0,57.3
1624985579.845,1,59.56
1624985579.948,0,70.3
1624985579.952,1,71.05
1624985580.055,0,90.69
1624985580.06,1,88.91
1624985580.163,0,55.19
1624985580.166,1,88.77
1624985580.269,0,50.25
1624985580.272,1,55.74
1624985580.377,0,49.7
1624985580.381,1,56.55
1624985580.484,0,48.67
1624985580.487,1,61.26
1624985580.59,0,50.39
1624985580.593,1,86.48
1624985580.696,0,55.27
1624985580.701,1,66.01
1624985580.804,0,56.04
1624985580.808,1,58.18
1624985580.911,0,70.17
1624985580.914,1,70.15
1624985581.017,0,117.98
1624985581.023,1,109.74
1624985581.126,0,52.81
1624985581.129,1,85.41
1624985581.231,0,50.15
1624985581.234,1,56.63
1624985581.338,0,49.19
1624985581.343,1,58.24
1624985581.447,0,48.93
1624985581.45,1,65.56
1624985581.553,0,51.85
1624985581.555,1,93.56
1624985581.658,0,54.62
1624985581.665,1,56.76
1624985581.768,0,71.25
1624985581.771,1,70.12
1624985581.874,0,96.78
1624985581.878,1,90.01
1624985581.981,0,54.24
1624985581.985,1,85.62
1624985582.088,0,50.34
1624985582.091,1,55.73
1624985582.195,0,49.8
1624985582.198,1,56.51
1624985582.301,0,48.47
1624985582.306,1,63.52
1624985582.409,0,50.73
1624985582.412,1,79.46
1624985582.515,0,53.64
1624985582.517,1,73.88
1624985582.62,0,56.48
1624985582.627,1,58.81
1624985582.73,0,60.95
1624985582.733,1,62.06
1624985582.836,0,89.3
1624985582.84,1,84.99
1624985582.943,0,99.67
1624985582.948,1,122.38
1624985583.051,0,50.38
1624985583.054,1,57.38
1624985583.157,0,50.08
1624985583.16,1,56.34
1624985583.263,0,49.63
1624985583.269,1,56.95
1624985583.372,0,48.84
1624985583.375,1,63.56
1624985583.478,0,51.04
1624985583.481,1,90.99
1624985583.585,0,54.41
1624985583.59,1,64.12
1624985583.693,0,59.25
1624985583.696,1,60.45
1624985583.799,0,66.0
1624985583.803,1,66.53
1624985583.906,0,106.4
1624985583.911,1,101.64
1624985584.014,0,81.36
1624985584.016,1,101.14
1624985584.119,0,50.25
1624985584.122,1,56.03
1624985584.226,0,50.09
1624985584.231,1,56.43
1624985584.335,0,49.35
1624985584.338,1,58.22
1624985584.441,0,49.5
1624985584.444,1,72.69
1624985584.547,0,51.55
1624985584.552,1,92.14
1624985584.655,0,57.96
1624985584.658,1,60.02
1624985584.761,0,80.02
1624985584.765,1,76.2
1624985584.868,0,96.32
1624985584.873,1,92.01
1624985584.976,0,81.99
1624985584.979,1,104.11
1624985585.082,0,50.28
1624985585.084,1,55.77
1624985585.19,0,50.12
1624985585.194,1,55.93
1624985585.297,0,49.48
1624985585.3,1,57.5
1624985585.403,0,48.62
1624985585.406,1,63.6
1624985585.509,0,51.28
1624985585.515,1,93.02
1624985585.618,0,56.63
1624985585.621,1,58.71
1624985585.724,0,59.41
1624985585.728,1,60.53
1624985585.831,0,63.71
1624985585.836,1,64.64
1624985585.939,0,95.87
1624985585.942,1,90.4
1624985586.045,0,50.34
1624985586.048,1,71.37
1624985586.151,0,50.31
1624985586.157,1,55.72
1624985586.26,0,50.05
1624985586.263,1,56.64
1624985586.366,0,49.01
1624985586.369,1,60.16
1624985586.473,0,49.22
1624985586.477,1,72.54
1624985586.58,0,52.48
1624985586.583,1,81.17
1624985586.686,0,56.21
1624985586.69,1,57.84
1624985586.794,0,61.77
1624985586.799,1,62.89
1624985586.902,0,109.72
1624985586.905,1,104.92
1624985587.008,0,50.5
1624985587.011,1,73.85
1624985587.114,0,50.37
1624985587.119,1,55.96
1624985587.223,0,50.02
1624985587.226,1,56.22
1624985587.329,0,48.68
1624985587.332,1,60.31
1624985587.436,0,49.33
1624985587.44,1,71.61
1624985587.543,0,52.93
1624985587.546,1,86.82
1624985587.649,0,57.91
1624985587.652,1,59.48
1624985587.755,0,63.3
1624985587.761,1,63.97
1624985587.864,0,81.66
1624985587.868,1,78.66
1624985587.971,0,96.46
1624985587.974,1,112.89
1624985588.077,0,50.5
1624985588.082,1,61.74
1624985588.186,0,50.15
1624985588.188,1,56.31
1624985588.292,0,49.67
1624985588.295,1,56.53
1624985588.399,0,49.22
1624985588.403,1,59.24
1624985588.507,0,48.9
1624985588.509,1,65.68
1624985588.612,0,52.71
1624985588.615,1,77.32
1624985588.718,0,58.47
1624985588.724,1,60.16
1624985588.827,0,63.01
1624985588.831,1,63.4
1624985588.934,0,73.56
1624985588.938,1,73.97
1624985589.041,0,86.54
1624985589.045,1,90.24
1624985589.148,0,50.37
1624985589.151,1,66.39
1624985589.254,0,50.28
1624985589.257,1,55.49
1624985589.36,0,50.2
1624985589.366,1,56.2
1624985589.47,0,49.44
1624985589.473,1,57.43
1624985589.576,0,48.42
1624985589.579,1,64.01
1624985589.682,0,50.75
1624985589.686,1,88.93
1624985589.789,0,56.2
1624985589.793,1,61.6
1624985589.896,0,61.74
1624985589.899,1,61.9
1624985590.003,0,102.09
1624985590.008,1,97.63
1624985590.111,0,67.89
1624985590.114,1,94.05
1624985590.216,0,50.2
1624985590.219,1,55.9
1624985590.323,0,50.15
1624985590.328,1,55.93
1624985590.432,0,48.94
1624985590.435,1,59.53
1624985590.538,0,49.67
1624985590.541,1,72.32
1624985590.644,0,47.53
1624985590.649,1,49.89
1624985590.752,0,63.6
1624985590.756,1,64.42
1624985590.859,0,77.43
1624985590.862,1,74.48
1624985590.965,0,118.31
1624985590.971,1,108.8
1624985591.074,0,50.55
1624985591.077,1,62.52
1624985591.18,0,50.15
1624985591.183,1,55.62
1624985591.287,0,49.89
1624985591.291,1,56.26
1624985591.395,0,48.92
1624985591.398,1,63.9
1624985591.501,0,50.87
1624985591.503,1,81.23
1624985591.606,0,54.95
1624985591.612,1,69.61
1624985591.715,0,58.53
1624985591.719,1,60.05
1624985591.822,0,70.39
1624985591.825,1,69.6
1624985591.928,0,111.22
1624985591.933,1,129.23
1624985592.036,0,50.47
1624985592.039,1,62.46
1624985592.142,0,50.15
1624985592.145,1,56.44
1624985592.249,0,49.32
1624985592.254,1,58.58
1624985592.358,0,49.66
1624985592.36,1,76.51
1624985592.463,0,54.78
1624985592.467,1,71.73
1624985592.569,0,54.91
1624985592.577,1,57.11
1624985592.68,0,66.6
1624985592.683,1,66.78
1624985592.786,0,117.58
1624985592.789,1,123.76
1624985592.892,0,59.33
1624985592.897,1,83.94
1624985593.0,0,50.22
1624985593.002,1,56.41
1624985593.106,0,49.99
1624985593.109,1,56.76
1624985593.213,0,49.17
1624985593.218,1,58.38
1624985593.321,0,48.97
1624985593.324,1,68.81
1624985593.427,0,51.11
1624985593.43,1,91.81
1624985593.533,0,60.22
1624985593.538,1,61.22
1624985593.641,0,59.16
1624985593.645,1,60.54
1624985593.748,0,91.68
1624985593.752,1,88.24
1624985593.855,0,107.77
1624985593.859,1,126.47
1624985593.962,0,50.36
1624985593.965,1,55.87
1624985594.068,0,49.9
1624985594.071,1,56.84
1624985594.175,0,48.74
1624985594.181,1,60.39
1624985594.285,0,50.45
1624985594.288,1,76.14
1624985594.391,0,55.33
1624985594.394,1,66.77
1624985594.497,0,55.5
1624985594.502,1,57.85
1624985594.605,0,66.36
1624985594.608,1,65.69
1624985594.713,0,78.72
1624985594.716,1,71.58
1624985594.822,0,122.3
1624985594.825,1,129.89
1624985594.928,0,50.38
1624985594.931,1,55.81
1624985595.034,0,50.1
1624985595.037,1,55.69
1624985595.143,0,49.81
1624985595.146,1,56.95
1624985595.25,0,48.75
1624985595.253,1,60.7
1624985595.356,0,50.69
1624985595.359,1,76.83
1624985595.464,0,53.55
1624985595.467,1,78.31
1624985595.57,0,58.55
1624985595.573,1,60.15
1624985595.676,0,67.87
1624985595.68,1,65.63
1624985595.785,0,123.35
1624985595.788,1,126.72
1624985595.891,0,50.42
1624985595.894,1,55.64
1624985595.997,0,50.02
1624985596.0,1,56.2
1624985596.106,0,48.91
1624985596.109,1,60.09
1624985596.213,0,51.27
1624985596.215,1,92.43
1624985596.318,0,56.72
1624985596.322,1,57.92
1624985596.427,0,57.95
1624985596.43,1,59.84
1624985596.533,0,64.77
1624985596.536,1,65.3
1624985596.64,0,106.66
1624985596.643,1,96.43
1624985596.747,0,88.18
1624985596.75,1,108.14
1624985596.853,0,50.38
1624985596.856,1,55.87
1624985596.959,0,50.18
1624985596.962,1,56.34
1624985597.069,0,50.12
1624985597.072,1,56.88
1624985597.175,0,48.87
1624985597.178,1,63.86
1624985597.281,0,51.21
1624985597.284,1,78.44
1624985597.389,0,53.58
1624985597.392,1,67.41
1624985597.495,0,55.08
1624985597.499,1,57.06
1624985597.602,0,68.27
1624985597.605,1,66.1
1624985597.71,0,87.26
1624985597.714,1,84.18
1624985597.816,0,101.32
1624985597.819,1,118.96
1624985597.922,0,50.41
1624985597.925,1,55.53
1624985598.031,0,49.99
1624985598.034,1,55.97
1624985598.138,0,49.54
1624985598.141,1,57.17
1624985598.244,0,49.54
1624985598.247,1,67.08
1624985598.352,0,52.09
1624985598.355,1,91.61
1624985598.458,0,55.7
1624985598.461,1,57.87
1624985598.564,0,58.46
1624985598.568,1,59.79
1624985598.673,0,62.18
1624985598.677,1,63.61
1624985598.78,0,76.33
1624985598.783,1,76.14
1624985598.886,0,103.97
1624985598.889,1,122.47
1624985598.993,0,58.69
1624985599.001,1,83.32
1624985599.104,0,50.3
1624985599.107,1,56.04
1624985599.21,0,50.0
1624985599.213,1,57.0
1624985599.316,0,49.26
1624985599.321,1,59.98
1624985599.425,0,49.77
1624985599.428,1,77.18
1624985599.53,0,55.4
1624985599.534,1,61.29
1624985599.637,0,67.06
1624985599.64,1,66.77
1624985599.743,0,90.8
1624985599.747,1,86.75
1624985599.85,0,75.68
1624985599.853,1,101.5
1624985599.956,0,50.39
1624985599.959,1,55.94
1624985600.063,0,49.74
1624985600.067,1,56.81
1624985600.171,0,48.55
1624985600.173,1,63.07
1624985600.277,0,50.45
1624985600.28,1,76.13
1624985600.383,0,50.83
1624985600.386,1,92.98
1624985600.489,0,63.3
1624985600.492,1,87.51
1624985600.598,0,63.44
1624985600.601,1,63.61
1624985600.705,0,55.01
1624985600.707,1,58.53
1624985600.811,0,73.4
1624985600.819,1,95.37
1624985600.922,0,72.9
1624985600.925,1,70.14
1624985601.03,0,56.66
1624985601.033,1,59.4
1624985601.136,0,53.38
1624985601.141,1,57.58
1624985601.244,0,80.84
1624985601.247,1,79.62
1624985601.351,0,63.16
1624985601.354,1,63.71
1624985601.457,0,55.12
1624985601.46,1,58.84
1624985601.564,0,62.82
1624985601.566,1,97.16
1624985601.669,0,67.15
1624985601.672,1,67.65
1624985601.776,0,58.34
1624985601.779,1,60.55
1624985601.883,0,52.8
1624985601.886,1,56.71
1624985601.989,0,76.45
1624985601.992,1,75.89
1624985602.096,0,59.33
1624985602.099,1,60.74
1624985602.204,0,53.0
1624985602.207,1,57.02
1624985602.31,0,80.54
1624985602.313,1,79.02
1624985602.417,0,60.6
1624985602.419,1,60.85
1624985602.525,0,53.42
1624985602.528,1,57.43
1624985602.633,0,95.81
1624985602.636,1,93.12
1624985602.739,0,59.31
1624985602.748,1,61.68
1624985602.852,0,54.11
1624985602.854,1,57.91
1624985602.958,0,73.84
1624985602.961,1,68.07
1624985603.067,0,47.58
1624985603.073,1,49.85
1624985603.176,0,47.61
1624985603.179,1,49.78
1624985603.281,0,47.61
1624985603.284,1,49.78
1624985603.387,0,47.52
1624985603.39,1,49.78
1624985603.493,0,47.52
1624985603.496,1,49.68
1624985603.599,0,47.58
1624985603.603,1,49.67
1624985603.708,0,47.42
1624985603.711,1,49.58
1624985603.814,0,47.51
1624985603.817,1,49.68
1624985603.919,0,47.49
1624985603.922,1,49.66
1624985604.025,0,47.41
1624985604.028,1,49.57
1624985604.131,0,47.39
1624985604.135,1,49.56
1624985604.238,0,47.4
1624985604.24,1,49.77
1624985604.343,0,47.29
1624985604.346,1,49.56
1624985604.45,0,47.32
1624985604.452,1,49.49
1624985604.555,0,47.42
1624985604.558,1,49.58
1624985604.661,0,47.42
1624985604.667,1,49.49
1624985604.77,0,47.42
1624985604.773,1,49.49
1624985604.876,0,47.42
1624985604.879,1,49.48
1624985604.981,0,47.42
1624985604.984,1,49.58
1624985605.087,0,47.33
1624985605.09,1,49.49
1624985605.193,0,47.42
1624985605.198,1,49.49
1624985605.301,0,47.33
1624985605.304,1,49.49
1624985605.407,0,47.42
1624985605.41,1,49.49
1624985605.513,0,47.42
1624985605.516,1,49.49
1624985605.619,0,47.42
1624985605.622,1,49.48
1624985605.725,0,42.0
1624985605.728,1,49.39
1624985605.833,0,41.71
1624985605.835,1,49.49
1624985605.94,0,42.0
1624985605.943,1,49.49
1624985606.046,0,41.9
1624985606.049,1,49.39
1624985606.153,0,42.0
1624985606.156,1,49.39
1624985606.259,0,42.0
1624985606.262,1,49.57
1624985606.365,0,41.9
1624985606.369,1,49.39
1624985606.474,0,41.9
1624985606.477,1,49.58
1624985606.58,0,41.9
1624985606.582,1,49.68
1624985606.685,0,41.9
1624985606.688,1,49.39
1624985606.791,0,41.81
1624985606.794,1,49.39
1624985606.897,0,41.81
1624985606.901,1,49.39
1624985607.004,0,41.92
1624985607.007,1,49.39
1624985607.11,0,41.92
1624985607.113,1,49.39
1624985607.216,0,41.81
1624985607.218,1,49.49
1624985607.321,0,41.82
1624985607.324,1,49.39
1624985607.427,0,41.81
1624985607.43,1,49.57
1624985607.533,0,41.92
1624985607.537,1,49.31
1624985607.64,0,41.81
1624985607.643,1,49.49
1624985607.746,0,41.9
1624985607.749,1,49.49
1624985607.852,0,41.9
1624985607.855,1,49.49
1624985607.957,0,41.9
1624985607.96,1,49.38
1624985608.063,0,41.81
1624985608.073,1,49.38
1624985608.178,0,42.91
1624985608.181,1,50.9
1624985608.284,0,44.4
1624985608.287,1,76.09
1624985608.39,0,52.55
1624985608.393,1,80.47
1624985608.499,0,54.01
1624985608.504,1,63.89
1624985608.607,0,56.99
1624985608.61,1,58.49
1624985608.713,0,60.83
1624985608.716,1,62.15
1624985608.82,0,89.67
1624985608.823,1,84.83
1624985608.926,0,105.64
1624985608.929,1,122.57
1624985609.032,0,50.36
1624985609.035,1,66.44
1624985609.14,0,50.26
1624985609.143,1,55.42
1624985609.248,0,49.91
1624985609.251,1,56.3
1624985609.354,0,49.23
1624985609.357,1,57.67
1624985609.462,0,49.49
1624985609.465,1,68.54
1624985609.568,0,52.18
1624985609.57,1,74.46
1624985609.673,0,58.44
1624985609.677,1,59.08
1624985609.782,0,56.7
1624985609.787,1,58.8
1624985609.89,0,74.91
1624985609.894,1,72.8
1624985609.997,0,108.03
1624985610.0,1,121.67
1624985610.104,0,50.36
1624985610.106,1,55.72
1624985610.21,0,50.26
1624985610.213,1,55.93
1624985610.317,0,49.9
1624985610.32,1,56.21
1624985610.425,0,49.32
1624985610.431,1,57.85
1624985610.534,0,49.39
1624985610.537,1,67.88
1624985610.64,0,51.86
1624985610.643,1,90.34
1624985610.746,0,54.49
1624985610.752,1,59.83
1624985610.855,0,57.84
1624985610.858,1,59.43
1624985610.961,0,62.68
1624985610.965,1,64.49
1624985611.068,0,86.64
1624985611.073,1,83.63
1624985611.176,0,99.75
1624985611.179,1,116.53
1624985611.281,0,50.18
1624985611.284,1,55.48
1624985611.388,0,50.15
1624985611.393,1,56.05
1624985611.497,0,49.58
1624985611.499,1,57.11
1624985611.603,0,49.43
1624985611.606,1,69.38
1624985611.709,0,51.97
1624985611.714,1,87.05
1624985611.817,0,57.57
1624985611.821,1,59.26
1624985611.924,0,63.07
1624985611.927,1,64.57
1624985612.03,0,74.76
1624985612.035,1,74.02
1624985612.138,0,98.11
1624985612.141,1,115.7
1624985612.244,0,50.48
1624985612.247,1,55.55
1624985612.35,0,50.22
1624985612.356,1,55.53
1624985612.459,0,49.48
1624985612.462,1,56.85
1624985612.566,0,48.49
1624985612.569,1,61.76
1624985612.672,0,50.57
1624985612.677,1,79.03
1624985612.78,0,55.99
1624985612.783,1,62.96
1624985612.886,0,57.62
1624985612.889,1,59.51
1624985612.992,0,85.09
1624985612.998,1,80.8
1624985613.101,0,89.78
1624985613.104,1,91.75
1624985613.207,0,50.43
1624985613.21,1,60.1
1624985613.313,0,50.15
1624985613.318,1,55.78
1624985613.422,0,49.58
1624985613.425,1,56.42
1624985613.528,0,49.1
1624985613.531,1,64.4
1624985613.634,0,50.6
1624985613.639,1,79.39
1624985613.742,0,55.14
1624985613.746,1,57.42
1624985613.849,0,60.94
1624985613.852,1,62.05
1624985613.955,0,76.95
1624985613.96,1,76.59
1624985614.063,0,71.71
1624985614.067,1,72.21
1624985614.17,0,99.98
1624985614.173,1,118.19
1624985614.276,0,50.35
1624985614.281,1,55.88
1624985614.385,0,50.15
1624985614.387,1,56.16
1624985614.491,0,49.83
1624985614.494,1,57.05
1624985614.597,0,48.76
1624985614.602,1,68.11
1624985614.705,0,51.64
1624985614.708,1,83.73
1624985614.811,0,55.94
1624985614.814,1,58.2
1624985614.917,0,60.51
1624985614.923,1,61.93
1624985615.026,0,83.1
1624985615.03,1,81.81
1624985615.133,0,101.62
1624985615.136,1,113.35
1624985615.239,0,50.35
1624985615.244,1,55.55
1624985615.347,0,50.09
1624985615.35,1,56.19
1624985615.454,0,49.26
1624985615.457,1,58.03
1624985615.562,0,50.18
1624985615.564,1,77.32
1624985615.667,0,54.15
1624985615.67,1,67.32
1624985615.773,0,58.63
1624985615.776,1,60.43
1624985615.879,0,66.74
1624985615.885,1,67.1
1624985615.988,0,88.05
1624985615.992,1,85.06
1624985616.095,0,94.9
1624985616.098,1,113.47
1624985616.201,0,50.35
1624985616.206,1,55.78
1624985616.31,0,50.12
1624985616.313,1,55.84
1624985616.416,0,48.74
1624985616.419,1,60.18
1624985616.523,0,50.12
1624985616.527,1,74.06
1624985616.63,0,53.54
1624985616.633,1,78.01
1624985616.736,0,58.36
1624985616.739,1,59.99
1624985616.842,0,74.16
1624985616.849,1,70.89
1624985616.952,0,91.93
1624985616.954,1,113.24
1624985617.057,0,50.41
1624985617.06,1,55.81
1624985617.164,0,50.17
1624985617.169,1,55.96
1624985617.273,0,49.29
1624985617.276,1,58.36
1624985617.379,0,49.42
1624985617.382,1,67.75
1624985617.485,0,50.43
1624985617.49,1,88.43
1624985617.593,0,56.79
1624985617.596,1,58.47
1624985617.699,0,61.84
1624985617.704,1,61.72
1624985617.807,0,104.87
1624985617.812,1,96.98
1624985617.915,0,80.5
1624985617.918,1,100.54
1624985618.021,0,50.32
1624985618.024,1,55.95
1624985618.127,0,50.08
1624985618.132,1,56.18
1624985618.236,0,49.53
1624985618.239,1,57.8
1624985618.342,0,48.95
1624985618.345,1,65.39
1624985618.448,0,51.16
1624985618.453,1,87.18
1624985618.556,0,54.6
1624985618.56,1,63.52
1624985618.663,0,61.93
1624985618.666,1,62.19
1624985618.77,0,66.85
1624985618.775,1,68.11
1624985618.878,0,78.76
1624985618.881,1,74.04
1624985618.987,0,118.17
1624985618.99,1,136.1
1624985619.092,0,50.02
1624985619.095,1,54.94
1624985619.199,0,48.2
1624985619.202,1,55.49
1624985619.308,0,50.29
1624985619.311,1,78.77
1624985619.414,0,56.9
1624985619.417,1,59.28
1624985619.52,0,71.83
1624985619.524,1,68.03
1624985619.629,0,78.29
1624985619.631,1,99.05
1624985619.734,0,50.01
1624985619.738,1,55.14
1624985619.841,0,48.87
1624985619.844,1,57.54
1624985619.95,0,49.38
1624985619.953,1,68.49
1624985620.056,0,52.78
1624985620.059,1,73.11
1624985620.161,0,59.17
1624985620.165,1,59.06
1624985620.271,0,71.66
1624985620.274,1,71.65
1624985620.377,0,110.83
1624985620.38,1,114.77
1624985620.483,0,50.39
1624985620.486,1,78.74
1624985620.591,0,50.28
1624985620.594,1,55.88
1624985620.698,0,49.7
1624985620.701,1,56.26
1624985620.804,0,48.3
1624985620.807,1,59.85
1624985620.913,0,49.96
1624985620.915,1,82.18
1624985621.018,0,55.33
1624985621.021,1,65.66
1624985621.124,0,58.37
1624985621.128,1,59.38
1624985621.233,0,68.85
1624985621.237,1,68.27
1624985621.34,0,95.16
1624985621.343,1,92.63
1624985621.446,0,87.29
1624985621.449,1,117.15
1624985621.554,0,50.41
1624985621.557,1,55.63
1624985621.66,0,50.02
1624985621.663,1,55.82
1624985621.766,0,49.61
1624985621.769,1,57.01
1624985621.876,0,48.53
1624985621.879,1,64.09
1624985621.981,0,52.13
1624985621.984,1,90.58
1624985622.087,0,56.66
1624985622.091,1,58.13
1624985622.196,0,65.82
1624985622.2,1,66.9
1624985622.303,0,78.5
1624985622.306,1,77.17
1624985622.409,0,66.01
1624985622.412,1,105.91
1624985622.517,0,50.31
1624985622.52,1,55.81
1624985622.624,0,50.05
1624985622.626,1,56.03
1624985622.73,0,49.54
1624985622.733,1,56.4
1624985622.838,0,48.9
1624985622.841,1,70.89
1624985622.944,0,52.44
1624985622.947,1,91.14
1624985623.049,0,56.96
1624985623.053,1,60.2
1624985623.159,0,60.17
1624985623.162,1,61.97
1624985623.265,0,74.93
1624985623.268,1,73.17
1624985623.371,0,112.26
1624985623.374,1,102.83
1624985623.481,0,61.1
1624985623.483,1,86.76
1624985623.586,0,50.15
1624985623.589,1,56.03
1624985623.693,0,49.74
1624985623.696,1,56.97
1624985623.801,0,48.49
1624985623.803,1,62.44
1624985623.907,0,49.48
1624985623.91,1,77.84
1624985624.013,0,54.85
1624985624.016,1,84.34
1624985624.121,0,56.01
1624985624.125,1,57.99
1624985624.228,0,68.58
1624985624.231,1,68.27
1624985624.334,0,94.87
1624985624.338,1,84.29
1624985624.442,0,82.74
1624985624.445,1,101.07
1624985624.548,0,50.31
1624985624.551,1,55.9
1624985624.655,0,49.86
1624985624.658,1,55.99
1624985624.763,0,49.53
1624985624.766,1,57.26
1624985624.87,0,49.1
1624985624.872,1,65.62
1624985624.975,0,52.44
1624985624.978,1,93.66
1624985625.086,0,57.01
1624985625.092,1,58.39
1624985625.195,0,70.2
1624985625.198,1,68.75
1624985625.301,0,102.73
1624985625.304,1,95.59
1624985625.407,0,73.68
1624985625.412,1,94.55
1624985625.515,0,50.32
1624985625.517,1,55.64
1624985625.621,0,50.18
1624985625.625,1,55.59
1624985625.729,0,49.7
1624985625.733,1,56.74
1624985625.836,0,49.17
1624985625.839,1,72.26
1624985625.942,0,52.91
1624985625.945,1,88.02
1624985626.048,0,55.69
1624985626.054,1,58.84
1624985626.157,0,60.72
1624985626.16,1,61.59
1624985626.263,0,78.0
1624985626.267,1,74.28
1624985626.37,0,113.65
1624985626.374,1,122.62
1624985626.477,0,50.53
1624985626.48,1,56.05
1624985626.584,0,50.27
1624985626.587,1,55.96
1624985626.691,0,49.88
1624985626.695,1,56.35
1624985626.799,0,48.84
1624985626.802,1,61.31
1624985626.905,0,50.49
1624985626.908,1,77.6
1624985627.011,0,53.51
1624985627.016,1,80.81
1624985627.119,0,57.88
1624985627.122,1,59.48
1624985627.225,0,72.62
1624985627.229,1,70.1
1624985627.332,0,105.84
1624985627.337,1,103.23
1624985627.44,0,55.06
1624985627.443,1,77.59
1624985627.546,0,50.26
1624985627.549,1,55.57
1624985627.652,0,50.07
1624985627.658,1,56.24
1624985627.761,0,49.42
1624985627.764,1,59.61
1624985627.868,0,49.92
1624985627.871,1,84.41
1624985627.974,0,54.33
1624985627.979,1,71.11
1624985628.082,0,57.54
1624985628.085,1,59.8
1624985628.188,0,64.18
1624985628.192,1,65.32
1624985628.295,0,75.56
1624985628.3,1,72.76
1624985628.403,0,100.21
1624985628.406,1,119.7
1624985628.509,0,50.46
1624985628.512,1,55.57
1624985628.616,0,50.25
1624985628.621,1,56.02
1624985628.724,0,49.96
1624985628.727,1,56.61
1624985628.831,0,48.68
1624985628.833,1,61.97
1624985628.937,0,49.41
1624985628.942,1,69.66
1624985629.045,0,52.02
1624985629.047,1,95.18
1624985629.15,0,57.02
1624985629.154,1,58.87
1624985629.257,0,61.13
1624985629.263,1,62.13
1624985629.366,0,68.45
1624985629.37,1,68.53
1624985629.473,0,107.99
1624985629.475,1,115.95
1624985629.578,0,58.27
1624985629.583,1,86.3
1624985629.686,0,50.22
1624985629.689,1,56.3
1624985629.793,0,49.74
1624985629.796,1,56.57
1624985629.9,0,49.08
1624985629.904,1,68.35
1624985630.007,0,56.08
1624985630.01,1,60.45
1624985630.113,0,67.07
1624985630.117,1,65.89
1624985630.22,0,103.56
1624985630.225,1,126.37
1624985630.328,0,50.06
1624985630.331,1,55.57
1624985630.434,0,48.2
1624985630.437,1,55.39
1624985630.542,0,49.03
1624985630.546,1,66.49
1624985630.648,0,54.91
1624985630.652,1,63.07
1624985630.755,0,76.79
1624985630.759,1,73.2
1624985630.863,0,50.37
1624985630.867,1,58.99
1624985630.97,0,49.73
1624985630.973,1,54.76
1624985631.077,0,48.65
1624985631.079,1,61.64
1624985631.185,0,51.29
1624985631.188,1,91.82
1624985631.291,0,54.92
1624985631.294,1,64.79
1624985631.397,0,57.63
1624985631.401,1,59.03
1624985631.504,0,75.2
1624985631.509,1,75.32
1624985631.612,0,99.47
1624985631.615,1,94.72
1624985631.718,0,63.79
1624985631.721,1,90.42
1624985631.824,0,50.4
1624985631.829,1,55.31
1624985631.933,0,50.02
1624985631.936,1,56.67
1624985632.04,0,49.48
1624985632.043,1,58.53
1624985632.146,0,49.99
1624985632.15,1,70.33
1624985632.254,0,52.09
1624985632.257,1,95.0
1624985632.36,0,55.08
1624985632.363,1,60.78
1624985632.466,0,63.98
1624985632.472,1,63.29
1624985632.576,0,83.12
1624985632.58,1,80.98
1624985632.683,0,106.25
1624985632.686,1,119.66
1624985632.789,0,50.54
1624985632.793,1,65.16
1624985632.896,0,50.31
1624985632.899,1,56.48
1624985633.002,0,49.92
1624985633.005,1,56.57
1624985633.108,0,48.45
1624985633.113,1,62.4
1624985633.217,0,50.85
1624985633.219,1,71.44
1624985633.327,0,53.65
1624985633.33,1,78.25
1624985633.433,0,55.52
1624985633.436,1,57.95
1624985633.539,0,62.57
1624985633.544,1,61.38
1624985633.649,0,68.57
1624985633.656,1,68.88
1624985633.759,0,84.4
1624985633.762,1,81.47
1624985633.865,0,101.61
1624985633.868,1,126.35
1624985633.973,0,50.5
1624985633.976,1,69.47
1624985634.079,0,50.32
1624985634.082,1,55.85
1624985634.185,0,49.32
1624985634.188,1,58.03
1624985634.292,0,49.48
1624985634.297,1,68.58
1624985634.4,0,52.55
1624985634.403,1,92.5
1624985634.506,0,57.14
1624985634.509,1,58.66
1624985634.612,0,68.74
1624985634.618,1,65.72
1624985634.724,0,70.65
1624985634.727,1,71.55
1624985634.83,0,91.96
1624985634.834,1,88.2
1624985634.937,0,94.53
1624985634.94,1,115.83
1624985635.043,0,50.41
1624985635.047,1,61.09
1624985635.156,0,50.5
1624985635.16,1,55.91
1624985635.263,0,50.18
1624985635.266,1,56.65
1624985635.37,0,48.68
1624985635.373,1,62.46
1624985635.476,0,49.33
1624985635.48,1,68.36
1624985635.583,0,52.44
1624985635.586,1,90.79
1624985635.689,0,56.86
1624985635.692,1,58.81
1624985635.795,0,64.18
1624985635.802,1,62.94
1624985635.907,0,76.28
1624985635.911,1,74.65
1624985636.014,0,98.16
1624985636.017,1,92.93
1624985636.12,0,64.41
1624985636.123,1,93.05
1624985636.226,0,50.14
1624985636.228,1,56.03
1624985636.335,0,49.96
1624985636.338,1,56.72
1624985636.441,0,48.76
1624985636.444,1,61.85
1624985636.547,0,51.07
1624985636.552,1,82.96
1624985636.655,0,57.4
1624985636.658,1,60.6
1624985636.762,0,56.63
1624985636.766,1,59.18
1624985636.869,0,62.87
1624985636.872,1,64.18
1624985636.975,0,90.7
1624985636.978,1,85.21
1624985637.081,0,106.92
1624985637.085,1,94.45
1624985637.194,0,80.29
1624985637.197,1,99.35
1624985637.3,0,50.55
1624985637.306,1,55.68
1624985637.41,0,50.09
1624985637.412,1,56.17
1624985637.516,0,49.1
1624985637.519,1,59.21
1624985637.622,0,49.2
1624985637.627,1,66.03
1624985637.73,0,50.77
1624985637.733,1,84.26
1624985637.835,0,53.99
1624985637.839,1,61.15
1624985637.942,0,56.81
1624985637.948,1,58.97
1624985638.051,0,61.53
1624985638.056,1,62.37
1624985638.159,0,72.99
1624985638.162,1,71.76
1624985638.265,0,82.57
1624985638.271,1,75.3
1624985638.376,0,80.51
1624985638.379,1,100.7
1624985638.482,0,50.59
1624985638.485,1,55.65
1624985638.588,0,50.44
1624985638.591,1,56.31
1624985638.695,0,50.09
1624985638.698,1,56.58
1624985638.801,0,49.19
1624985638.804,1,59.19
1624985638.909,0,49.01
1624985638.912,1,65.43
1624985639.015,0,51.47
1624985639.018,1,90.12
1624985639.121,0,55.23
1624985639.124,1,57.51
1624985639.227,0,56.83
1624985639.233,1,57.82
1624985639.341,0,64.33
1624985639.345,1,65.16
1624985639.448,0,62.47
1624985639.454,1,63.38
1624985639.557,0,110.34
1624985639.561,1,102.12
1624985639.667,0,58.06
1624985639.67,1,88.65
1624985639.773,0,50.41
1624985639.776,1,55.62
1624985639.879,0,50.12
1624985639.882,1,55.97
1624985639.985,0,49.25
1624985639.988,1,59.64
1624985640.092,0,49.51
1624985640.095,1,67.94
1624985640.198,0,51.55
1624985640.201,1,87.7
1624985640.304,0,54.63
1624985640.307,1,58.13
1624985640.41,0,59.29
1624985640.416,1,59.54
1624985640.522,0,63.06
1624985640.526,1,63.81
1624985640.629,0,68.21
1624985640.633,1,68.36
1624985640.736,0,113.63
1624985640.739,1,107.35
1624985640.842,0,50.53
1624985640.845,1,55.73
1624985640.948,0,50.09
1624985640.951,1,56.54
1624985641.055,0,49.03
1624985641.058,1,59.89
1624985641.162,0,49.44
1624985641.166,1,68.71
1624985641.269,0,52.44
1624985641.272,1,88.14
1624985641.375,0,57.0
1624985641.379,1,58.62
1624985641.482,0,64.09
1624985641.486,1,63.82
1624985641.59,0,89.78
1624985641.593,1,84.31
1624985641.696,0,69.27
1624985641.701,1,85.34
1624985641.804,0,50.44
1624985641.806,1,56.03
1624985641.911,0,50.26
1624985641.914,1,56.54
1624985642.017,0,49.38
1624985642.021,1,58.84
1624985642.125,0,49.38
1624985642.128,1,67.6
1624985642.232,0,53.89
1624985642.234,1,84.85
1624985642.337,0,55.46
1624985642.343,1,58.48
1624985642.446,0,57.63
1624985642.45,1,59.58
1624985642.553,0,71.78
1624985642.556,1,71.6
1624985642.659,0,86.39
1624985642.664,1,82.54
1624985642.769,0,93.4
1624985642.772,1,113.5
1624985642.875,0,50.61
1624985642.878,1,56.01
1624985642.981,0,50.09
1624985642.986,1,56.15
1624985643.089,0,48.78
1624985643.092,1,59.35
1624985643.196,0,51.17
1624985643.199,1,81.35
1624985643.301,0,55.2
1624985643.306,1,57.38
1624985643.409,0,62.89
1624985643.413,1,63.82
1624985643.516,0,66.37
1624985643.519,1,66.93
1624985643.622,0,112.98
1624985643.627,1,118.46
1624985643.73,0,50.44
1624985643.733,1,55.93
1624985643.836,0,50.47
1624985643.839,1,56.15
1624985643.943,0,50.28
1624985643.948,1,56.07
1624985644.051,0,49.41
1624985644.054,1,57.61
1624985644.158,0,49.51
1624985644.161,1,77.04
1624985644.263,0,53.32
1624985644.269,1,92.4
1624985644.373,0,57.36
1624985644.377,1,59.14
1624985644.479,0,62.14
1624985644.483,1,62.56
1624985644.586,0,74.34
1624985644.591,1,73.11
1624985644.694,0,95.76
1624985644.696,1,118.25
1624985644.799,0,50.44
1624985644.802,1,55.55
1624985644.906,0,50.28
1624985644.911,1,56.26
1624985645.014,0,49.54
1624985645.017,1,58.61
1624985645.121,0,49.56
1624985645.124,1,75.04
1624985645.226,0,53.24
1624985645.232,1,91.43
1624985645.335,0,56.35
1624985645.338,1,58.62
1624985645.441,0,61.32
1624985645.445,1,62.63
1624985645.548,0,69.63
1624985645.553,1,69.16
1624985645.656,0,89.11
1624985645.659,1,85.62
1624985645.762,0,81.21
1624985645.765,1,101.24
1624985645.868,0,50.5
1624985645.873,1,88.31
1624985645.978,0,50.05
1624985645.981,1,56.13
1624985646.084,0,49.42
1624985646.087,1,58.46
1624985646.191,0,49.44
1624985646.194,1,68.62
1624985646.297,0,52.61
1624985646.3,1,84.57
1624985646.403,0,57.39
1624985646.407,1,59.28
1624985646.51,0,57.88
1624985646.515,1,59.91
1624985646.618,0,84.44
1624985646.622,1,82.39
1624985646.725,0,87.91
1624985646.728,1,109.28
1624985646.831,0,50.56
1624985646.836,1,55.59
1624985646.94,0,50.08
1624985646.942,1,56.04
1624985647.046,0,49.8
1624985647.049,1,57.7
1624985647.152,0,49.21
1624985647.157,1,65.63
1624985647.26,0,51.28
1624985647.263,1,94.79
1624985647.366,0,56.25
1624985647.369,1,58.49
1624985647.472,0,57.54
1624985647.478,1,59.52
1624985647.581,0,67.18
1624985647.585,1,67.47
1624985647.688,0,80.97
1624985647.692,1,79.7
1624985647.795,0,101.89
1624985647.799,1,121.96
1624985647.902,0,50.47
1624985647.905,1,55.99
1624985648.009,0,49.95
1624985648.012,1,56.2
1624985648.115,0,49.57
1624985648.12,1,57.38
1624985648.224,0,49.29
1624985648.226,1,68.21
1624985648.329,0,53.91
1624985648.332,1,74.21
1624985648.435,0,56.29
1624985648.441,1,58.24
1624985648.544,0,64.71
1624985648.547,1,65.24
1624985648.65,0,85.26
1624985648.654,1,83.9
1624985648.757,0,53.1
1624985648.761,1,56.01
1624985648.864,0,47.65
1624985648.867,1,49.91
1624985648.97,0,49.8
1624985648.973,1,57.21
1624985649.076,0,48.81
1624985649.082,1,60.74
1624985649.185,0,49.45
1624985649.188,1,74.83
1624985649.291,0,53.16
1624985649.294,1,74.59
1624985649.397,0,55.83
1624985649.403,1,57.8
1624985649.506,0,59.8
1624985649.509,1,61.56
1624985649.612,0,75.21
1624985649.616,1,74.09
1624985649.719,0,88.74
1624985649.724,1,86.27
1624985649.827,0,50.55
1624985649.83,1,77.03
1624985649.933,0,50.25
1624985649.936,1,56.05
1624985650.039,0,49.99
1624985650.045,1,56.64
1624985650.148,0,48.78
1624985650.151,1,61.68
1624985650.254,0,50.83
1624985650.257,1,85.38
1624985650.36,0,54.43
1624985650.366,1,73.95
1624985650.469,0,61.61
1624985650.472,1,62.63
1624985650.575,0,62.23
1624985650.578,1,63.28
1624985650.682,0,113.19
1624985650.686,1,110.65
1624985650.789,0,62.6
1624985650.792,1,84.22
1624985650.895,0,50.54
1624985650.898,1,55.8
1624985651.002,0,50.28
1624985651.007,1,56.35
1624985651.11,0,49.64
1624985651.113,1,57.55
1624985651.217,0,49.22
1624985651.219,1,70.93
1624985651.322,0,51.48
1624985651.328,1,88.32
1624985651.431,0,55.69
1624985651.434,1,57.96
1624985651.537,0,64.06
1624985651.54,1,65.21
1624985651.643,0,75.32
1624985651.649,1,75.3
1624985651.752,0,96.0
1624985651.756,1,90.76
1624985651.859,0,50.5
1624985651.861,1,74.35
1624985651.964,0,50.51
1624985651.97,1,55.94
1624985652.073,0,49.99
1624985652.076,1,56.48
1624985652.18,0,48.33
1624985652.183,1,60.47
1624985652.286,0,51.14
1624985652.291,1,86.85
1624985652.393,0,57.09
1624985652.397,1,59.33
1624985652.5,0,88.12
1624985652.504,1,83.16
1624985652.607,0,63.15
1624985652.612,1,80.41
1624985652.715,0,49.63
1624985652.718,1,54.34
1624985652.821,0,48.57
1624985652.824,1,64.6
1624985652.927,0,55.12
1624985652.932,1,69.68
1624985653.035,0,75.17
1624985653.039,1,74.5
1624985653.142,0,72.91
1624985653.145,1,100.21
1624985653.247,0,49.99
1624985653.253,1,54.71
1624985653.356,0,48.28
1624985653.359,1,57.36
1624985653.462,0,53.73
1624985653.465,1,84.58
1624985653.568,0,58.81
1624985653.574,1,60.62
1624985653.677,0,106.12
1624985653.68,1,98.26
1624985653.783,0,50.51
1624985653.786,1,55.46
1624985653.89,0,49.38
1624985653.894,1,54.99
1624985653.998,0,48.92
1624985654.001,1,64.1
1624985654.104,0,55.17
1624985654.107,1,58.18
1624985654.21,0,62.91
1624985654.216,1,63.47
1624985654.319,0,77.09
1624985654.323,1,75.95
1624985654.426,0,118.92
1624985654.428,1,128.67
1624985654.531,0,50.74
1624985654.536,1,75.77
1624985654.639,0,50.2
1624985654.642,1,56.26
1624985654.746,0,49.9
1624985654.748,1,56.94
1624985654.852,0,48.74
1624985654.857,1,65.18
1624985654.96,0,50.63
1624985654.963,1,80.21
1624985655.066,0,53.06
1624985655.069,1,73.28
1624985655.172,0,58.05
1624985655.175,1,59.54
1624985655.278,0,63.34
1624985655.281,1,63.88
1624985655.385,0,83.24
1624985655.389,1,80.96
1624985655.492,0,77.04
1624985655.495,1,106.42
1624985655.6,0,50.39
1624985655.603,1,55.99
1624985655.707,0,50.09
1624985655.71,1,56.54
1624985655.814,0,49.64
1624985655.821,1,58.22
1624985655.924,0,49.9
1624985655.927,1,73.28
1624985656.03,0,53.41
1624985656.033,1,88.12
1624985656.136,0,56.81
1624985656.141,1,58.98
1624985656.244,0,65.04
1624985656.247,1,65.59
1624985656.35,0,109.17
1624985656.354,1,104.78
1624985656.457,0,95.78
1624985656.462,1,118.09
1624985656.565,0,50.48
1624985656.568,1,56.5
1624985656.671,0,50.1
1624985656.674,1,56.7
1624985656.777,0,48.87
1624985656.783,1,60.46
1624985656.886,0,49.41
1624985656.889,1,69.68
1624985656.992,0,52.27
1624985656.995,1,91.88
1624985657.098,0,56.43
1624985657.105,1,57.75
1624985657.21,0,58.26
1624985657.214,1,60.33
1624985657.317,0,77.08
1624985657.321,1,75.37
1624985657.424,0,118.09
1624985657.426,1,107.43
1624985657.531,0,50.68
1624985657.534,1,55.83
1624985657.638,0,50.39
1624985657.64,1,56.21
1624985657.744,0,50.19
1624985657.747,1,56.21
1624985657.853,0,49.61
1624985657.856,1,58.05
1624985657.959,0,49.32
1624985657.962,1,66.41
1624985658.065,0,52.19
1624985658.068,1,95.54
1624985658.173,0,55.95
1624985658.177,1,58.03
1624985658.28,0,61.7
1624985658.283,1,63.2
1624985658.386,0,89.33
1624985658.389,1,81.98
1624985658.494,0,96.14
1624985658.497,1,93.97
1624985658.6,0,50.66
1624985658.603,1,89.17
1624985658.707,0,50.39
1624985658.71,1,55.73
1624985658.815,0,50.03
1624985658.818,1,57.11
1624985658.922,0,48.97
1624985658.924,1,61.36
1624985659.028,0,50.64
1624985659.031,1,82.54
1624985659.136,0,54.73
1624985659.139,1,61.21
1624985659.242,0,57.98
1624985659.249,1,59.69
1624985659.352,0,67.46
1624985659.355,1,67.67
1624985659.458,0,128.66
1624985659.461,1,147.21
1624985659.564,0,50.68
1624985659.57,1,77.52
1624985659.673,0,50.45
1624985659.676,1,55.7
1624985659.779,0,50.16
1624985659.782,1,56.67
1624985659.886,0,49.1
1624985659.89,1,59.09
1624985659.994,0,50.58
1624985659.997,1,87.24
1624985660.1,0,55.74
1624985660.103,1,65.42
1624985660.206,0,58.8
1624985660.213,1,59.34
1624985660.319,0,62.83
1624985660.323,1,63.95
1624985660.426,0,64.16
1624985660.432,1,65.29
1624985660.535,0,81.38
1624985660.539,1,79.66
1624985660.642,0,76.98
1624985660.645,1,95.04
1624985660.748,0,50.54
1624985660.753,1,56.28
1624985660.856,0,50.16
1624985660.859,1,56.28
1624985660.962,0,49.2
1624985660.965,1,59.19
1624985661.069,0,49.17
1624985661.074,1,66.88
1624985661.177,0,52.45
1624985661.18,1,83.66
1624985661.283,0,57.27
1624985661.286,1,58.76
1624985661.389,0,59.11
1624985661.395,1,60.89
1624985661.498,0,72.6
1624985661.501,1,72.32
1624985661.604,0,119.27
1624985661.607,1,135.95
1624985661.71,0,50.73
1624985661.717,1,89.33
1624985661.823,0,50.46
1624985661.826,1,56.58
1624985661.929,0,50.16
1624985661.932,1,56.58
1624985662.035,0,49.29
1624985662.038,1,58.03
1624985662.144,0,49.58
1624985662.147,1,68.35
1624985662.25,0,52.13
1624985662.253,1,93.98
1624985662.356,0,56.6
1624985662.359,1,59.34
1624985662.465,0,58.92
1624985662.468,1,60.52
1624985662.571,0,74.78
1624985662.574,1,73.44
1624985662.677,0,116.43
1624985662.681,1,102.73
1624985662.785,0,65.67
1624985662.788,1,87.68
1624985662.891,0,50.36
1624985662.894,1,55.71
1624985662.997,0,50.16
1624985663.0,1,56.31
1624985663.106,0,49.78
1624985663.109,1,57.64
1624985663.213,0,50.13
1624985663.216,1,73.14
1624985663.318,0,53.11
1624985663.323,1,93.63
1624985663.427,0,57.1
1624985663.431,1,59.08
1624985663.534,0,64.1
1624985663.537,1,64.55
1624985663.64,0,119.81
1624985663.643,1,106.7
1624985663.748,0,89.75
1624985663.751,1,111.19
1624985663.854,0,50.46
1624985663.857,1,55.8
1624985663.96,0,50.26
1624985663.963,1,56.5
1624985664.069,0,49.6
1624985664.072,1,57.56
1624985664.175,0,49.29
1624985664.178,1,72.0
1624985664.281,0,52.65
1624985664.284,1,85.89
1624985664.39,0,58.15
1624985664.393,1,59.94
1624985664.496,0,68.96
1624985664.5,1,69.43
1624985664.603,0,85.11
1624985664.606,1,78.45
1624985664.711,0,92.8
1624985664.714,1,115.12
1624985664.816,0,50.65
1624985664.819,1,56.11
1624985664.923,0,50.36
1624985664.927,1,56.21
1624985665.032,0,49.88
1624985665.035,1,57.27
1624985665.139,0,49.68
1624985665.141,1,70.26
1624985665.244,0,53.11
1624985665.247,1,90.76
1624985665.353,0,55.36
1624985665.356,1,66.1
1624985665.459,0,65.43
1624985665.462,1,66.09
1624985665.565,0,64.79
1624985665.57,1,63.96
1624985665.673,0,75.26
1624985665.677,1,75.01
1624985665.78,0,83.64
1624985665.783,1,104.98
1624985665.886,0,50.55
1624985665.891,1,55.83
1624985665.995,0,50.29
1624985665.998,1,56.11
1624985666.101,0,49.03
1624985666.104,1,60.55
1624985666.208,0,50.06
1624985666.213,1,71.91
1624985666.316,0,54.68
1624985666.319,1,65.92
1624985666.423,0,56.22
1624985666.426,1,58.2
1624985666.529,0,59.85
1624985666.54,1,61.76
1624985666.642,0,63.9
1624985666.646,1,63.76
1624985666.749,0,89.6
1624985666.752,1,83.25
1624985666.856,0,88.15
1624985666.859,1,104.18
1624985666.962,0,50.65
1624985666.965,1,56.21
1624985667.069,0,50.19
1624985667.072,1,56.69
1624985667.177,0,49.71
1624985667.18,1,59.0
1624985667.284,0,49.96
1624985667.286,1,72.55
1624985667.389,0,54.48
1624985667.392,1,88.29
1624985667.498,0,57.67
1624985667.501,1,59.37
1624985667.604,0,74.52
1624985667.61,1,73.29
1624985667.713,0,78.28
1624985667.716,1,74.23
1624985667.819,0,89.67
1624985667.822,1,111.68
1624985667.925,0,50.55
1624985667.928,1,56.29
1624985668.031,0,50.37
1624985668.035,1,56.31
1624985668.14,0,49.81
1624985668.143,1,56.5
1624985668.246,0,48.84
1624985668.249,1,61.22
1624985668.353,0,49.67
1624985668.361,1,75.55
1624985668.464,0,53.72
1624985668.466,1,84.65
1624985668.569,0,62.46
1624985668.573,1,63.31
1624985668.676,0,68.31
1624985668.679,1,68.87
1624985668.782,0,115.96
1624985668.786,1,130.6
1624985668.889,0,50.65
1624985668.892,1,56.03
1624985668.995,0,50.37
1624985668.998,1,55.91
1624985669.103,0,49.81
1624985669.105,1,57.17
1624985669.209,0,49.39
1624985669.212,1,70.86
1624985669.315,0,52.74
1624985669.318,1,93.9
1624985669.423,0,58.73
1624985669.427,1,60.42
1624985669.531,0,59.12
1624985669.537,1,60.63
1624985669.64,0,68.59
1624985669.644,1,69.35
1624985669.747,0,82.54
1624985669.75,1,82.03
1624985669.853,0,67.48
1624985669.856,1,92.44
1624985669.959,0,50.48
1624985669.964,1,56.12
1624985670.067,0,49.91
1624985670.07,1,56.6
1624985670.173,0,49.03
1624985670.176,1,62.87
1624985670.279,0,51.19
1624985670.282,1,77.96
1624985670.386,0,53.44
1624985670.395,1,76.2
1624985670.498,0,55.76
1624985670.501,1,57.93
1624985670.607,0,63.35
1624985670.61,1,64.37
1624985670.713,0,72.18
1624985670.72,1,71.27
1624985670.823,0,109.36
1624985670.825,1,113.01
1624985670.928,0,50.55
1624985670.931,1,73.25
1624985671.036,0,50.47
1624985671.039,1,56.11
1624985671.143,0,49.99
1624985671.147,1,56.31
1624985671.251,0,48.84
1624985671.253,1,60.07
1624985671.357,0,50.4
1624985671.36,1,87.17
1624985671.463,0,56.34
1624985671.466,1,59.08
1624985671.57,0,65.63
1624985671.575,1,65.99
1624985671.678,0,96.74
1624985671.681,1,117.58
1624985671.784,0,50.39
1624985671.787,1,55.54
1624985671.891,0,48.94
1624985671.894,1,56.23
1624985671.998,0,49.2
1624985672.003,1,66.43
1624985672.106,0,57.38
1624985672.11,1,59.46
1624985672.213,0,62.36
1624985672.216,1,63.31
1624985672.319,0,66.12
1624985672.323,1,66.0
1624985672.426,0,112.99
1624985672.43,1,120.53
1624985672.533,0,50.65
1624985672.536,1,57.96
1624985672.641,0,50.38
1624985672.644,1,55.72
1624985672.748,0,50.0
1624985672.751,1,56.61
1624985672.854,0,49.1
1624985672.857,1,68.05
1624985672.96,0,52.15
1624985672.965,1,93.27
1624985673.068,0,58.44
1624985673.071,1,59.66
1624985673.175,0,62.46
1624985673.179,1,63.5
1624985673.281,0,86.82
1624985673.285,1,83.7
1624985673.388,0,82.18
1624985673.391,1,119.08
1624985673.496,0,50.65
1624985673.499,1,56.31
1624985673.602,0,50.28
1624985673.605,1,56.52
1624985673.709,0,48.94
1624985673.711,1,58.93
1624985673.817,0,48.83
1624985673.822,1,62.21
1624985673.926,0,50.81
1624985673.929,1,80.36
1624985674.031,0,54.6
1624985674.035,1,63.05
1624985674.138,0,62.46
1624985674.141,1,62.63
1624985674.246,0,86.59
1624985674.249,1,81.21
1624985674.352,0,103.71
1624985674.355,1,114.39
1624985674.459,0,50.58
1624985674.462,1,55.54
1624985674.565,0,50.19
1624985674.568,1,56.21
1624985674.672,0,48.64
1624985674.675,1,61.32
1624985674.78,0,49.29
1624985674.787,1,67.57
1624985674.89,0,51.86
1624985674.893,1,90.3
1624985674.995,0,55.85
1624985674.999,1,57.64
1624985675.102,0,58.54
1624985675.106,1,60.23
1624985675.209,0,72.73
1624985675.212,1,72.14
1624985675.315,0,107.5
1624985675.318,1,98.36
1624985675.422,0,62.91
1624985675.425,1,89.98
1624985675.528,0,50.39
1624985675.534,1,55.94
1624985675.637,0,49.91
1624985675.64,1,56.99
1624985675.744,0,49.13
1624985675.746,1,59.8
1624985675.851,0,50.33
1624985675.855,1,83.41
1624985675.958,0,55.47
1624985675.961,1,66.88
1624985676.064,0,59.98
1624985676.068,1,61.68
1624985676.171,0,66.77
1624985676.176,1,67.24
1624985676.279,0,92.64
1624985676.282,1,87.13
1624985676.385,0,70.31
1624985676.388,1,88.15
1624985676.491,0,50.66
1624985676.496,1,55.92
1624985676.599,0,50.2
1624985676.602,1,56.02
1624985676.707,0,49.62
1624985676.71,1,58.35
1624985676.813,0,49.29
1624985676.817,1,68.95
1624985676.92,0,51.88
1624985676.923,1,92.43
1624985677.027,0,57.09
1624985677.031,1,59.28
1624985677.134,0,58.25
1624985677.139,1,60.52
1624985677.242,0,90.77
1624985677.245,1,87.34
1624985677.348,0,87.41
1624985677.351,1,116.04
1624985677.455,0,50.57
1624985677.459,1,57.64
1624985677.563,0,50.38
1624985677.566,1,56.11
1624985677.669,0,49.91
1624985677.672,1,56.71
1624985677.776,0,48.92
1624985677.78,1,64.51
1624985677.883,0,51.29
1624985677.886,1,80.36
1624985677.99,0,53.14
1624985677.993,1,70.06
1624985678.096,0,56.51
1624985678.102,1,58.6
1624985678.205,0,60.55
1624985678.208,1,62.07
1624985678.311,0,96.9
1624985678.315,1,91.24
1624985678.418,0,96.67
1624985678.422,1,111.01
1624985678.525,0,50.46
1624985678.528,1,55.52
1624985678.632,0,50.2
1624985678.635,1,56.41
1624985678.738,0,49.91
1624985678.743,1,58.24
1624985678.846,0,48.92
1624985678.849,1,65.85
1624985678.952,0,51.29
1624985678.955,1,95.2
1624985679.059,0,56.52
1624985679.064,1,58.51
1624985679.167,0,60.65
1624985679.17,1,61.66
1624985679.273,0,68.11
1624985679.277,1,69.19
1624985679.38,0,96.98
1624985679.385,1,92.8
1624985679.488,0,76.78
1624985679.491,1,98.08
1624985679.594,0,50.66
1624985679.597,1,56.4
1624985679.7,0,50.47
1624985679.706,1,55.8
1624985679.809,0,49.91
1624985679.812,1,56.79
1624985679.916,0,48.84
1624985679.919,1,61.51
1624985680.022,0,50.44
1624985680.026,1,74.19
1624985680.129,0,54.39
1624985680.132,1,78.91
1624985680.235,0,60.35
1624985680.239,1,61.47
1624985680.342,0,83.03
1624985680.347,1,80.18
1624985680.45,0,108.86
1624985680.453,1,113.93
1624985680.556,0,50.66
1624985680.559,1,71.73
1624985680.662,0,50.55
1624985680.668,1,56.31
1624985680.772,0,50.09
1624985680.775,1,56.69
1624985680.879,0,49.12
1624985680.881,1,60.54
1624985680.985,0,49.95
1624985680.989,1,74.68
1624985681.092,0,57.57
1624985681.095,1,59.47
1624985681.198,0,75.77
1624985681.202,1,74.83
1624985681.304,0,87.58
1624985681.31,1,85.04
1624985681.413,0,97.59
1624985681.416,1,117.47
1624985681.519,0,50.55
1624985681.522,1,56.4
1624985681.625,0,50.17
1624985681.631,1,56.69
1624985681.734,0,49.61
1624985681.737,1,59.79
1624985681.84,0,49.1
1624985681.843,1,69.59
1624985681.946,0,51.81
1624985681.952,1,84.06
1624985682.055,0,57.86
1624985682.058,1,59.87
1624985682.162,0,67.06
1624985682.166,1,67.56
1624985682.269,0,75.86
1624985682.273,1,75.5
1624985682.376,0,89.19
1624985682.379,1,108.88
1624985682.482,0,50.68
1624985682.485,1,56.01
1624985682.588,0,50.66
1624985682.594,1,55.8
1624985682.698,0,50.39
1624985682.701,1,56.22
1624985682.804,0,49.81
1624985682.808,1,57.39
1624985682.912,0,48.74
1624985682.916,1,61.41
1624985683.022,0,50.62
1624985683.025,1,76.01
1624985683.127,0,53.16
1624985683.13,1,80.04
1624985683.233,0,58.06
1624985683.237,1,58.61
1624985683.342,0,68.14
1624985683.346,1,67.82
1624985683.449,0,71.77
1624985683.453,1,70.69
1624985683.556,0,98.18
1624985683.559,1,106.16
1624985683.663,0,50.67
1624985683.666,1,76.79
1624985683.769,0,50.39
1624985683.772,1,56.03
1624985683.875,0,49.52
1624985683.878,1,57.48
1624985683.984,0,49.29
1624985683.987,1,68.54
1624985684.09,0,52.06
1624985684.093,1,92.26
1624985684.196,0,56.84
1624985684.199,1,65.35
1624985684.305,0,56.43
1624985684.308,1,58.61
1624985684.411,0,76.65
1624985684.415,1,74.14
1624985684.518,0,81.41
1624985684.521,1,78.0
1624985684.625,0,93.34
1624985684.628,1,110.03
1624985684.731,0,50.57
1624985684.734,1,56.21
1624985684.838,0,50.49
1624985684.841,1,56.41
1624985684.947,0,49.62
1624985684.949,1,57.68
1624985685.053,0,49.03
1624985685.056,1,63.15
1624985685.159,0,51.47
1624985685.162,1,83.31
1624985685.267,0,56.25
1624985685.271,1,58.51
1624985685.373,0,59.79
1624985685.377,1,61.02
1624985685.48,0,72.03
1624985685.483,1,69.35
1624985685.588,0,112.04
1624985685.591,1,108.35
1624985685.694,0,50.67
1624985685.697,1,56.75
1624985685.8,0,50.49
1624985685.803,1,55.62
1624985685.909,0,50.2
1624985685.912,1,56.98
1624985686.016,0,49.04
1624985686.019,1,60.36
1624985686.122,0,49.68
1624985686.125,1,67.79
1624985686.229,0,51.57
1624985686.232,1,87.57
1624985686.335,0,54.71
1624985686.339,1,57.17
1624985686.442,0,60.08
1624985686.446,1,60.45
1624985686.55,0,63.52
1624985686.554,1,64.47
1624985686.657,0,76.72
1624985686.66,1,75.19
1624985686.763,0,107.8
1624985686.766,1,129.76
1624985686.871,0,50.67
1624985686.874,1,56.21
1624985686.977,0,50.39
1624985686.98,1,56.22
1624985687.084,0,49.52
1624985687.087,1,57.29
1624985687.192,0,49.3
1624985687.195,1,65.66
1624985687.298,0,51.97
1624985687.301,1,93.5
1624985687.403,0,56.73
1624985687.409,1,58.42
1624985687.513,0,60.86
1624985687.516,1,62.27
1624985687.619,0,64.0
1624985687.624,1,65.42
1624985687.727,0,109.93
1624985687.731,1,102.61
1624985687.834,0,67.13
1624985687.837,1,90.01
1624985687.94,0,50.56
1624985687.943,1,55.81
1624985688.046,0,50.28
1624985688.051,1,56.31
1624985688.155,0,49.42
1624985688.158,1,58.35
1624985688.261,0,48.94
1624985688.264,1,63.37
1624985688.367,0,50.63
1624985688.372,1,74.3
1624985688.476,0,54.81
1624985688.479,1,64.95
1624985688.582,0,61.03
1624985688.586,1,62.26
1624985688.689,0,70.61
1624985688.693,1,71.75
1624985688.796,0,99.6
1624985688.799,1,94.02
1624985688.902,0,50.58
1624985688.905,1,66.66
1624985689.008,0,50.49
1624985689.014,1,56.32
1624985689.117,0,50.09
1624985689.12,1,56.52
1624985689.224,0,49.33
1624985689.228,1,59.6
1624985689.332,0,49.2
1624985689.336,1,67.49
1624985689.438,0,53.8
1624985689.441,1,87.61
1624985689.544,0,59.89
1624985689.548,1,61.5
1624985689.651,0,68.22
1624985689.657,1,67.53
1624985689.76,0,118.98
1624985689.762,1,124.4
1624985689.865,0,52.39
1624985689.868,1,82.27
1624985689.971,0,50.58
1624985689.977,1,56.03
1624985690.082,0,49.91
1624985690.085,1,57.28
1624985690.189,0,49.0
1624985690.192,1,67.49
1624985690.295,0,50.52
1624985690.298,1,89.45
1624985690.401,0,57.09
1624985690.404,1,59.0
1624985690.507,0,59.5
1624985690.51,1,61.1
1624985690.613,0,73.56
1624985690.618,1,72.41
1624985690.721,0,102.39
1624985690.725,1,97.05
1624985690.828,0,75.01
1624985690.832,1,96.19
1624985690.935,0,50.65
1624985690.939,1,64.72
1624985691.043,0,50.46
1624985691.045,1,55.9
1624985691.149,0,50.16
1624985691.152,1,56.67
1624985691.255,0,49.87
1624985691.26,1,58.51
1624985691.364,0,49.28
1624985691.367,1,71.8
1624985691.469,0,52.63
1624985691.472,1,90.66
1624985691.575,0,56.31
1624985691.581,1,65.61
1624985691.686,0,58.83
1624985691.69,1,60.81
1624985691.793,0,65.53
1624985691.796,1,66.74
1624985691.899,0,99.43
1624985691.903,1,94.25
1624985692.006,0,60.9
1624985692.009,1,82.83
1624985692.111,0,50.55
1624985692.114,1,55.82
1624985692.218,0,50.26
1624985692.223,1,56.38
1624985692.327,0,48.71
1624985692.329,1,63.06
1624985692.433,0,50.71
1624985692.437,1,78.51
1624985692.539,0,54.97
1624985692.545,1,71.46
1624985692.648,0,61.2
1624985692.651,1,61.76
1624985692.754,0,72.13
1624985692.758,1,71.65
1624985692.861,0,99.38
1624985692.865,1,93.72
1624985692.968,0,81.79
1624985692.971,1,100.82
1624985693.074,0,50.55
1624985693.077,1,55.8
1624985693.181,0,49.97
1624985693.186,1,56.77
1624985693.289,0,49.1
1624985693.292,1,61.12
1624985693.396,0,50.31
1624985693.399,1,82.73
1624985693.502,0,54.0
1624985693.507,1,70.1
1624985693.61,0,59.77
1624985693.613,1,61.18
1624985693.716,0,75.36
1624985693.72,1,74.2
1624985693.823,0,84.06
1624985693.828,1,81.11
1624985693.931,0,50.74
1624985693.934,1,81.36
1624985694.037,0,50.45
1624985694.041,1,56.0
1624985694.145,0,50.07
1624985694.149,1,56.88
1624985694.253,0,48.62
1624985694.255,1,63.14
1624985694.359,0,52.8
1624985694.361,1,95.21
1624985694.464,0,55.35
1624985694.47,1,57.52
1624985694.573,0,61.78
1624985694.577,1,63.39
1624985694.679,0,75.94
1624985694.683,1,72.97
1624985694.786,0,116.79
1624985694.791,1,108.5
1624985694.894,0,50.65
1624985694.897,1,55.8
1624985695.001,0,50.36
1624985695.004,1,56.48
1624985695.107,0,49.87
1624985695.112,1,57.93
1624985695.215,0,49.87
1624985695.218,1,69.01
1624985695.321,0,51.83
1624985695.324,1,90.41
1624985695.426,0,54.29
1624985695.432,1,70.6
1624985695.535,0,59.58
1624985695.539,1,61.28
1624985695.641,0,69.55
1624985695.645,1,69.04
1624985695.748,0,131.48
1624985695.753,1,142.24
1624985695.856,0,50.74
1624985695.859,1,71.73
1624985695.962,0,50.36
1624985695.965,1,55.71
1624985696.068,0,50.07
1624985696.074,1,57.27
1624985696.177,0,48.91
1624985696.18,1,61.9
1624985696.284,0,50.9
1624985696.286,1,79.67
1624985696.389,0,55.17
1624985696.395,1,64.76
1624985696.498,0,59.28
1624985696.501,1,60.12
1624985696.604,0,61.21
1624985696.608,1,62.62
1624985696.711,0,85.77
1624985696.716,1,82.45
1624985696.819,0,106.77
1624985696.822,1,126.95
1624985696.925,0,50.65
1624985696.928,1,56.0
1624985697.031,0,50.46
1624985697.036,1,56.0
1624985697.14,0,49.87
1624985697.143,1,56.89
1624985697.246,0,49.29
1624985697.249,1,66.62
1624985697.352,0,51.08
1624985697.358,1,83.13
1624985697.461,0,54.59
1624985697.464,1,69.56
1624985697.567,0,58.7
1624985697.57,1,60.41
1624985697.673,0,68.68
1624985697.679,1,69.34
1624985697.782,0,96.48
1624985697.785,1,91.42
1624985697.888,0,82.09
1624985697.891,1,102.6
1624985697.994,0,50.65
1624985697.999,1,56.0
1624985698.105,0,50.26
1624985698.108,1,56.69
1624985698.212,0,49.49
1624985698.214,1,58.14
1624985698.318,0,49.1
1624985698.321,1,66.12
1624985698.425,0,50.5
1624985698.428,1,88.68
1624985698.531,0,54.01
1624985698.534,1,66.11
1624985698.637,0,60.72
1624985698.641,1,62.07
1624985698.744,0,69.92
1624985698.747,1,70.21
1624985698.85,0,78.42
1624985698.854,1,75.83
1624985698.957,0,113.8
1624985698.961,1,120.52
1624985699.064,0,50.65
1624985699.067,1,56.01
1624985699.171,0,50.26
1624985699.174,1,56.6
1624985699.278,0,49.79
1624985699.282,1,57.74
1624985699.385,0,47.78
1624985699.388,1,49.96
1624985699.493,0,49.1
1624985699.496,1,60.93
1624985699.599,0,50.13
1624985699.603,1,75.36
1624985699.706,0,53.42
1624985699.709,1,82.11
1624985699.812,0,56.8
1624985699.815,1,58.31
1624985699.921,0,60.63
1624985699.924,1,61.68
1624985700.027,0,77.65
1624985700.031,1,75.2
1624985700.134,0,112.32
1624985700.137,1,91.49
1624985700.243,0,60.62
1624985700.246,1,78.42
1624985700.349,0,50.65
1624985700.353,1,55.9
1624985700.456,0,50.36
1624985700.459,1,56.5
1624985700.563,0,50.07
1624985700.565,1,56.58
1624985700.669,0,49.28
1624985700.672,1,68.53
1624985700.775,0,52.62
1624985700.777,1,88.03
1624985700.88,0,56.9
1624985700.886,1,58.19
1624985700.992,0,58.33
1624985700.995,1,60.02
1624985701.098,0,70.0
1624985701.102,1,69.88
1624985701.205,0,101.78
1624985701.208,1,100.94
1624985701.311,0,69.45
1624985701.314,1,96.7
1624985701.418,0,50.55
1624985701.421,1,56.19
1624985701.524,0,50.16
1624985701.528,1,56.48
1624985701.632,0,48.81
1624985701.634,1,60.35
1624985701.738,0,49.55
1624985701.741,1,67.57
1624985701.849,0,51.95
1624985701.851,1,91.63
1624985701.954,0,56.02
1624985701.96,1,57.99
1624985702.063,0,58.74
1624985702.067,1,59.85
1624985702.172,0,70.94
1624985702.175,1,71.9
1624985702.278,0,76.57
1624985702.282,1,72.53
1624985702.385,0,110.37
1624985702.391,1,110.94
1624985702.494,0,50.62
1624985702.497,1,56.26
1624985702.6,0,50.19
1624985702.603,1,56.39
1624985702.706,0,49.0
1624985702.711,1,61.07
1624985702.814,0,50.19
1624985702.817,1,73.22
1624985702.92,0,53.06
1624985702.923,1,83.07
1624985703.026,0,56.9
1624985703.032,1,58.88
1624985703.135,0,65.03
1624985703.138,1,65.86
1624985703.241,0,78.91
1624985703.245,1,75.9
1624985703.348,0,101.75
1624985703.353,1,119.35
1624985703.455,0,50.63
1624985703.458,1,56.05
1624985703.562,0,50.35
1624985703.565,1,56.3
1624985703.668,0,50.06
1624985703.673,1,56.71
1624985703.783,0,49.38
1624985703.786,1,58.84
1624985703.889,0,48.93
1624985703.894,1,63.44
1624985703.997,0,52.7
1624985704.0,1,93.07
1624985704.103,0,54.42
1624985704.106,1,64.03
1624985704.21,0,57.65
1624985704.215,1,59.44
1624985704.318,0,63.76
1624985704.322,1,64.69
1624985704.425,0,82.71
1624985704.428,1,79.97
1624985704.531,0,111.83
1624985704.536,1,122.29
1624985704.639,0,50.6
1624985704.641,1,56.0
1624985704.745,0,50.22
1624985704.748,1,56.19
1624985704.851,0,49.32
1624985704.856,1,58.06
1624985704.96,0,49.83
1624985704.964,1,69.7
1624985705.067,0,53.04
1624985705.07,1,86.97
1624985705.173,0,56.61
1624985705.178,1,58.49
1624985705.281,0,57.09
1624985705.284,1,59.46
1624985705.387,0,77.85
1624985705.391,1,72.81
1624985705.496,0,111.39
1624985705.499,1,109.9
1624985705.602,0,50.62
1624985705.605,1,56.8
1624985705.708,0,50.19
1624985705.711,1,56.5
1624985705.814,0,49.35
1624985705.819,1,57.06
1624985705.93,0,48.87
1624985705.933,1,63.4
1624985706.036,0,50.47
1624985706.04,1,77.83
1624985706.143,0,55.08
1624985706.146,1,67.65
1624985706.249,0,60.08
1624985706.252,1,60.55
1624985706.357,0,68.05
1624985706.361,1,68.03
1624985706.464,0,89.44
1624985706.47,1,81.07
1624985706.573,0,78.72
1624985706.576,1,100.74
1624985706.679,0,50.47
1624985706.683,1,55.8
1624985706.787,0,50.06
1624985706.789,1,55.86
1624985706.893,0,49.6
1624985706.896,1,58.26
1624985706.999,0,49.99
1624985707.003,1,71.25
1624985707.106,0,53.81
1624985707.109,1,70.53
1624985707.213,0,56.51
1624985707.217,1,58.49
1624985707.32,0,61.89
1624985707.324,1,62.81
1624985707.427,0,109.28
1624985707.431,1,102.37
1624985707.534,0,109.11
1624985707.537,1,124.61
1624985707.64,0,50.63
1624985707.645,1,56.24
1624985707.748,0,49.88
1624985707.751,1,57.26
1624985707.855,0,48.78
1624985707.858,1,59.55
1624985707.966,0,49.41
1624985707.969,1,70.15
1624985708.072,0,55.12
1624985708.075,1,70.25
1624985708.178,0,56.4
1624985708.181,1,57.99
1624985708.286,0,65.46
1624985708.29,1,66.33
1624985708.393,0,72.32
1624985708.397,1,70.98
1624985708.499,0,100.24
1624985708.502,1,124.51
1624985708.607,0,50.57
1624985708.61,1,56.19
1624985708.714,0,50.27
1624985708.717,1,56.37
1624985708.82,0,49.85
1624985708.823,1,57.07
1624985708.929,0,48.88
1624985708.931,1,59.58
1624985709.035,0,49.4
1624985709.038,1,73.39
1624985709.141,0,52.45
1624985709.143,1,97.06
1624985709.249,0,56.66
1624985709.253,1,58.65
1624985709.356,0,59.5
1624985709.359,1,60.91
1624985709.462,0,68.33
1624985709.466,1,67.1
1624985709.571,0,113.18
1624985709.575,1,97.75
1624985709.678,0,52.73
1624985709.681,1,81.23
1624985709.784,0,50.52
1624985709.79,1,55.66
1624985709.894,0,50.12
1624985709.897,1,56.12
1624985710.0,0,49.22
1624985710.003,1,60.03
1624985710.107,0,50.05
1624985710.111,1,71.33
1624985710.214,0,54.75
1624985710.217,1,68.59
1624985710.32,0,59.6
1624985710.323,1,60.82
1624985710.426,0,58.51
1624985710.432,1,60.58
1624985710.535,0,74.2
1624985710.538,1,72.3
1624985710.641,0,94.15
1624985710.644,1,109.86
1624985710.747,0,50.61
1624985710.752,1,55.67
1624985710.856,0,50.47
1624985710.859,1,55.71
1624985710.962,0,50.03
1624985710.965,1,56.41
1624985711.07,0,48.98
1624985711.074,1,59.2
1624985711.177,0,50.12
1624985711.181,1,71.93
1624985711.284,0,54.47
1624985711.287,1,74.44
1624985711.39,0,55.43
1624985711.395,1,57.58
1624985711.498,0,65.69
1624985711.501,1,66.06
1624985711.604,0,74.84
1624985711.608,1,72.76
1624985711.711,0,91.56
1624985711.715,1,106.09
1624985711.818,0,50.59
1624985711.821,1,55.63
1624985711.924,0,50.31
1624985711.927,1,56.41
1624985712.031,0,49.74
1624985712.036,1,57.84
1624985712.14,0,49.1
1624985712.143,1,69.18
1624985712.245,0,52.27
1624985712.248,1,82.12
1624985712.351,0,56.59
1624985712.357,1,58.41
1624985712.46,0,70.54
1624985712.464,1,71.01
1624985712.567,0,93.35
1624985712.57,1,86.5
1624985712.675,0,98.42
1624985712.678,1,119.46
1624985712.781,0,50.53
1624985712.786,1,55.55
1624985712.889,0,50.41
1624985712.892,1,55.92
1624985712.995,0,50.28
1624985712.999,1,56.37
1624985713.103,0,49.06
1624985713.106,1,61.14
1624985713.209,0,50.14
1624985713.212,1,72.78
1624985713.315,0,53.4
1624985713.32,1,85.33
1624985713.423,0,57.4
1624985713.426,1,59.45
1624985713.529,0,66.64
1624985713.533,1,66.35
1624985713.636,0,89.16
1624985713.642,1,86.5
1624985713.745,0,97.82
1624985713.748,1,111.54
1624985713.851,0,50.44
1624985713.853,1,56.33
1624985713.957,0,49.77
1624985713.962,1,56.91
1624985714.065,0,48.72
1624985714.068,1,62.03
1624985714.172,0,50.82
1624985714.175,1,76.31
1624985714.279,0,53.98
1624985714.282,1,82.89
1624985714.385,0,61.03
1624985714.389,1,61.87
1624985714.492,0,68.85
1624985714.496,1,69.17
1624985714.599,0,98.92
1624985714.604,1,95.34
1624985714.707,0,52.59
1624985714.709,1,79.85
1624985714.812,0,50.31
1624985714.815,1,55.92
1624985714.919,0,49.73
1624985714.924,1,57.61
1624985715.027,0,49.74
1624985715.03,1,73.47
1624985715.133,0,56.56
1624985715.136,1,66.28
1624985715.239,0,60.83
1624985715.245,1,62.15
1624985715.348,0,65.97
1624985715.352,1,65.25
1624985715.455,0,79.92
1624985715.458,1,78.09
1624985715.561,0,104.54
1624985715.566,1,117.24
1624985715.669,0,50.54
1624985715.672,1,55.85
1624985715.775,0,50.19
1624985715.778,1,56.65
1624985715.883,0,49.12
1624985715.887,1,61.84
1624985715.99,0,49.13
1624985715.993,1,69.99
1624985716.096,0,52.11
1624985716.099,1,92.87
1624985716.202,0,54.15
1624985716.208,1,74.41
1624985716.311,0,59.0
1624985716.314,1,60.61
1624985716.417,0,71.52
1624985716.421,1,70.46
1624985716.524,0,119.99
1624985716.529,1,113.94
1624985716.632,0,50.66
1624985716.635,1,56.02
1624985716.738,0,48.34
1624985716.741,1,52.97
1624985716.844,0,49.61
1624985716.849,1,69.19
1624985716.952,0,52.87
1624985716.955,1,82.32
1624985717.058,0,57.25
1624985717.062,1,58.95
1624985717.165,0,57.59
1624985717.171,1,59.27
1624985717.273,0,88.95
1624985717.277,1,85.98
1624985717.38,0,101.41
1624985717.383,1,124.37
1624985717.487,0,50.67
1624985717.491,1,79.81
1624985717.594,0,50.41
1624985717.597,1,56.19
1624985717.7,0,49.45
1624985717.703,1,58.32
1624985717.807,0,48.92
1624985717.812,1,63.55
1624985717.915,0,49.86
1624985717.918,1,81.2
1624985718.021,0,55.22
1624985718.024,1,67.99
1624985718.127,0,56.87
1624985718.133,1,58.08
1624985718.236,0,59.39
1624985718.24,1,60.78
1624985718.343,0,74.52
1624985718.346,1,73.41
1624985718.449,0,113.26
1624985718.454,1,111.62
1624985718.557,0,50.76
1624985718.56,1,81.35
1624985718.663,0,50.34
1624985718.666,1,56.05
1624985718.769,0,49.83
1624985718.774,1,57.09
1624985718.878,0,48.78
1624985718.88,1,66.42
1624985718.983,0,51.86
1624985718.986,1,90.1
1624985719.091,0,54.83
1624985719.095,1,66.63
1624985719.199,0,60.05
1624985719.202,1,61.38
1624985719.305,0,67.26
1624985719.308,1,68.28
1624985719.411,0,85.74
1624985719.417,1,82.27
1624985719.52,0,79.78
1624985719.522,1,98.81
1624985719.625,0,50.5
1624985719.628,1,55.6
1624985719.732,0,50.31
1624985719.737,1,56.14
1624985719.841,0,49.7
1624985719.843,1,58.16
1624985719.947,0,49.89
1624985719.95,1,72.0
1624985720.053,0,53.04
1624985720.058,1,91.36
1624985720.161,0,57.89
1624985720.164,1,59.39
1624985720.267,0,64.89
1624985720.271,1,64.78
1624985720.374,0,90.51
1624985720.379,1,84.74
1624985720.482,0,80.02
1624985720.485,1,101.73
1624985720.588,0,50.57
1624985720.591,1,56.0
1624985720.696,0,50.1
1624985720.7,1,56.07
1624985720.804,0,49.32
1624985720.807,1,58.57
1624985720.91,0,50.57
1624985720.913,1,74.18
1624985721.016,0,55.21
1624985721.021,1,75.15
1624985721.124,0,57.65
1624985721.128,1,59.35
1624985721.231,0,70.5
1624985721.234,1,70.12
1624985721.337,0,84.7
1624985721.342,1,81.09
1624985721.445,0,76.67
1624985721.448,1,95.4
1624985721.551,0,50.63
1624985721.553,1,55.66
1624985721.657,0,50.25
1624985721.662,1,56.45
1624985721.766,0,49.86
1624985721.769,1,57.45
1624985721.873,0,49.22
1624985721.875,1,64.7
1624985721.979,0,50.51
1624985721.983,1,75.71
1624985722.087,0,54.72
1624985722.09,1,67.41
1624985722.193,0,59.11
1624985722.196,1,60.44
1624985722.301,0,67.35
1624985722.304,1,66.74
1624985722.408,0,86.59
1624985722.411,1,83.47
1624985722.514,0,80.5
1624985722.517,1,97.97
1624985722.62,0,50.57
1624985722.625,1,55.87
1624985722.729,0,50.37
1624985722.732,1,56.34
1624985722.835,0,49.05
1624985722.838,1,60.29
1624985722.941,0,50.89
1624985722.945,1,88.15
1624985723.049,0,55.71
1624985723.053,1,57.86
1624985723.156,0,63.78
1624985723.159,1,65.0
1624985723.262,0,94.84
1624985723.267,1,89.76
1624985723.37,0,79.0
1624985723.373,1,97.0
1624985723.476,0,50.57
1624985723.479,1,56.44
1624985723.582,0,50.28
1624985723.587,1,56.46
1624985723.691,0,49.41
1624985723.694,1,58.86
1624985723.798,0,49.37
1624985723.801,1,69.32
1624985723.905,0,53.07
1624985723.909,1,94.04
1624985724.012,0,55.49
1624985724.016,1,57.44
1624985724.119,0,65.84
1624985724.122,1,66.08
1624985724.225,0,98.31
1624985724.229,1,92.35
1624985724.333,0,73.42
1624985724.336,1,96.73
1624985724.438,0,50.5
1624985724.441,1,56.32
1624985724.545,0,50.57
1624985724.55,1,56.25
1624985724.654,0,50.09
1624985724.657,1,57.07
1624985724.76,0,49.0
1624985724.763,1,60.74
1624985724.867,0,50.39
1624985724.871,1,80.12
1624985724.974,0,54.89
1624985724.977,1,76.72
1624985725.08,0,58.76
1624985725.084,1,60.39
1624985725.187,0,67.14
1624985725.192,1,66.75
1624985725.295,0,102.84
1624985725.298,1,93.68
1624985725.401,0,75.85
1624985725.404,1,99.54
1624985725.507,0,50.54
1624985725.514,1,55.45
1624985725.618,0,50.4
1624985725.621,1,56.3
1624985725.724,0,49.56
1624985725.727,1,59.03
1624985725.83,0,49.86
1624985725.834,1,75.28
1624985725.937,0,54.69
1624985725.94,1,71.82
1624985726.043,0,59.19
1624985726.047,1,60.6
1624985726.15,0,77.08
1624985726.155,1,74.04
1624985726.258,0,102.61
1624985726.261,1,121.9
1624985726.364,0,50.59
1624985726.367,1,56.22
1624985726.47,0,50.47
1624985726.475,1,56.35
1624985726.579,0,49.51
1624985726.582,1,59.14
1624985726.685,0,50.15
1624985726.688,1,77.09
1624985726.791,0,54.39
1624985726.796,1,81.59
1624985726.899,0,58.13
1624985726.902,1,59.62
1624985727.005,0,69.83
1624985727.009,1,69.85
1624985727.112,0,88.72
1624985727.119,1,81.64
1624985727.222,0,63.24
1624985727.225,1,84.54
1624985727.328,0,50.54
1624985727.331,1,55.95
1624985727.434,0,50.09
1624985727.439,1,56.37
1624985727.542,0,49.29
1624985727.545,1,59.99
1624985727.648,0,50.07
1624985727.651,1,72.19
1624985727.754,0,53.65
1624985727.759,1,74.09
1624985727.862,0,58.79
1624985727.866,1,60.07
1624985727.969,0,73.39
1624985727.972,1,73.29
1624985728.075,0,105.79
1624985728.081,1,98.76
1624985728.184,0,68.38
1624985728.187,1,86.81
1624985728.289,0,50.63
1624985728.292,1,55.59
1624985728.396,0,50.13
1624985728.401,1,56.15
1624985728.505,0,49.29
1624985728.508,1,58.87
1624985728.612,0,49.48
1624985728.615,1,68.08
1624985728.718,0,52.29
1624985728.723,1,85.95
1624985728.826,0,56.96
1624985728.83,1,58.83
1624985728.933,0,66.6
1624985728.936,1,67.16
1624985729.039,0,79.01
1624985729.044,1,77.69
1624985729.147,0,104.41
1624985729.15,1,123.15
1624985729.252,0,50.58
1624985729.255,1,56.2
1624985729.359,0,50.28
1624985729.364,1,56.34
1624985729.468,0,49.83
1624985729.47,1,57.65
1624985729.574,0,49.13
1624985729.577,1,64.41
1624985729.68,0,50.49
1624985729.685,1,90.1
1624985729.788,0,54.47
1624985729.791,1,67.99
1624985729.894,0,61.48
1624985729.898,1,62.62
1624985730.001,0,68.12
1624985730.007,1,68.32
1624985730.11,0,116.75
1624985730.113,1,114.89
1624985730.217,0,50.73
1624985730.22,1,66.04
1624985730.323,0,50.63
1624985730.33,1,55.64
1624985730.433,0,50.12
1624985730.436,1,56.46
1624985730.539,0,49.16
1624985730.542,1,58.63
1624985730.648,0,49.45
1624985730.651,1,68.76
1624985730.754,0,53.02
1624985730.757,1,79.34
1624985730.86,0,59.49
1624985730.864,1,60.31
1624985730.969,0,66.51
1624985730.972,1,66.79
1624985731.075,0,111.78
1624985731.078,1,104.68
1624985731.181,0,50.65
1624985731.184,1,81.47
1624985731.289,0,50.47
1624985731.292,1,55.67
1624985731.396,0,50.33
1624985731.399,1,57.12
1624985731.502,0,49.22
1624985731.505,1,58.83
1624985731.611,0,50.14
1624985731.613,1,70.68
1624985731.716,0,53.33
1624985731.719,1,88.87
1624985731.822,0,56.67
1624985731.826,1,58.17
1624985731.931,0,61.33
1624985731.935,1,62.37
1624985732.038,0,75.71
1624985732.041,1,73.96
1624985732.144,0,106.47
1624985732.147,1,93.92
1624985732.252,0,64.1
1624985732.255,1,93.82
1624985732.358,0,50.27
1624985732.361,1,56.34
1624985732.464,0,49.03
1624985732.467,1,59.32
1624985732.573,0,49.41
1624985732.576,1,68.14
1624985732.679,0,52.23
1624985732.682,1,92.95
1624985732.785,0,54.69
1624985732.788,1,62.61
1624985732.894,0,57.39
1624985732.898,1,59.16
1624985733.001,0,78.62
1624985733.005,1,76.99
1624985733.108,0,105.16
1624985733.111,1,96.67
1624985733.215,0,66.96
1624985733.219,1,90.12
1624985733.323,0,50.66
1624985733.326,1,56.0
1624985733.43,0,50.4
1624985733.433,1,56.5
1624985733.537,0,50.28
1624985733.544,1,56.49
1624985733.647,0,49.8
1624985733.65,1,56.97
1624985733.753,0,49.0
1624985733.756,1,62.13
1624985733.859,0,50.15
1624985733.865,1,78.89
1624985733.968,0,55.22
1624985733.971,1,64.18
1624985734.074,0,60.45
1624985734.078,1,61.83
1624985734.181,0,64.22
1624985734.184,1,65.48
1624985734.287,0,72.47
1624985734.291,1,72.35
1624985734.394,0,90.7
1624985734.396,1,113.03
1624985734.499,0,50.34
1624985734.502,1,56.22
1624985734.606,0,49.74
1624985734.609,1,57.05
1624985734.712,0,49.16
1624985734.715,1,63.49
1624985734.819,0,50.21
1624985734.822,1,74.18
1624985734.925,0,55.28
1624985734.928,1,63.56
1624985735.031,0,59.75
1624985735.035,1,60.42
1624985735.14,0,64.05
1624985735.144,1,64.12
1624985735.247,0,94.53
1624985735.25,1,91.43
1624985735.353,0,92.97
1624985735.356,1,119.13
1624985735.461,0,68.72
1624985735.468,1,102.19
1624985735.571,0,50.52
1624985735.574,1,55.9
1624985735.678,0,50.31
1624985735.681,1,56.6
1624985735.784,0,48.89
1624985735.787,1,61.1
1624985735.89,0,51.57
1624985735.893,1,94.49
1624985735.996,0,56.77
1624985735.999,1,58.74
1624985736.102,0,65.07
1624985736.106,1,65.24
1624985736.209,0,89.31
1624985736.212,1,87.12
1624985736.315,0,89.44
1624985736.32,1,112.2
1624985736.423,0,50.73
1624985736.426,1,56.05
1624985736.53,0,50.47
1624985736.533,1,56.09
1624985736.636,0,50.09
1624985736.639,1,57.55
1624985736.744,0,49.51
1624985736.747,1,59.73
1624985736.85,0,48.98
1624985736.853,1,68.49
1624985736.956,0,50.79
1624985736.959,1,74.19
1624985737.065,0,55.58
1624985737.068,1,62.79
1624985737.171,0,56.55
1624985737.175,1,58.43
1624985737.278,0,67.12
1624985737.281,1,66.07
1624985737.385,0,81.03
1624985737.389,1,78.23
1624985737.492,0,83.16
1624985737.495,1,107.91
1624985737.598,0,50.76
1624985737.608,1,62.24
1624985737.711,0,50.57
1624985737.714,1,56.71
1624985737.817,0,49.86
1624985737.82,1,57.65
1624985737.924,0,49.25
1624985737.926,1,67.22
1624985738.029,0,51.17
1624985738.032,1,83.26
1624985738.137,0,56.19
1624985738.14,1,58.07
1624985738.243,0,62.98
1624985738.247,1,64.1
1624985738.35,0,83.04
1624985738.353,1,80.57
1624985738.456,0,95.28
1624985738.459,1,114.6
1624985738.562,0,50.73
1624985738.565,1,56.03
1624985738.669,0,50.73
1624985738.672,1,56.32
1624985738.775,0,50.1
1624985738.778,1,57.44
1624985738.882,0,49.0
1624985738.885,1,61.34
1624985738.99,0,50.53
1624985738.993,1,85.2
1624985739.096,0,54.42
1624985739.101,1,79.02
1624985739.204,0,57.48
1624985739.207,1,59.05
1624985739.311,0,63.78
1624985739.314,1,64.32
1624985739.417,0,76.39
1624985739.421,1,75.74
1624985739.524,0,97.43
1624985739.527,1,107.8
1624985739.631,0,50.63
1624985739.634,1,55.68
1624985739.739,0,50.22
1624985739.742,1,56.39
1624985739.846,0,49.51
1624985739.848,1,58.12
1624985739.953,0,49.58
1624985739.957,1,71.01
1624985740.06,0,50.69
1624985740.065,1,84.89
1624985740.168,0,56.19
1624985740.171,1,62.96
1624985740.274,0,58.36
1624985740.278,1,60.28
1624985740.381,0,61.83
1624985740.384,1,63.12
1624985740.487,0,72.83
1624985740.491,1,71.65
1624985740.594,0,97.11
1624985740.598,1,92.12
1624985740.701,0,62.9
1624985740.704,1,86.41
1624985740.807,0,50.57
1624985740.809,1,56.46
1624985740.915,0,50.3
1624985740.918,1,56.58
1624985741.021,0,49.03
1624985741.024,1,62.35
1624985741.127,0,50.64
1624985741.13,1,74.34
1624985741.235,0,56.63
1624985741.239,1,65.26
1624985741.343,0,58.55
1624985741.347,1,60.15
1624985741.45,0,76.97
1624985741.453,1,75.62
1624985741.556,0,116.54
1624985741.559,1,111.84
1624985741.662,0,50.73
1624985741.665,1,56.06
1624985741.769,0,50.19
1624985741.772,1,56.27
1624985741.878,0,49.13
1624985741.88,1,60.28
1624985741.984,0,50.04
1624985741.988,1,79.07
1624985742.091,0,53.96
1624985742.093,1,91.42
1624985742.198,0,55.08
1624985742.201,1,58.58
1624985742.304,0,57.92
1624985742.311,1,58.68
1624985742.414,0,60.21
1624985742.417,1,62.64
1624985742.52,0,88.58
1624985742.524,1,86.99
1624985742.627,0,100.06
1624985742.629,1,115.56
1624985742.732,0,50.59
1624985742.736,1,56.38
1624985742.84,0,50.25
1624985742.843,1,56.96
1624985742.947,0,49.22
1624985742.95,1,60.34
1624985743.053,0,50.18
1624985743.057,1,77.35
1624985743.16,0,55.62
1624985743.164,1,57.89
1624985743.267,0,57.41
1624985743.27,1,59.48
1624985743.373,0,69.08
1624985743.378,1,69.35
1624985743.481,0,108.82
1624985743.485,1,105.07
1624985743.588,0,71.57
1624985743.59,1,99.26
1624985743.693,0,50.6
1624985743.699,1,56.48
1624985743.802,0,50.12
1624985743.805,1,56.68
1624985743.909,0,49.53
1624985743.912,1,59.81
1624985744.015,0,49.93
1624985744.02,1,70.17
1624985744.123,0,52.84
1624985744.125,1,79.3
1624985744.228,0,58.36
1624985744.232,1,59.86
1624985744.335,0,60.43
1624985744.341,1,61.56
1624985744.444,0,64.6
1624985744.448,1,64.97
1624985744.551,0,105.48
1624985744.554,1,125.47
1624985744.657,0,50.6
1624985744.662,1,56.11
1624985744.765,0,50.38
1624985744.768,1,56.26
1624985744.872,0,49.57
1624985744.875,1,58.82
1624985744.978,0,49.62
1624985744.982,1,76.78
1624985745.085,0,55.14
1624985745.089,1,62.93
1624985745.192,0,60.61
1624985745.195,1,61.52
1624985745.298,0,64.68
1624985745.303,1,65.81
1624985745.406,0,86.06
1624985745.41,1,85.36
1624985745.513,0,91.32
1624985745.516,1,107.45
1624985745.618,0,50.66
1624985745.624,1,79.52
1624985745.727,0,50.67
1624985745.73,1,56.45
1624985745.834,0,50.38
1624985745.837,1,56.49
1624985745.94,0,49.74
1624985745.945,1,57.74
1624985746.049,0,49.17
1624985746.051,1,64.23
1624985746.154,0,50.79
1624985746.157,1,80.6
1624985746.26,0,54.98
1624985746.266,1,66.39
1624985746.369,0,60.47
1624985746.372,1,61.44
1624985746.475,0,67.84
1624985746.479,1,67.13
1624985746.582,0,81.94
1624985746.587,1,79.85
1624985746.69,0,106.12
1624985746.693,1,124.8
1624985746.796,0,50.51
1624985746.799,1,56.19
1624985746.902,0,50.38
1624985746.908,1,56.31
1624985747.012,0,49.93
1624985747.015,1,56.93
1624985747.118,0,49.29
1624985747.121,1,70.89
1624985747.224,0,52.45
1624985747.229,1,90.39
1624985747.332,0,57.36
1624985747.336,1,59.33
1624985747.439,0,63.17
1624985747.442,1,63.82
1624985747.545,0,74.04
1624985747.55,1,73.21
1624985747.655,0,107.41
1624985747.658,1,120.81
1624985747.761,0,50.66
1624985747.764,1,55.96
1624985747.867,0,50.37
1624985747.871,1,56.18
1624985747.974,0,49.48
1624985747.977,1,59.31
1624985748.08,0,50.39
1624985748.083,1,76.03
1624985748.186,0,53.95
1624985748.191,1,84.67
1624985748.294,0,58.48
1624985748.297,1,59.8
1624985748.4,0,60.12
1624985748.404,1,61.61
1624985748.507,0,78.19
1624985748.512,1,76.97
1624985748.615,0,105.08
1624985748.618,1,118.68
1624985748.721,0,50.74
1624985748.724,1,67.0
1624985748.827,0,50.35
1624985748.833,1,56.52
1624985748.937,0,49.67
1624985748.94,1,58.07
1624985749.043,0,48.87
1624985749.046,1,61.82
1624985749.149,0,51.49
1624985749.154,1,83.82
1624985749.256,0,54.98
1624985749.26,1,60.98
1624985749.363,0,59.26
1624985749.366,1,61.15
1624985749.469,0,68.9
1624985749.475,1,68.39
1624985749.578,0,87.89
1624985749.582,1,85.61
1624985749.685,0,76.65
1624985749.687,1,97.11
1624985749.79,0,50.7
1624985749.796,1,55.82
1624985749.899,0,50.45
1624985749.902,1,56.25
1624985750.006,0,50.09
1624985750.009,1,57.05
1624985750.112,0,48.92
1624985750.116,1,63.23
1624985750.22,0,50.02
1624985750.222,1,74.83
1624985750.325,0,55.16
1624985750.328,1,66.94
1624985750.431,0,55.69
1624985750.438,1,58.04
1624985750.541,0,61.37
1624985750.544,1,62.78
1624985750.647,0,77.45
1624985750.65,1,74.99
1624985750.753,0,98.25
1624985750.759,1,87.37
1624985750.863,0,99.46
1624985750.866,1,121.34
1624985750.969,0,50.5
1624985750.972,1,56.67
1624985751.076,0,50.18
1624985751.08,1,57.13
1624985751.183,0,49.48
1624985751.186,1,59.89
1624985751.289,0,49.26
1624985751.292,1,71.24
1624985751.395,0,52.16
1624985751.4,1,87.21
1624985751.503,0,53.67
1624985751.506,1,71.6
1624985751.609,0,58.76
1624985751.613,1,60.47
1624985751.716,0,65.87
1624985751.722,1,65.58
1624985751.825,0,86.09
1624985751.828,1,82.04
1624985751.931,0,81.05
1624985751.936,1,117.52
1624985752.042,0,50.53
1624985752.044,1,55.97
1624985752.148,0,50.22
1624985752.151,1,56.68
1624985752.254,0,49.32
1624985752.257,1,58.62
1624985752.363,0,50.98
1624985752.366,1,82.0
1624985752.469,0,55.1
1624985752.472,1,70.36
1624985752.575,0,58.71
1624985752.578,1,59.46
1624985752.683,0,65.22
1624985752.687,1,65.87
1624985752.79,0,83.31
1624985752.793,1,80.77
1624985752.896,0,114.04
1624985752.899,1,114.77
1624985753.004,0,55.52
1624985753.007,1,84.15
1624985753.11,0,50.53
1624985753.113,1,55.95
1624985753.216,0,49.7
1624985753.219,1,56.94
1624985753.325,0,49.09
1624985753.328,1,64.34
1624985753.431,0,51.99
1624985753.434,1,93.0
1624985753.537,0,56.52
1624985753.541,1,58.03
1624985753.646,0,60.28
1624985753.649,1,61.5
1624985753.752,0,83.06
1624985753.756,1,80.5
1624985753.859,0,103.94
1624985753.862,1,112.94
1624985753.967,0,50.28
1624985753.969,1,54.09
1624985754.072,0,69.5
1624985754.076,1,70.55
1624985754.179,0,91.12
1624985754.182,1,124.48
1624985754.288,0,50.59
1624985754.291,1,56.2
1624985754.394,0,50.34
1624985754.397,1,56.33
1624985754.5,0,49.73
1624985754.503,1,57.67
1624985754.608,0,49.82
1624985754.611,1,75.39
1624985754.714,0,52.31
1624985754.717,1,85.85
1624985754.82,0,58.11
1624985754.823,1,59.14
1624985754.929,0,62.11
1624985754.933,1,63.73
1624985755.035,0,78.35
1624985755.039,1,77.02
1624985755.142,0,118.4
1624985755.145,1,108.55
1624985755.25,0,54.93
1624985755.253,1,87.55
1624985755.355,0,50.6
1624985755.358,1,56.01
1624985755.462,0,50.04
1624985755.465,1,56.99
1624985755.57,0,49.45
1624985755.573,1,58.61
1624985755.677,0,50.09
1624985755.68,1,71.95
1624985755.782,0,52.95
1624985755.785,1,90.69
1624985755.891,0,55.19
1624985755.895,1,57.53
1624985755.998,0,57.78
1624985756.001,1,59.76
1624985756.104,0,68.13
1624985756.108,1,66.82
1624985756.212,0,98.36
1624985756.215,1,93.72
1624985756.318,0,72.43
1624985756.321,1,103.77
1624985756.424,0,50.59
1624985756.427,1,56.47
1624985756.533,0,50.28
1624985756.536,1,56.57
1624985756.64,0,48.91
1624985756.642,1,60.35
1624985756.746,0,49.77
1624985756.749,1,74.14
1624985756.854,0,53.16
1624985756.856,1,83.01
1624985756.959,0,58.02
1624985756.963,1,59.89
1624985757.066,0,58.23
1624985757.069,1,59.85
1624985757.176,0,62.55
1624985757.179,1,62.98
1624985757.282,0,82.42
1624985757.286,1,80.26
1624985757.389,0,70.47
1624985757.392,1,98.66
1624985757.496,0,50.63
1624985757.498,1,56.16
1624985757.602,0,49.97
1624985757.605,1,56.72
1624985757.708,0,49.09
1624985757.711,1,62.27
1624985757.817,0,49.93
1624985757.819,1,71.93
1624985757.922,0,53.09
1624985757.925,1,91.34
1624985758.028,0,57.2
1624985758.031,1,58.51
1624985758.137,0,64.74
1624985758.141,1,65.0
1624985758.244,0,83.48
1624985758.247,1,80.34
1624985758.35,0,108.71
1624985758.353,1,107.85
1624985758.458,0,50.79
1624985758.461,1,70.81
1624985758.564,0,50.3
1624985758.567,1,56.26
1624985758.67,0,49.8
1624985758.673,1,57.21
1624985758.78,0,49.28
1624985758.783,1,64.9
1624985758.886,0,50.94
1624985758.889,1,97.11
1624985758.992,0,57.3
1624985758.996,1,58.9
1624985759.1,0,63.2
1624985759.103,1,64.13
1624985759.206,0,83.01
1624985759.21,1,79.74
1624985759.313,0,109.12
1624985759.315,1,110.23
1624985759.421,0,50.7
1624985759.424,1,62.85
1624985759.527,0,50.53
1624985759.53,1,56.35
1624985759.633,0,49.9
1624985759.636,1,57.42
1624985759.742,0,48.68
1624985759.745,1,64.54
1624985759.848,0,51.21
1624985759.851,1,83.79
1624985759.954,0,56.05
1624985759.957,1,70.19
1624985760.062,0,56.77
1624985760.066,1,58.63
1624985760.169,0,58.81
1624985760.172,1,60.79
1624985760.275,0,76.06
1624985760.279,1,71.43
1624985760.385,0,116.49
1624985760.388,1,113.79
1624985760.491,0,50.77
1624985760.494,1,77.04
1624985760.597,0,50.39
1624985760.6,1,56.36
1624985760.705,0,50.09
1624985760.708,1,56.94
1624985760.811,0,49.06
1624985760.814,1,62.48
1624985760.917,0,50.51
1624985760.92,1,74.0
1624985761.026,0,54.84
1624985761.029,1,64.84
1624985761.132,0,59.18
1624985761.135,1,61.15
1624985761.238,0,66.23
1624985761.242,1,65.21
1624985761.346,0,78.77
1624985761.35,1,76.31
1624985761.453,0,104.85
1624985761.458,1,96.41
1624985761.56,0,65.75
1624985761.563,1,99.21
1624985761.667,0,50.76
1624985761.67,1,56.02
1624985761.774,0,50.38
1624985761.777,1,57.05
1624985761.881,0,49.0
1624985761.884,1,58.06
1624985761.992,0,48.81
1624985761.995,1,63.12
1624985762.098,0,49.99
1624985762.101,1,79.49
1624985762.203,0,52.43
1624985762.209,1,90.74
1624985762.312,0,57.76
1624985762.315,1,59.53
1624985762.418,0,68.06
1624985762.421,1,68.55
1624985762.524,0,103.63
1624985762.53,1,94.19
1624985762.633,0,50.74
1624985762.636,1,74.07
1624985762.738,0,50.6
1624985762.741,1,56.2
1624985762.845,0,49.93
1624985762.85,1,57.15
1624985762.954,0,48.97
1624985762.956,1,61.2
1624985763.06,0,50.01
1624985763.063,1,71.48
1624985763.166,0,52.93
1624985763.171,1,72.3
1624985763.274,0,56.88
1624985763.277,1,58.76
1624985763.38,0,69.25
1624985763.384,1,69.32
1624985763.487,0,87.28
1624985763.492,1,86.69
1624985763.595,0,50.73
1624985763.598,1,55.76
1624985763.701,0,49.1
1624985763.704,1,55.58
1624985763.807,0,49.26
1624985763.813,1,64.23
1624985763.916,0,55.03
1624985763.919,1,69.95
1624985764.022,0,64.8
1624985764.025,1,65.25
1624985764.128,0,97.21
1624985764.134,1,93.44
1624985764.237,0,50.45
1624985764.24,1,55.77
1624985764.343,0,49.77
1624985764.346,1,55.17
1624985764.45,0,48.97
1624985764.454,1,61.56
1624985764.557,0,54.31
1624985764.56,1,72.09
1624985764.663,0,64.04
1624985764.667,1,64.89
1624985764.77,0,101.06
1624985764.776,1,99.17
1624985764.879,0,50.5
1624985764.882,1,55.32
1624985764.985,0,49.45
1624985764.988,1,55.24
1624985765.091,0,49.29
1624985765.096,1,65.52
1624985765.203,0,55.54
1624985765.206,1,67.96
1624985765.309,0,65.68
1624985765.313,1,66.9
1624985765.416,0,116.58
1624985765.419,1,118.01
1624985765.524,0,50.47
1624985765.527,1,55.11
1624985765.63,0,48.36
1624985765.633,1,56.15
1624985765.736,0,50.66
1624985765.739,1,78.47
1624985765.842,0,55.43
1624985765.846,1,57.7
1624985765.949,0,71.18
1624985765.952,1,70.89
1624985766.055,0,87.18
1624985766.059,1,103.89
1624985766.162,0,50.35
1624985766.165,1,55.51
1624985766.27,0,48.46
1624985766.273,1,56.55
1624985766.376,0,50.54
1624985766.38,1,79.06
1624985766.483,0,57.98
1624985766.486,1,58.92
1624985766.592,0,75.88
1624985766.595,1,75.26
1624985766.698,0,82.61
1624985766.701,1,103.02
1624985766.804,0,50.24
1624985766.807,1,55.39
1624985766.911,0,48.61
1624985766.913,1,58.99
1624985767.021,0,51.75
1624985767.023,1,82.56
1624985767.126,0,68.01
1624985767.13,1,67.34
1624985767.233,0,102.4
1624985767.236,1,108.84
1624985767.338,0,50.65
1624985767.342,1,55.11
1624985767.446,0,49.1
1624985767.448,1,54.88
1624985767.552,0,49.22
1624985767.555,1,65.28
1624985767.658,0,54.58
1624985767.663,1,84.23
1624985767.768,0,62.06
1624985767.774,1,62.81
1624985767.877,0,119.24
1624985767.879,1,133.62
1624985767.982,0,50.5
1624985767.985,1,55.14
1624985768.089,0,49.41
1624985768.092,1,55.13
1624985768.196,0,49.7
1624985768.199,1,79.63
1624985768.302,0,58.19
1624985768.305,1,59.88
1624985768.408,0,82.39
1624985768.412,1,78.6
1624985768.515,0,59.74
1624985768.518,1,87.5
1624985768.62,0,50.25
1624985768.625,1,55.37
1624985768.729,0,48.4
1624985768.732,1,57.77
1624985768.835,0,50.21
1624985768.838,1,75.68
1624985768.941,0,56.56
1624985768.947,1,71.26
1624985769.055,0,63.96
1624985769.058,1,64.25
1624985769.161,0,96.76
1624985769.167,1,91.04
1624985769.27,0,50.66
1624985769.273,1,61.25
1624985769.379,0,49.87
1624985769.382,1,55.31
1624985769.485,0,48.64
1624985769.488,1,61.04
1624985769.591,0,51.61
1624985769.594,1,86.38
1624985769.697,0,60.98
1624985769.7,1,60.96
1624985769.806,0,85.62
1624985769.81,1,82.91
1624985769.913,0,50.53
1624985769.915,1,55.46
1624985770.019,0,49.53
1624985770.022,1,55.03
1624985770.126,0,49.35
1624985770.13,1,64.44
1624985770.234,0,54.91
1624985770.237,1,73.47
1624985770.34,0,66.78
1624985770.343,1,66.49
1624985770.446,0,85.35
1624985770.451,1,104.63
1624985770.554,0,50.51
1624985770.556,1,55.44
1624985770.663,0,49.47
1624985770.665,1,55.83
1624985770.769,0,49.73
1624985770.772,1,78.95
1624985770.874,0,58.36
1624985770.879,1,59.47
1624985770.982,0,82.95
1624985770.985,1,71.03
1624985771.095,0,100.8
1624985771.097,1,118.03
1624985771.2,0,50.09
1624985771.203,1,55.14
1624985771.307,0,48.77
1624985771.31,1,61.15
1624985771.412,0,53.68
1624985771.415,1,85.32
1624985771.518,0,60.03
1624985771.522,1,61.33
1624985771.625,0,110.45
1624985771.628,1,101.43
1624985771.731,0,50.57
1624985771.734,1,55.21
1624985771.838,0,49.48
1624985771.841,1,55.18
1624985771.944,0,49.45
1624985771.947,1,63.81
1624985772.053,0,55.73
1624985772.056,1,66.1
1624985772.159,0,65.2
1624985772.162,1,65.56
1624985772.265,0,55.21
1624985772.268,1,78.45
1624985772.371,0,50.45
1624985772.376,1,55.37
1624985772.482,0,49.61
1624985772.485,1,54.92
1624985772.588,0,49.1
1624985772.591,1,62.77
1624985772.694,0,55.3
1624985772.697,1,65.09
1624985772.8,0,69.31
1624985772.804,1,68.4
1624985772.907,0,106.94
1624985772.909,1,125.86
1624985773.013,0,50.53
1624985773.017,1,55.36
1624985773.121,0,49.21
1624985773.124,1,55.88
1624985773.227,0,49.63
1624985773.23,1,76.07
1624985773.333,0,59.55
1624985773.339,1,59.53
1624985773.447,0,69.68
1624985773.45,1,70.15
1624985773.553,0,112.95
1624985773.559,1,122.14
1624985773.662,0,50.53
1624985773.665,1,55.54
1624985773.768,0,48.55
1624985773.771,1,56.43
1624985773.874,0,49.76
1624985773.88,1,71.04
1624985773.982,0,55.95
1624985773.987,1,57.85
1624985774.09,0,70.26
1624985774.094,1,66.78
1624985774.2,0,93.54
1624985774.203,1,112.14
1624985774.306,0,50.18
1624985774.308,1,54.9
1624985774.412,0,48.92
1624985774.415,1,64.37
1624985774.518,0,53.39
1624985774.522,1,81.11
1624985774.627,0,58.12
1624985774.63,1,60.49
1624985774.733,0,72.03
1624985774.737,1,70.6
1624985774.839,0,62.28
1624985774.843,1,87.51
1624985774.946,0,49.83
1624985774.949,1,55.16
1624985775.052,0,49.06
1624985775.055,1,64.87
1624985775.158,0,52.74
1624985775.164,1,87.72
1624985775.268,0,55.88
1624985775.272,1,58.36
1624985775.375,0,69.19
1624985775.378,1,69.09
1624985775.481,0,76.99
1624985775.486,1,100.35
1624985775.588,0,50.41
1624985775.594,1,54.97
1624985775.697,0,48.29
1624985775.7,1,56.65
1624985775.804,0,52.1
1624985775.807,1,86.88
1624985775.91,0,61.95
1624985775.913,1,62.87
1624985776.016,0,82.35
1624985776.02,1,79.03
1624985776.123,0,52.24
1624985776.128,1,75.72
1624985776.231,0,50.1
1624985776.234,1,55.14
1624985776.337,0,48.6
1624985776.34,1,58.03
1624985776.443,0,50.31
1624985776.449,1,86.65
1624985776.552,0,59.46
1624985776.555,1,60.77
1624985776.658,0,125.8
1624985776.661,1,118.11
1624985776.764,0,50.63
1624985776.77,1,55.84
1624985776.876,0,49.67
1624985776.879,1,54.99
1624985776.983,0,49.21
1624985776.986,1,64.41
1624985777.089,0,54.51
1624985777.091,1,71.29
1624985777.197,0,57.87
1624985777.201,1,59.85
1624985777.304,0,116.33
1624985777.307,1,107.28
1624985777.41,0,50.57
1624985777.413,1,55.99
1624985777.518,0,48.97
1624985777.521,1,55.82
1624985777.625,0,49.21
1624985777.627,1,72.32
1624985777.73,0,57.47
1624985777.734,1,58.49
1624985777.839,0,71.54
1624985777.842,1,71.84
1624985777.945,0,79.14
1624985777.948,1,103.7
1624985778.051,0,50.28
1624985778.054,1,55.11
1624985778.161,0,48.29
1624985778.163,1,58.05
1624985778.266,0,52.32
1624985778.269,1,85.27
1624985778.372,0,61.32
1624985778.375,1,61.41
1624985778.481,0,89.72
1624985778.484,1,85.69
1624985778.587,0,50.76
1624985778.59,1,65.06
1624985778.693,0,49.74
1624985778.696,1,54.82
1624985778.802,0,48.84
1624985778.804,1,60.85
1624985778.907,0,52.11
1624985778.91,1,88.89
1624985779.013,0,57.21
1624985779.016,1,58.1
1624985779.122,0,80.19
1624985779.126,1,76.93
1624985779.229,0,66.38
1624985779.232,1,87.41
1624985779.334,0,50.28
1624985779.337,1,55.68
1624985779.443,0,48.71
1624985779.446,1,56.45
1624985779.55,0,49.41
1624985779.552,1,70.58
1624985779.655,0,54.46
1624985779.658,1,67.13
1624985779.764,0,61.93
1624985779.767,1,63.05
1624985779.87,0,119.67
1624985779.873,1,127.12
1624985779.976,0,50.41
1624985779.979,1,55.21
1624985780.085,0,49.4
1624985780.088,1,55.57
1624985780.191,0,49.38
1624985780.194,1,67.34
1624985780.297,0,55.59
1624985780.301,1,65.64
1624985780.405,0,62.1
1624985780.409,1,63.25
1624985780.512,0,90.62
1624985780.515,1,87.93
1624985780.618,0,93.49
1624985780.621,1,124.28
1624985780.726,0,50.73
1624985780.729,1,55.76
1624985780.833,0,49.99
1624985780.836,1,57.21
1624985780.939,0,49.06
1624985780.942,1,61.02
1624985781.047,0,50.56
1624985781.05,1,77.94
1624985781.153,0,54.17
1624985781.156,1,74.0
1624985781.259,0,55.86
1624985781.262,1,57.55
1624985781.368,0,65.45
1624985781.371,1,66.1
1624985781.474,0,77.85
1624985781.478,1,77.42
1624985781.582,0,87.68
1624985781.584,1,113.91
1624985781.689,0,50.63
1624985781.692,1,56.02
1624985781.795,0,49.92
1624985781.798,1,57.34
1624985781.902,0,49.21
1624985781.905,1,59.71
1624985782.01,0,49.64
1624985782.013,1,68.56
1624985782.116,0,53.72
1624985782.119,1,67.78
1624985782.222,0,58.97
1624985782.225,1,59.7
1624985782.331,0,70.19
1624985782.334,1,70.97
1624985782.437,0,76.43
1624985782.44,1,73.96
1624985782.543,0,83.62
1624985782.546,1,116.68
1624985782.652,0,50.55
1624985782.655,1,56.05
1624985782.758,0,50.09
1624985782.761,1,55.77
1624985782.864,0,48.9
1624985782.867,1,59.1
1624985782.973,0,50.45
1624985782.976,1,75.39
1624985783.079,0,55.91
1624985783.082,1,57.97
1624985783.185,0,72.61
1624985783.189,1,70.04
1624985783.294,0,103.61
1624985783.297,1,99.32
1624985783.4,0,53.15
1624985783.403,1,85.0
1624985783.506,0,50.39
1624985783.51,1,56.46
1624985783.615,0,49.78
1624985783.618,1,57.79
1624985783.721,0,49.42
1624985783.724,1,65.19
1624985783.827,0,50.79
1624985783.83,1,75.21
1624985783.935,0,53.49
1624985783.938,1,88.43
1624985784.041,0,58.11
1624985784.045,1,59.72
1624985784.148,0,76.4
1624985784.151,1,72.8
1624985784.256,0,108.34
1624985784.259,1,104.16
1624985784.362,0,73.51
1624985784.365,1,99.42
1624985784.468,0,50.71
1624985784.471,1,56.04
1624985784.577,0,50.31
1624985784.58,1,56.8
1624985784.683,0,48.97
1624985784.686,1,61.88
1624985784.791,0,51.11
1624985784.793,1,79.7
1624985784.898,0,55.79
1624985784.901,1,64.7
1624985785.004,0,58.32
1624985785.012,1,59.91
1624985785.114,0,63.04
1624985785.118,1,63.97
1624985785.221,0,76.83
1624985785.225,1,75.93
1624985785.328,0,112.6
1624985785.332,1,124.67
1624985785.435,0,50.76
1624985785.438,1,56.33
1624985785.541,0,50.57
1624985785.544,1,56.55
1624985785.648,0,50.37
1624985785.653,1,56.72
1624985785.756,0,49.09
1624985785.759,1,61.31
1624985785.863,0,49.87
1624985785.865,1,70.44
1624985785.968,0,51.74
1624985785.974,1,95.53
1624985786.077,0,56.76
1624985786.08,1,58.75
1624985786.183,0,59.46
1624985786.187,1,61.95
1624985786.29,0,76.09
1624985786.295,1,76.42
1624985786.398,0,107.14
1624985786.401,1,124.46
1624985786.504,0,50.79
1624985786.507,1,59.26
1624985786.61,0,50.44
1624985786.616,1,56.46
1624985786.719,0,50.12
1624985786.722,1,57.36
1624985786.826,0,49.19
1624985786.829,1,64.23
1624985786.932,0,50.22
1624985786.937,1,76.47
1624985787.039,0,55.25
1624985787.043,1,70.52
1624985787.146,0,56.19
1624985787.149,1,58.46
1624985787.252,0,63.41
1624985787.258,1,64.23
1624985787.361,0,69.77
1624985787.364,1,68.29
1624985787.467,0,96.23
1624985787.47,1,103.03
1624985787.573,0,50.7
1624985787.578,1,69.07
1624985787.681,0,50.57
1624985787.684,1,56.06
1624985787.788,0,49.64
1624985787.79,1,58.02
1624985787.894,0,49.37
1624985787.899,1,71.99
1624985788.002,0,57.66
1624985788.005,1,59.64
1624985788.108,0,57.35
1624985788.112,1,59.39
1624985788.215,0,69.96
1624985788.22,1,67.2
1624985788.326,0,115.11
1624985788.329,1,120.87
1624985788.432,0,50.71
1624985788.435,1,56.11
1624985788.538,0,50.34
1624985788.541,1,56.03
1624985788.647,0,49.22
1624985788.65,1,59.05
1624985788.753,0,49.63
1624985788.756,1,76.96
1624985788.859,0,55.17
1624985788.862,1,68.01
1624985788.968,0,59.88
1624985788.971,1,61.47
1624985789.074,0,60.96
1624985789.078,1,62.56
1624985789.181,0,87.98
1624985789.184,1,81.15
1624985789.288,0,93.48
1624985789.291,1,113.22
1624985789.394,0,50.76
1624985789.397,1,56.09
1624985789.502,0,50.4
1624985789.505,1,55.9
1624985789.61,0,49.74
1624985789.613,1,58.14
1624985789.716,0,49.27
1624985789.719,1,68.32
1624985789.822,0,52.32
1624985789.826,1,94.54
1624985789.93,0,58.11
1624985789.934,1,59.87
1624985790.037,0,57.96
1624985790.04,1,59.66
1624985790.143,0,88.38
1624985790.147,1,80.56
1624985790.252,0,89.96
1624985790.254,1,106.15
1624985790.357,0,50.83
1624985790.36,1,56.18
1624985790.464,0,50.43
1624985790.467,1,56.46
1624985790.572,0,49.81
1624985790.575,1,57.13
1624985790.679,0,48.97
1624985790.681,1,61.74
1624985790.785,0,50.31
1624985790.788,1,78.37
1624985790.893,0,53.73
1624985790.896,1,81.07
1624985790.999,0,57.56
1624985791.002,1,58.85
1624985791.107,0,67.79
1624985791.11,1,66.57
1624985791.214,0,98.65
1624985791.218,1,94.96
1624985791.321,0,60.99
1624985791.324,1,87.35
1624985791.426,0,50.63
1624985791.431,1,56.42
1624985791.535,0,50.26
1624985791.538,1,56.63
1624985791.642,0,48.9
1624985791.645,1,60.24
1624985791.748,0,50.72
1624985791.751,1,74.15
1624985791.856,0,53.93
1624985791.859,1,71.84
1624985791.962,0,57.61
1624985791.965,1,59.01
1624985792.068,0,67.7
1624985792.072,1,66.63
1624985792.177,0,79.02
1624985792.18,1,76.89
1624985792.283,0,84.6
1624985792.286,1,106.25
1624985792.389,0,50.5
1624985792.392,1,56.38
1624985792.498,0,50.22
1624985792.501,1,56.51
1624985792.604,0,48.58
1624985792.607,1,60.72
1624985792.711,0,51.05
1624985792.714,1,77.54
1624985792.819,0,56.05
1624985792.822,1,65.29
1624985792.925,0,56.01
1624985792.928,1,58.28
1624985793.031,0,57.73
1624985793.036,1,59.44
1624985793.14,0,69.27
1624985793.143,1,69.16
1624985793.246,0,96.71
1624985793.249,1,115.44
1624985793.352,0,50.61
1624985793.355,1,56.44
1624985793.46,0,48.07
1624985793.463,1,55.65
1624985793.567,0,50.67
1624985793.569,1,84.25
1624985793.672,0,62.53
1624985793.676,1,62.41
1624985793.781,0,79.64
1624985793.784,1,77.47
1624985793.887,0,119.5
1624985793.89,1,137.37
1624985793.993,0,50.7
1624985793.996,1,56.01
1624985794.102,0,50.28
1624985794.105,1,56.36
1624985794.208,0,49.0
1624985794.211,1,60.68
1624985794.314,0,50.13
1624985794.317,1,69.21
1624985794.423,0,54.05
1624985794.425,1,76.05
1624985794.528,0,58.8
1624985794.532,1,60.89
1624985794.635,0,69.23
1624985794.641,1,68.97
1624985794.744,0,100.43
1624985794.747,1,93.89
1624985794.85,0,62.43
1624985794.853,1,88.7
1624985794.956,0,50.66
1624985794.96,1,56.05
1624985795.065,0,50.25
1624985795.067,1,57.47
1624985795.171,0,49.18
1624985795.174,1,66.26
1624985795.277,0,50.98
1624985795.28,1,77.93
1624985795.385,0,54.43
1624985795.388,1,62.98
1624985795.491,0,61.7
1624985795.494,1,63.51
1624985795.597,0,81.38
1624985795.602,1,78.2
1624985795.705,0,114.46
1624985795.708,1,121.48
1624985795.811,0,50.66
1624985795.814,1,55.8
1624985795.917,0,50.73
1624985795.922,1,56.53
1624985796.027,0,50.23
1624985796.03,1,56.97
1624985796.133,0,49.03
1624985796.136,1,63.15
1624985796.239,0,50.27
1624985796.244,1,73.37
1624985796.347,0,52.72
1624985796.35,1,82.14
1624985796.453,0,58.71
1624985796.457,1,60.34
1624985796.56,0,70.54
1624985796.564,1,69.32
1624985796.668,0,108.23
1624985796.671,1,99.89
1624985796.774,0,50.65
1624985796.777,1,56.16
1624985796.88,0,50.47
1624985796.885,1,56.38
1624985796.989,0,49.7
1624985796.992,1,58.32
1624985797.096,0,49.66
1624985797.098,1,72.83
1624985797.201,0,54.68
1624985797.206,1,67.01
1624985797.31,0,61.47
1624985797.313,1,62.88
1624985797.416,0,65.94
1624985797.42,1,67.0
1624985797.523,0,115.53
1624985797.527,1,113.34
1624985797.631,0,54.35
1624985797.634,1,79.32
1624985797.736,0,50.68
1624985797.739,1,56.3
1624985797.843,0,50.47
1624985797.849,1,56.55
1624985797.952,0,49.89
1624985797.955,1,58.75
1624985798.059,0,49.89
1624985798.062,1,71.47
1624985798.165,0,51.97
1624985798.169,1,95.4
1624985798.272,0,57.63
1624985798.276,1,59.61
1624985798.378,0,63.4
1624985798.382,1,64.95
1624985798.485,0,69.22
1624985798.49,1,69.1
1624985798.593,0,105.48
1624985798.596,1,124.49
1624985798.699,0,50.8
1624985798.702,1,56.53
1624985798.805,0,50.44
1624985798.811,1,56.94
1624985798.915,0,49.97
1624985798.918,1,57.32
1624985799.021,0,49.61
1624985799.024,1,69.23
1624985799.127,0,50.53
1624985799.132,1,79.37
1624985799.235,0,55.55
1624985799.239,1,65.75
1624985799.341,0,56.46
1624985799.345,1,58.38
1624985799.448,0,65.38
1624985799.452,1,65.5
1624985799.555,0,77.06
1624985799.56,1,75.84
1624985799.663,0,112.7
1624985799.666,1,127.52
1624985799.768,0,50.74
1624985799.771,1,55.96
1624985799.876,0,50.5
1624985799.88,1,56.2
1624985799.983,0,50.1
1624985799.986,1,57.03
1624985800.09,0,49.26
1624985800.093,1,59.69
1624985800.197,0,49.93
1624985800.202,1,78.7
1624985800.305,0,56.15
1624985800.308,1,66.03
1624985800.411,0,60.14
1624985800.415,1,61.16
1624985800.518,0,67.42
1624985800.524,1,65.8
1624985800.628,0,84.19
1624985800.632,1,82.12
1624985800.735,0,71.97
1624985800.737,1,90.77
1624985800.84,0,50.82
1624985800.846,1,55.77
1624985800.95,0,50.28
1624985800.953,1,56.36
1624985801.06,0,49.92
1624985801.062,1,57.63
1624985801.166,0,48.94
1624985801.172,1,61.24
1624985801.276,0,50.44
1624985801.279,1,73.62
1624985801.381,0,53.77
1624985801.384,1,69.84
1624985801.487,0,59.17
1624985801.491,1,60.73
1624985801.594,0,75.29
1624985801.597,1,73.4
1624985801.701,0,111.6
1624985801.704,1,105.24
1624985801.807,0,78.19
1624985801.81,1,97.18
1624985801.913,0,50.6
1624985801.916,1,56.22
1624985802.022,0,49.86
1624985802.025,1,57.28
1624985802.128,0,49.41
1624985802.131,1,64.99
1624985802.234,0,51.85
1624985802.237,1,82.56
1624985802.343,0,56.13
1624985802.346,1,64.52
1624985802.449,0,61.34
1624985802.452,1,62.83
1624985802.555,0,69.52
1624985802.559,1,66.58
1624985802.663,0,82.92
1624985802.669,1,82.02
1624985802.772,0,93.1
1624985802.775,1,113.79
1624985802.878,0,50.84
1624985802.881,1,55.86
1624985802.984,0,50.41
1624985802.987,1,56.78
1624985803.091,0,49.61
1624985803.098,1,58.32
1624985803.205,0,49.48
1624985803.208,1,70.19
1624985803.31,0,54.11
1624985803.313,1,77.24
1624985803.416,0,57.09
1624985803.422,1,59.14
1624985803.526,0,59.16
1624985803.53,1,60.66
1624985803.634,0,60.15
1624985803.638,1,61.57
1624985803.741,0,93.6
1624985803.747,1,88.83
1624985803.85,0,95.36
1624985803.853,1,114.25
1624985803.956,0,50.65
1624985803.959,1,56.64
1624985804.063,0,50.42
1624985804.065,1,57.18
1624985804.169,0,49.74
1624985804.174,1,58.31
1624985804.278,0,48.9
1624985804.281,1,62.74
1624985804.384,0,49.94
1624985804.387,1,80.66
1624985804.49,0,54.43
1624985804.493,1,67.9
1624985804.596,0,58.24
1624985804.602,1,60.4
1624985804.705,0,68.69
1624985804.708,1,68.85
1624985804.811,0,84.24
1624985804.815,1,84.02
1624985804.918,0,112.13
1624985804.921,1,129.53
1624985805.023,0,50.91
1624985805.027,1,55.95
1624985805.131,0,50.77
1624985805.134,1,57.14
1624985805.239,0,50.41
1624985805.242,1,57.22
1624985805.345,0,49.42
1624985805.348,1,61.05
1624985805.452,0,49.8
1624985805.455,1,76.06
1624985805.558,0,51.82
1624985805.561,1,92.92
1624985805.664,0,56.15
1624985805.667,1,62.81
1624985805.772,0,57.39
1624985805.776,1,59.66
1624985805.879,0,72.54
1624985805.882,1,72.43
1624985805.985,0,103.08
1624985805.99,1,98.98
1624985806.093,0,58.72
1624985806.096,1,81.78
1624985806.199,0,50.57
1624985806.202,1,56.28
1624985806.305,0,50.28
1624985806.308,1,56.94
1624985806.414,0,49.88
1624985806.418,1,57.76
1624985806.521,0,49.64
1624985806.524,1,71.72
1624985806.627,0,52.79
1624985806.629,1,90.8
1624985806.736,0,56.81
1624985806.739,1,61.46
1624985806.844,0,60.48
1624985806.847,1,61.96
1624985806.95,0,68.88
1624985806.954,1,69.54
1624985807.057,0,80.67
1624985807.06,1,77.74
1624985807.163,0,81.53
1624985807.166,1,103.12
1624985807.269,0,50.7
1624985807.273,1,56.22
1624985807.378,0,50.5
1624985807.381,1,56.49
1624985807.484,0,49.1
1624985807.487,1,60.65
1624985807.59,0,50.38
1624985807.593,1,71.53
1624985807.698,0,53.94
1624985807.701,1,70.3
1624985807.804,0,56.12
1624985807.807,1,58.08
1624985807.91,0,66.8
1624985807.914,1,65.08
1624985808.019,0,111.01
1624985808.022,1,104.92
1624985808.125,0,50.84
1624985808.128,1,55.69
1624985808.231,0,50.73
1624985808.236,1,56.31
1624985808.341,0,50.44
1624985808.344,1,56.9
1624985808.449,0,49.97
1624985808.452,1,57.31
1624985808.556,0,49.4
1624985808.559,1,68.69
1624985808.662,0,52.74
1624985808.665,1,94.23
1624985808.768,0,55.94
1624985808.771,1,58.66
1624985808.874,0,68.93
1624985808.878,1,66.82
1624985808.983,0,122.78
1624985808.986,1,115.39
1624985809.089,0,64.33
1624985809.092,1,89.32
1624985809.195,0,50.55
1624985809.198,1,56.42
1624985809.304,0,50.18
1624985809.307,1,57.68
1624985809.41,0,48.88
1624985809.416,1,62.23
1624985809.52,0,50.66
1624985809.522,1,76.41
1624985809.625,0,52.67
1624985809.628,1,86.59
1624985809.731,0,55.52
1624985809.738,1,57.65
1624985809.84,0,56.16
1624985809.844,1,58.53
1624985809.947,0,71.48
1624985809.95,1,71.29
1624985810.053,0,49.33
1624985810.058,1,52.07
1624985810.161,0,47.81
1624985810.164,1,56.46
1624985810.267,0,49.9
1624985810.27,1,56.18
1624985810.374,0,49.29
1624985810.379,1,67.61
1624985810.482,0,51.73
1624985810.485,1,94.95
1624985810.588,0,57.0
1624985810.591,1,58.95
1624985810.694,0,61.8
1624985810.701,1,62.91
1624985810.804,0,68.24
1624985810.807,1,67.93
1624985810.91,0,110.28
1624985810.913,1,118.39
1624985811.016,0,58.52
1624985811.022,1,85.42
1624985811.125,0,50.62
1624985811.128,1,56.2
1624985811.231,0,49.9
1624985811.234,1,57.7
1624985811.337,0,49.45
1624985811.342,1,65.11
1624985811.445,0,50.67
1624985811.448,1,80.26
1624985811.551,0,54.38
1624985811.554,1,63.04
1624985811.657,0,57.91
1624985811.663,1,59.99
1624985811.766,0,59.05
1624985811.769,1,60.75
1624985811.872,0,73.52
1624985811.876,1,72.31
1624985811.979,0,118.8
1624985811.984,1,113.57
1624985812.087,0,65.93
1624985812.09,1,97.63
1624985812.193,0,50.63
1624985812.195,1,56.6
1624985812.299,0,50.53
1624985812.304,1,56.32
1624985812.408,0,49.38
1624985812.411,1,61.6
1624985812.514,0,50.58
1624985812.517,1,74.8
1624985812.62,0,54.73
1624985812.625,1,67.52
1624985812.728,0,59.67
1624985812.731,1,61.46
1624985812.834,0,68.75
1624985812.838,1,68.16
1624985812.941,0,118.1
1624985812.947,1,110.92
1624985813.05,0,50.79
1624985813.052,1,62.1
1624985813.156,0,50.66
1624985813.159,1,56.39
1624985813.262,0,50.06
1624985813.267,1,57.18
1624985813.371,0,49.38
1624985813.374,1,65.86
1624985813.477,0,51.61
1624985813.48,1,84.25
1624985813.583,0,55.87
1624985813.588,1,68.64
1624985813.691,0,59.04
1624985813.694,1,60.63
1624985813.797,0,66.03
1624985813.801,1,67.07
1624985813.904,0,119.31
1624985813.909,1,99.86
1624985814.015,0,94.48
1624985814.018,1,114.52
1624985814.121,0,50.87
1624985814.126,1,56.55
1624985814.229,0,50.49
1624985814.232,1,56.99
1624985814.336,0,49.99
1624985814.339,1,57.59
1624985814.443,0,49.61
1624985814.446,1,67.63
1624985814.548,0,52.61
1624985814.551,1,90.57
1624985814.657,0,56.81
1624985814.66,1,58.79
1624985814.763,0,65.32
1624985814.767,1,66.37
1624985814.87,0,75.31
1624985814.873,1,72.47
1624985814.978,0,79.25
1624985814.981,1,101.46
1624985815.084,0,50.63
1624985815.086,1,56.72
1624985815.19,0,50.44
1624985815.193,1,57.07
1624985815.299,0,49.25
1624985815.302,1,59.83
1624985815.405,0,50.47
1624985815.408,1,76.89
1624985815.511,0,54.6
1624985815.514,1,89.64
1624985815.62,0,57.69
1624985815.623,1,59.57
1624985815.726,0,64.65
1624985815.73,1,66.0
1624985815.833,0,76.19
1624985815.837,1,72.74
1624985815.941,0,98.02
1624985815.944,1,116.74
1624985816.046,0,50.85
1624985816.049,1,56.46
1624985816.153,0,50.44
1624985816.156,1,57.1
1624985816.262,0,50.01
1624985816.265,1,57.42
1624985816.369,0,49.42
1624985816.372,1,71.95
1624985816.474,0,52.52
1624985816.477,1,92.35
1624985816.583,0,54.66
1624985816.586,1,58.64
1624985816.689,0,61.23
1624985816.693,1,62.82
1624985816.796,0,72.3
1624985816.799,1,69.41
1624985816.903,0,90.89
1624985816.907,1,87.89
1624985817.01,0,77.74
1624985817.012,1,97.23
1624985817.115,0,50.84
1624985817.118,1,57.83
1624985817.224,0,50.49
1624985817.227,1,56.74
1624985817.33,0,49.5
1624985817.333,1,59.99
1624985817.437,0,49.97
1624985817.439,1,66.47
1624985817.545,0,52.35
1624985817.548,1,91.03
1624985817.651,0,57.54
1624985817.654,1,59.64
1624985817.758,0,61.59
1624985817.761,1,61.48
1624985817.867,0,66.85
1624985817.87,1,67.71
1624985817.973,0,116.93
1624985817.976,1,116.57
1624985818.079,0,50.82
1624985818.082,1,87.33
1624985818.187,0,50.72
1624985818.19,1,56.34
1624985818.294,0,50.34
1624985818.297,1,56.42
1624985818.4,0,49.77
1624985818.403,1,57.3
1624985818.508,0,49.33
1624985818.511,1,65.68
1624985818.614,0,51.75
1624985818.617,1,96.04
1624985818.72,0,55.25
1624985818.723,1,68.62
1624985818.829,0,57.92
1624985818.832,1,59.71
1624985818.935,0,83.13
1624985818.939,1,79.06
1624985819.041,0,109.42
1624985819.044,1,114.58
1624985819.149,0,53.67
1624985819.152,1,82.04
1624985819.255,0,50.7
1624985819.258,1,56.3
1624985819.362,0,50.09
1624985819.365,1,56.93
1624985819.471,0,49.64
1624985819.473,1,58.7
1624985819.577,0,49.47
1624985819.58,1,66.2
1624985819.683,0,52.65
1624985819.685,1,89.32
1624985819.791,0,55.23
1624985819.795,1,63.6
1624985819.898,0,57.81
1624985819.901,1,59.78
1624985820.004,0,71.79
1624985820.008,1,69.92
1624985820.112,0,74.41
1624985820.115,1,73.98
1624985820.218,0,84.6
1624985820.221,1,102.2
1624985820.324,0,50.53
1624985820.327,1,56.31
1624985820.433,0,50.09
1624985820.436,1,57.88
1624985820.54,0,49.25
1624985820.543,1,61.64
1624985820.646,0,50.69
1624985820.649,1,80.17
1624985820.754,0,56.98
1624985820.757,1,65.94
1624985820.86,0,58.59
1624985820.864,1,60.49
1624985820.967,0,60.9
1624985820.97,1,61.37
1624985821.077,0,83.35
1624985821.08,1,81.91
1624985821.183,0,92.56
1624985821.186,1,112.88
1624985821.289,0,50.82
1624985821.292,1,69.33
1624985821.396,0,50.73
1624985821.399,1,56.45
1624985821.502,0,49.9
1624985821.505,1,58.3
1624985821.609,0,50.08
1624985821.612,1,67.0
1624985821.717,0,51.23
1624985821.72,1,85.54
1624985821.823,0,56.35
1624985821.826,1,58.58
1624985821.929,0,66.65
1624985821.932,1,64.36
1624985822.038,0,86.55
1624985822.042,1,82.62
1624985822.145,0,90.86
1624985822.147,1,112.61
1624985822.25,0,50.86
1624985822.253,1,56.69
1624985822.359,0,50.25
1624985822.362,1,57.7
1624985822.465,0,49.67
1624985822.468,1,59.22
1624985822.572,0,50.53
1624985822.574,1,75.61
1624985822.679,0,52.97
1624985822.682,1,91.39
1624985822.785,0,59.21
1624985822.789,1,60.71
1624985822.892,0,75.79
1624985822.895,1,70.81
1624985823.001,0,115.1
1624985823.004,1,109.81
1624985823.107,0,58.43
1624985823.11,1,77.97
1624985823.212,0,50.76
1624985823.215,1,56.38
1624985823.322,0,50.37
1624985823.324,1,56.94
1624985823.428,0,49.35
1624985823.431,1,61.09
1624985823.534,0,49.83
1624985823.537,1,75.26
1624985823.642,0,55.85
1624985823.645,1,66.22
1624985823.748,0,58.04
1624985823.752,1,59.92
1624985823.855,0,62.37
1624985823.858,1,63.07
1624985823.963,0,87.16
1624985823.966,1,84.05
1624985824.069,0,80.33
1624985824.072,1,101.15
1624985824.175,0,50.82
1624985824.178,1,56.26
1624985824.284,0,50.54
1624985824.287,1,56.89
1624985824.391,0,50.19
1624985824.394,1,57.05
1624985824.497,0,49.34
1624985824.5,1,62.05
1624985824.605,0,49.67
1624985824.608,1,76.5
1624985824.711,0,54.83
1624985824.714,1,72.57
1624985824.817,0,59.58
1624985824.82,1,59.93
1624985824.926,0,70.2
1624985824.929,1,70.08
1624985825.032,0,110.12
1624985825.035,1,131.28
1624985825.138,0,50.94
1624985825.141,1,66.69
1624985825.246,0,50.54
1624985825.249,1,56.55
1624985825.353,0,49.4
1624985825.356,1,59.98
1624985825.459,0,50.46
1624985825.462,1,77.27
1624985825.567,0,55.99
1624985825.57,1,64.18
1624985825.673,0,62.73
1624985825.677,1,64.52
1624985825.78,0,72.42
1624985825.783,1,68.07
1624985825.89,0,107.79
1624985825.894,1,102.17
1624985825.997,0,79.89
1624985826.003,1,103.94
1624985826.105,0,50.82
1624985826.108,1,56.51
1624985826.212,0,50.65
1624985826.214,1,56.46
1624985826.318,0,49.96
1624985826.324,1,57.58
1624985826.43,0,49.2
1624985826.433,1,60.64
1624985826.536,0,51.13
1624985826.539,1,79.81
1624985826.642,0,53.44
1624985826.645,1,92.18
1624985826.751,0,55.92
1624985826.754,1,58.09
1624985826.857,0,58.8
1624985826.86,1,60.68
1624985826.963,0,68.07
1624985826.967,1,67.11
1624985827.072,0,84.88
1624985827.075,1,82.21
1624985827.178,0,92.41
1624985827.181,1,111.71
1624985827.284,0,50.79
1624985827.287,1,61.06
1624985827.394,0,50.6
1624985827.397,1,56.58
1624985827.5,0,50.11
1624985827.503,1,57.42
1624985827.607,0,49.67
1624985827.61,1,64.18
1624985827.714,0,51.67
1624985827.717,1,86.17
1624985827.819,0,55.63
1624985827.823,1,57.98
1624985827.926,0,73.56
1624985827.929,1,69.51
1624985828.035,0,98.79
1624985828.038,1,92.51
1624985828.141,0,88.8
1624985828.144,1,108.64
1624985828.247,0,50.72
1624985828.25,1,55.93
1624985828.356,0,50.07
1624985828.36,1,56.99
1624985828.464,0,49.1
1624985828.469,1,60.96
1624985828.572,0,49.99
1624985828.575,1,73.52
1624985828.678,0,52.93
1624985828.681,1,90.07
1624985828.784,0,57.53
1624985828.79,1,59.15
1624985828.893,0,59.46
1624985828.897,1,60.83
1624985829.0,0,72.46
1624985829.003,1,71.63
1624985829.106,0,113.14
1624985829.111,1,105.07
1624985829.214,0,50.88
1624985829.217,1,71.61
1624985829.32,0,50.82
1624985829.323,1,56.13
1624985829.426,0,50.41
1624985829.432,1,56.78
1624985829.536,0,50.0
1624985829.539,1,57.73
1624985829.642,0,50.08
1624985829.645,1,70.19
1624985829.748,0,50.72
1624985829.753,1,79.35
1624985829.856,0,53.09
1624985829.859,1,75.0
1624985829.962,0,55.51
1624985829.966,1,57.46
1624985830.069,0,78.01
1624985830.075,1,76.53
1624985830.177,0,102.97
1624985830.181,1,101.64
1624985830.284,0,67.55
1624985830.287,1,88.99
1624985830.39,0,50.66
1624985830.395,1,56.18
1624985830.498,0,50.63
1624985830.501,1,56.55
1624985830.605,0,50.18
1624985830.608,1,56.74
1624985830.712,0,49.64
1624985830.716,1,59.38
1624985830.819,0,50.21
1624985830.822,1,78.86
1624985830.926,0,56.07
1624985830.929,1,65.78
1624985831.032,0,57.86
1624985831.037,1,60.14
1624985831.14,0,63.41
1624985831.143,1,65.42
1624985831.246,0,99.1
1624985831.25,1,93.64
1624985831.353,0,84.36
1624985831.357,1,97.83
1624985831.46,0,50.89
1624985831.463,1,91.46
1624985831.568,0,50.73
1624985831.571,1,56.24
1624985831.674,0,50.25
1624985831.678,1,57.03
1624985831.782,0,49.06
1624985831.785,1,62.24
1624985831.89,0,51.93
1624985831.893,1,86.25
1624985831.996,0,56.63
1624985832.0,1,58.87
1624985832.103,0,60.63
1624985832.106,1,60.15
1624985832.214,0,69.38
1624985832.22,1,69.11
1624985832.323,0,110.73
1624985832.326,1,107.09
1624985832.429,0,59.09
1624985832.432,1,87.86
1624985832.535,0,50.76
1624985832.54,1,56.43
1624985832.644,0,50.25
1624985832.647,1,57.49
1624985832.75,0,49.1
1624985832.753,1,60.82
1624985832.857,0,50.67
1624985832.861,1,85.7
1624985832.964,0,54.24
1624985832.967,1,67.39
1624985833.07,0,59.94
1624985833.073,1,61.26
1624985833.178,0,66.64
1624985833.182,1,67.96
1624985833.285,0,121.0
1624985833.289,1,115.78
1624985833.392,0,53.5
1624985833.395,1,90.18
1624985833.5,0,50.82
1624985833.503,1,56.17
1624985833.607,0,50.22
1624985833.61,1,57.36
1624985833.714,0,49.54
1624985833.717,1,59.65
1624985833.82,0,49.73
1624985833.824,1,75.82
1624985833.928,0,55.8
1624985833.931,1,68.76
1624985834.034,0,57.82
1624985834.037,1,59.62
1624985834.14,0,63.32
1624985834.145,1,63.78
1624985834.249,0,92.43
1624985834.253,1,88.2
1624985834.356,0,50.92
1624985834.359,1,70.55
1624985834.462,0,50.8
1624985834.467,1,56.39
1624985834.57,0,50.56
1624985834.573,1,56.92
1624985834.676,0,49.16
1624985834.679,1,61.51
1624985834.783,0,49.64
1624985834.787,1,73.37
1624985834.89,0,54.22
1624985834.893,1,94.98
1624985834.999,0,57.06
1624985835.003,1,59.06
1624985835.106,0,57.88
1624985835.109,1,59.73
1624985835.212,0,69.79
1624985835.216,1,69.31
1624985835.319,0,115.67
1624985835.322,1,109.83
1624985835.425,0,50.97
1624985835.429,1,66.74
1624985835.532,0,50.66
1624985835.535,1,56.97
1624985835.639,0,50.0
1624985835.642,1,57.16
1624985835.745,0,49.0
1624985835.75,1,61.12
1624985835.857,0,50.24
1624985835.86,1,73.65
1624985835.963,0,53.76
1624985835.966,1,70.88
1624985836.069,0,59.61
1624985836.072,1,60.9
1624985836.175,0,72.44
1624985836.18,1,70.65
1624985836.283,0,78.38
1624985836.286,1,77.91
1624985836.389,0,83.99
1624985836.392,1,106.85
1624985836.495,0,50.82
1624985836.498,1,55.69
1624985836.602,0,50.31
1624985836.604,1,56.57
1624985836.71,0,50.02
1624985836.713,1,58.22
1624985836.816,0,49.49
1624985836.819,1,66.9
1624985836.922,0,52.97
1624985836.925,1,88.24
1624985837.028,0,57.22
1624985837.034,1,59.03
1624985837.138,0,62.44
1624985837.141,1,63.93
1624985837.244,0,70.82
1624985837.247,1,70.08
1624985837.35,0,92.49
1624985837.354,1,105.56
1624985837.458,0,50.78
1624985837.461,1,56.3
1624985837.565,0,50.5
1624985837.568,1,56.57
1624985837.672,0,50.38
1624985837.675,1,57.35
1624985837.779,0,49.21
1624985837.783,1,62.7
1624985837.886,0,51.75
1624985837.889,1,72.17
1624985837.998,0,54.14
1624985838.0,1,81.1
1624985838.103,0,58.68
1624985838.107,1,59.95
1624985838.21,0,64.54
1624985838.213,1,65.78
1624985838.316,0,108.68
1624985838.32,1,91.7
1624985838.425,0,74.49
1624985838.428,1,92.19
1624985838.531,0,50.8
1624985838.534,1,56.91
1624985838.637,0,50.35
1624985838.64,1,57.19
1624985838.744,0,49.6
1624985838.747,1,60.17
1624985838.85,0,50.31
1624985838.853,1,72.06
1624985838.956,0,54.11
1624985838.959,1,76.38
1624985839.062,0,58.73
1624985839.065,1,60.81
1624985839.168,0,62.87
1624985839.172,1,63.9
1624985839.275,0,90.47
1624985839.28,1,84.07
1624985839.384,0,92.4
1624985839.389,1,115.35
1624985839.491,0,50.85
1624985839.494,1,56.18
1624985839.598,0,50.63
1624985839.601,1,56.41
1624985839.705,0,50.09
1624985839.708,1,57.32
1624985839.814,0,49.1
1624985839.817,1,61.04
1624985839.92,0,50.28
1624985839.923,1,77.35
1624985840.026,0,52.24
1624985840.029,1,93.91
1624985840.131,0,55.73
1624985840.135,1,58.07
1624985840.239,0,57.82
1624985840.243,1,59.6
1624985840.346,0,79.4
1624985840.35,1,77.12
1624985840.453,0,122.94
1624985840.456,1,138.32
1624985840.559,0,51.05
1624985840.563,1,56.39
1624985840.667,0,50.61
1624985840.67,1,56.43
1624985840.774,0,49.82
1624985840.777,1,58.34
1624985840.881,0,49.06
1624985840.884,1,61.19
1624985840.987,0,50.17
1624985840.992,1,77.11
1624985841.095,0,54.6
1624985841.098,1,88.13
1624985841.203,0,58.65
1624985841.206,1,60.06
1624985841.309,0,65.69
1624985841.313,1,66.9
1624985841.416,0,92.56
1624985841.419,1,90.8
1624985841.522,0,87.96
1624985841.526,1,119.0
1624985841.63,0,50.85
1624985841.633,1,56.16
1624985841.736,0,50.41
1624985841.739,1,56.86
1624985841.843,0,49.61
1624985841.847,1,57.65
1624985841.953,0,49.22
1624985841.956,1,62.78
1624985842.059,0,52.89
1624985842.062,1,94.8
1624985842.165,0,55.09
1624985842.169,1,69.7
1624985842.274,0,57.37
1624985842.277,1,59.53
1624985842.38,0,60.39
1624985842.383,1,62.54
1624985842.486,0,102.11
1624985842.489,1,97.05
1624985842.592,0,61.91
1624985842.597,1,91.76
1624985842.7,0,50.49
1624985842.703,1,55.49
1624985842.806,0,48.65
1624985842.81,1,57.43
1624985842.913,0,51.12
1624985842.916,1,85.33
1624985843.019,0,56.9
1624985843.022,1,58.89
1624985843.125,0,79.25
1624985843.131,1,77.86
1624985843.234,0,97.06
1624985843.237,1,116.28
1624985843.34,0,50.71
1624985843.342,1,56.03
1624985843.446,0,50.5
1624985843.451,1,56.87
1624985843.555,0,49.71
1624985843.558,1,59.67
1624985843.661,0,50.03
1624985843.664,1,78.9
1624985843.767,0,55.24
1624985843.772,1,68.95
1624985843.877,0,59.3
1624985843.88,1,60.9
1624985843.983,0,62.09
1624985843.987,1,63.12
1624985844.09,0,66.96
1624985844.094,1,67.41
1624985844.197,0,113.21
1624985844.202,1,115.37
1624985844.305,0,50.91
1624985844.308,1,70.05
1624985844.41,0,50.8
1624985844.415,1,56.81
1624985844.522,0,50.51
1624985844.525,1,56.53
1624985844.628,0,49.51
1624985844.631,1,59.82
1624985844.734,0,50.05
1624985844.737,1,68.21
1624985844.842,0,53.65
1624985844.845,1,85.1
1624985844.948,0,58.29
1624985844.952,1,59.99
1624985845.055,0,76.68
1624985845.058,1,72.56
1624985845.163,0,123.93
1624985845.166,1,135.79
1624985845.269,0,50.85
1624985845.272,1,57.5
1624985845.375,0,50.5
1624985845.378,1,56.86
1624985845.484,0,49.74
1624985845.487,1,58.03
1624985845.59,0,49.13
1624985845.593,1,68.08
1624985845.696,0,56.52
1624985845.7,1,64.22
1624985845.805,0,67.83
1624985845.808,1,68.3
1624985845.911,0,92.37
1624985845.914,1,111.52
1624985846.017,0,50.51
1624985846.02,1,55.81
1624985846.126,0,50.31
1624985846.129,1,56.95
1624985846.232,0,49.22
1624985846.235,1,63.69
1624985846.338,0,50.14
1624985846.341,1,76.09
1624985846.447,0,54.04
1624985846.449,1,82.74
1624985846.552,0,58.04
1624985846.556,1,59.67
1624985846.659,0,70.38
1624985846.663,1,67.48
1624985846.768,0,92.94
1624985846.771,1,85.88
1624985846.874,0,107.64
1624985846.877,1,125.79
1624985846.98,0,50.82
1624985846.983,1,56.3
1624985847.089,0,50.74
1624985847.091,1,56.42
1624985847.195,0,50.12
1624985847.198,1,57.07
1624985847.301,0,49.41
1624985847.304,1,58.65
1624985847.41,0,49.55
1624985847.413,1,66.51
1624985847.516,0,52.83
1624985847.518,1,92.82
1624985847.621,0,55.87
1624985847.625,1,64.04
1624985847.73,0,63.61
1624985847.734,1,64.27
1624985847.837,0,72.23
1624985847.84,1,73.12
1624985847.943,0,88.75
1624985847.947,1,81.76
1624985848.051,0,66.68
1624985848.054,1,82.92
1624985848.157,0,50.82
1624985848.16,1,56.25
1624985848.263,0,50.37
1624985848.266,1,56.8
1624985848.373,0,49.06
1624985848.375,1,61.48
1624985848.479,0,51.3
1624985848.482,1,79.56
1624985848.585,0,57.5
1624985848.588,1,65.42
1624985848.693,0,60.27
1624985848.696,1,62.06
1624985848.799,0,62.82
1624985848.803,1,64.15
1624985848.906,0,82.3
1624985848.909,1,78.08
1624985849.014,0,97.57
1624985849.016,1,113.56
1624985849.119,0,50.92
1624985849.122,1,56.55
1624985849.225,0,50.32
1624985849.228,1,57.03
1624985849.335,0,49.64
1624985849.338,1,59.08
1624985849.441,0,49.38
1624985849.444,1,67.19
1624985849.547,0,52.87
1624985849.55,1,85.86
1624985849.656,0,55.9
1624985849.659,1,58.03
1624985849.762,0,62.33
1624985849.765,1,62.85
1624985849.868,0,70.14
1624985849.872,1,67.3
1624985849.977,0,110.02
1624985849.98,1,106.59
1624985850.083,0,51.44
1624985850.086,1,78.37
1624985850.189,0,50.66
1624985850.191,1,56.86
1624985850.297,0,50.07
1624985850.3,1,57.32
1624985850.403,0,49.19
1624985850.406,1,60.2
1624985850.51,0,52.16
1624985850.514,1,86.18
1624985850.618,0,55.29
1624985850.622,1,64.8
1624985850.725,0,59.13
1624985850.728,1,60.6
1624985850.831,0,65.05
1624985850.834,1,64.28
1624985850.939,0,93.74
1624985850.943,1,87.69
1624985851.045,0,86.38
1624985851.048,1,113.08
1624985851.151,0,50.72
1624985851.154,1,56.2
1624985851.261,0,50.44
1624985851.264,1,56.42
1624985851.367,0,49.53
1624985851.373,1,59.74
1624985851.476,0,49.92
1624985851.479,1,73.15
1624985851.582,0,53.21
1624985851.585,1,76.71
1624985851.688,0,57.38
1624985851.694,1,59.36
1624985851.797,0,61.66
1624985851.801,1,63.27
1624985851.904,0,89.43
1624985851.907,1,86.07
1624985852.01,0,112.68
1624985852.015,1,119.04
1624985852.118,0,62.03
1624985852.121,1,88.56
1624985852.223,0,50.69
1624985852.226,1,56.47
1624985852.33,0,50.65
1624985852.335,1,56.95
1624985852.439,0,48.99
1624985852.442,1,61.73
1624985852.545,0,49.89
1624985852.548,1,71.23
1624985852.651,0,52.24
1624985852.656,1,93.45
1624985852.759,0,56.63
1624985852.762,1,58.68
1624985852.865,0,62.0
1624985852.869,1,63.31
1624985852.972,0,87.33
1624985852.978,1,81.76
1624985853.081,0,89.79
1624985853.084,1,115.31
1624985853.187,0,50.76
1624985853.189,1,56.47
1624985853.293,0,50.28
1624985853.298,1,56.78
1624985853.402,0,49.03
1624985853.405,1,61.62
1624985853.508,0,51.06
1624985853.511,1,78.92
1624985853.614,0,54.31
1624985853.62,1,68.05
1624985853.723,0,60.01
1624985853.726,1,61.13
1624985853.829,0,73.16
1624985853.833,1,72.96
1624985853.936,0,121.23
1624985853.941,1,115.1
1624985854.044,0,50.85
1624985854.047,1,72.07
1624985854.15,0,50.82
1624985854.153,1,56.16
1624985854.256,0,50.47
1624985854.261,1,56.74
1624985854.365,0,49.42
1624985854.367,1,60.79
1624985854.471,0,49.86
1624985854.474,1,68.75
1624985854.577,0,51.22
1624985854.582,1,83.84
1624985854.685,0,56.1
1624985854.688,1,58.26
1624985854.791,0,59.78
1624985854.795,1,61.19
1624985854.898,0,72.07
1624985854.903,1,70.71
1624985855.006,0,111.37
1624985855.009,1,108.11
1624985855.112,0,70.49
1624985855.115,1,104.07
1624985855.218,0,50.63
1624985855.224,1,56.68
1624985855.327,0,50.25
1624985855.33,1,57.0
1624985855.433,0,49.1
1624985855.436,1,61.39
1624985855.54,0,49.53
1624985855.544,1,66.84
1624985855.647,0,51.91
1624985855.65,1,92.32
1624985855.753,0,57.02
1624985855.756,1,59.47
1624985855.859,0,63.53
1624985855.866,1,63.67
1624985855.969,0,62.01
1624985855.972,1,63.9
1624985856.075,0,124.21
1624985856.078,1,144.43
1624985856.181,0,50.92
1624985856.186,1,56.82
1624985856.289,0,50.7
1624985856.292,1,56.72
1624985856.396,0,49.94
1624985856.399,1,57.82
1624985856.502,0,49.75
1624985856.507,1,69.22
1624985856.61,0,54.01
1624985856.612,1,82.55
1624985856.715,0,57.17
1624985856.719,1,59.44
1624985856.822,0,77.17
1624985856.828,1,76.23
1624985856.931,0,110.54
1624985856.934,1,121.45
1624985857.037,0,51.01
1624985857.04,1,67.21
1624985857.143,0,50.82
1624985857.149,1,56.22
1624985857.252,0,50.6
1624985857.255,1,56.77
1624985857.359,0,49.81
1624985857.362,1,59.43
1624985857.465,0,49.91
1624985857.469,1,73.48
1624985857.572,0,53.37
1624985857.575,1,91.74
1624985857.678,0,56.81
1624985857.681,1,58.95
1624985857.784,0,65.61
1624985857.791,1,65.98
1624985857.894,0,83.72
1624985857.897,1,79.74
1624985858.0,0,92.35
1624985858.004,1,86.91
1624985858.107,0,77.73
1624985858.111,1,97.59
1624985858.214,0,50.65
1624985858.217,1,55.96
1624985858.321,0,50.4
1624985858.324,1,57.09
1624985858.427,0,49.45
1624985858.434,1,58.43
1624985858.54,0,49.75
1624985858.543,1,72.95
1624985858.645,0,55.75
1624985858.649,1,61.06
1624985858.752,0,60.14
1624985858.755,1,60.6
1624985858.861,0,73.65
1624985858.864,1,71.82
1624985858.967,0,115.38
1624985858.97,1,126.09
1624985859.073,0,51.05
1624985859.076,1,80.63
1624985859.181,0,50.86
1624985859.184,1,56.27
1624985859.287,0,50.29
1624985859.29,1,57.26
1624985859.394,0,49.2
1624985859.397,1,61.41
1624985859.502,0,50.91
1624985859.505,1,79.65
1624985859.608,0,53.41
1624985859.611,1,78.27
1624985859.715,0,59.07
1624985859.719,1,60.2
1624985859.823,0,59.57
1624985859.826,1,60.57
1624985859.929,0,74.3
1624985859.933,1,72.68
1624985860.036,0,104.97
1624985860.039,1,116.17
1624985860.144,0,50.88
1624985860.147,1,63.87
1624985860.25,0,50.82
1624985860.253,1,56.52
1624985860.357,0,50.15
1624985860.359,1,57.28
1624985860.465,0,48.99
1624985860.468,1,64.59
1624985860.571,0,51.07
1624985860.574,1,82.53
1624985860.677,0,53.26
1624985860.68,1,79.62
1624985860.783,0,61.69
1624985860.786,1,63.38
1624985860.889,0,70.57
1624985860.893,1,70.67
1624985860.996,0,102.92
1624985861.0,1,96.38
1624985861.103,0,94.15
1624985861.106,1,113.45
1624985861.209,0,50.81
1624985861.212,1,55.94
1624985861.315,0,50.58
1624985861.32,1,56.6
1624985861.423,0,50.11
1624985861.426,1,57.45
1624985861.53,0,49.47
1624985861.533,1,64.93
1624985861.635,0,52.15
1624985861.643,1,93.69
1624985861.745,0,57.24
1624985861.749,1,59.49
1624985861.852,0,59.8
1624985861.855,1,61.48
1624985861.958,0,86.84
1624985861.963,1,82.98
1624985862.066,0,110.0
1624985862.068,1,126.53
1624985862.171,0,50.93
1624985862.174,1,56.08
1624985862.278,0,50.73
1624985862.283,1,56.59
1624985862.386,0,49.99
1624985862.389,1,57.51
1624985862.493,0,49.38
1624985862.496,1,67.34
1624985862.598,0,51.98
1624985862.604,1,86.17
1624985862.707,0,56.34
1624985862.71,1,63.64
1624985862.813,0,48.1
1624985862.816,1,50.56
1624985862.919,0,58.21
1624985862.925,1,60.0
1624985863.028,0,66.56
1624985863.032,1,67.46
1624985863.135,0,97.85
1624985863.138,1,93.67
1624985863.241,0,108.84
1624985863.249,1,110.34
1624985863.353,0,56.8
1624985863.356,1,81.49
1624985863.459,0,50.7
1624985863.462,1,55.52
1624985863.565,0,50.1
1624985863.568,1,56.57
1624985863.674,0,48.9
1624985863.677,1,63.07
1624985863.781,0,50.01
1624985863.783,1,73.63
1624985863.886,0,53.81
1624985863.889,1,73.35
1624985863.995,0,57.02
1624985863.998,1,59.09
1624985864.101,0,72.19
1624985864.104,1,70.86
1624985864.208,0,101.36
1624985864.211,1,95.53
1624985864.315,0,65.63
1624985864.318,1,84.46
1624985864.421,0,50.84
1624985864.424,1,55.96
1624985864.527,0,50.44
1624985864.531,1,56.4
1624985864.636,0,50.08
1624985864.639,1,57.4
1624985864.743,0,49.48
1624985864.746,1,59.39
1624985864.849,0,50.3
1624985864.853,1,71.9
1624985864.957,0,53.14
1624985864.96,1,91.3
1624985865.063,0,57.53
1624985865.067,1,59.62
1624985865.17,0,61.06
1624985865.173,1,61.73
1624985865.278,0,76.36
1624985865.282,1,74.07
1624985865.385,0,92.18
1624985865.387,1,111.82
1624985865.49,0,50.73
1624985865.494,1,56.63
1624985865.599,0,50.53
1624985865.602,1,56.91
1624985865.706,0,50.09
1624985865.709,1,57.7
1624985865.812,0,49.24
1624985865.815,1,62.97
1624985865.921,0,51.54
1624985865.923,1,97.75
1624985866.026,0,54.93
1624985866.03,1,63.57
1624985866.133,0,58.69
1624985866.137,1,60.03
1624985866.241,0,63.48
1624985866.245,1,63.95
1624985866.348,0,93.35
1624985866.351,1,88.54
1624985866.454,0,114.8
1624985866.461,1,107.57
1624985866.564,0,52.51
1624985866.566,1,80.05
1624985866.669,0,50.8
1624985866.672,1,56.53
1624985866.776,0,50.63
1624985866.781,1,57.01
1624985866.884,0,49.93
1624985866.887,1,58.53
1624985866.991,0,49.15
1624985866.993,1,66.82
1624985867.096,0,52.24
1624985867.099,1,95.34
1624985867.204,0,57.05
1624985867.207,1,58.86
1624985867.31,0,63.07
1624985867.314,1,64.17
1624985867.417,0,75.99
1624985867.42,1,72.73
1624985867.525,0,106.55
1624985867.528,1,101.67
1624985867.631,0,62.38
1624985867.633,1,91.22
1624985867.737,0,50.79
1624985867.739,1,56.31
1624985867.846,0,50.51
1624985867.849,1,56.48
1624985867.953,0,49.99
1624985867.956,1,57.42
1624985868.059,0,49.22
1624985868.062,1,65.61
1624985868.167,0,50.06
1624985868.173,1,71.37
1624985868.276,0,52.1
1624985868.279,1,92.23
1624985868.382,0,56.25
1624985868.386,1,58.41
1624985868.489,0,58.13
1624985868.492,1,60.37
1624985868.595,0,80.78
1624985868.598,1,78.18
1624985868.701,0,93.43
1624985868.705,1,90.46
1624985868.808,0,64.47
1624985868.811,1,91.47
1624985868.914,0,50.63
1624985868.917,1,56.72
1624985869.02,0,50.18
1624985869.023,1,56.84
1624985869.129,0,48.86
1624985869.132,1,62.82
1624985869.235,0,50.98
1624985869.238,1,79.61
1624985869.341,0,55.86
1624985869.344,1,76.82
1624985869.45,0,58.21
1624985869.453,1,59.69
1624985869.556,0,78.77
1624985869.56,1,77.8
1624985869.663,0,88.55
1624985869.666,1,82.74
1624985869.77,0,70.19
1624985869.774,1,96.46
1624985869.876,0,50.8
1624985869.879,1,56.32
1624985869.983,0,50.53
1624985869.986,1,56.43
1624985870.092,0,49.96
1624985870.095,1,57.97
1624985870.198,0,49.68
1624985870.206,1,58.28
1624985870.312,0,49.9
1624985870.315,1,70.92
1624985870.418,0,51.06
1624985870.421,1,85.07
1624985870.524,0,54.52
1624985870.529,1,81.48
1624985870.634,0,57.4
1624985870.637,1,58.97
1624985870.742,0,71.88
1624985870.745,1,71.58
1624985870.848,0,119.56
1624985870.851,1,110.83
1624985870.954,0,60.72
1624985870.957,1,83.24
1624985871.06,0,50.8
1624985871.063,1,56.24
1624985871.167,0,50.12
1624985871.17,1,56.86
1624985871.275,0,49.77
1624985871.278,1,58.43
1624985871.382,0,49.47
1624985871.385,1,65.62
1624985871.488,0,52.37
1624985871.49,1,83.64
1624985871.596,0,56.33
1624985871.599,1,58.57
1624985871.702,0,65.28
1624985871.706,1,64.97
1624985871.809,0,83.73
1624985871.813,1,82.42
1624985871.917,0,103.72
1624985871.919,1,120.37
1624985872.022,0,50.76
1624985872.025,1,56.38
1624985872.129,0,50.47
1624985872.132,1,56.91
1624985872.238,0,50.04
1624985872.245,1,57.24
1624985872.348,0,49.1
1624985872.351,1,62.26
1624985872.454,0,50.89
1624985872.457,1,78.03
1624985872.56,0,54.94
1624985872.564,1,63.45
1624985872.667,0,59.13
1624985872.672,1,60.66
1624985872.775,0,63.72
1624985872.778,1,64.5
1624985872.881,0,100.5
1624985872.885,1,93.43
1624985872.988,0,69.61
1624985872.991,1,97.52
1624985873.094,0,50.89
1624985873.097,1,56.03
1624985873.2,0,50.49
1624985873.203,1,56.65
1624985873.307,0,48.94
1624985873.309,1,60.16
1624985873.413,0,49.86
1624985873.416,1,71.64
1624985873.521,0,53.86
1624985873.523,1,85.65
1624985873.626,0,56.98
1624985873.631,1,58.74
1624985873.734,0,69.62
1624985873.737,1,67.79
1624985873.841,0,93.54
1624985873.845,1,84.43
1624985873.949,0,94.77
1624985873.952,1,116.69
1624985874.055,0,50.83
1624985874.059,1,56.12
1624985874.163,0,50.63
1624985874.166,1,56.22
1624985874.269,0,49.69
1624985874.272,1,59.12
1624985874.375,0,49.83
1624985874.378,1,67.01
1624985874.483,0,50.88
1624985874.492,1,87.63
1624985874.595,0,56.68
1624985874.599,1,58.09
1624985874.704,0,63.88
1624985874.707,1,64.72
1624985874.81,0,71.63
1624985874.814,1,70.7
1624985874.916,0,132.02
1624985874.921,1,136.42
1624985875.025,0,51.05
1624985875.027,1,68.83
1624985875.13,0,50.57
1624985875.133,1,56.34
1624985875.237,0,50.02
1624985875.239,1,57.28
1624985875.346,0,49.13
1624985875.35,1,60.97
1624985875.454,0,51.14
1624985875.457,1,83.68
1624985875.559,0,55.95
1624985875.563,1,68.41
1624985875.667,0,57.48
1624985875.67,1,59.28
1624985875.773,0,63.2
1624985875.779,1,64.34
1624985875.882,0,72.96
1624985875.885,1,71.82
1624985875.988,0,120.28
1624985875.991,1,138.25
1624985876.094,0,50.92
1624985876.097,1,56.36
1624985876.2,0,50.6
1624985876.205,1,56.28
1624985876.308,0,48.71
1624985876.311,1,62.56
1624985876.415,0,50.74
1624985876.417,1,87.29
1624985876.52,0,59.22
1624985876.525,1,60.33
1624985876.629,0,64.65
1624985876.632,1,64.82
1624985876.735,0,79.96
1624985876.739,1,78.6
1624985876.842,0,102.82
1624985876.845,1,121.07
1624985876.949,0,50.99
1624985876.952,1,75.72
1624985877.057,0,50.72
1624985877.06,1,56.4
1624985877.163,0,50.44
1624985877.166,1,56.82
1624985877.271,0,49.1
1624985877.274,1,60.63
1624985877.377,0,49.72
1624985877.38,1,70.36
1624985877.483,0,52.51
1624985877.486,1,96.74
1624985877.592,0,54.69
1624985877.595,1,61.06
1624985877.698,0,60.61
1624985877.702,1,61.83
1624985877.805,0,77.31
1624985877.808,1,72.76
1624985877.912,0,103.47
1624985877.916,1,94.95
1624985878.019,0,68.31
1624985878.021,1,97.0
1624985878.124,0,50.63
1624985878.127,1,56.63
1624985878.233,0,50.47
1624985878.236,1,56.83
1624985878.34,0,49.93
1624985878.343,1,58.32
1624985878.446,0,49.87
1624985878.449,1,69.43
1624985878.554,0,52.04
1624985878.557,1,90.95
1624985878.662,0,57.46
1624985878.665,1,59.53
1624985878.768,0,66.48
1624985878.771,1,66.07
1624985878.875,0,91.59
1624985878.879,1,87.96
1624985878.982,0,96.06
1624985878.985,1,112.08
1624985879.087,0,50.59
1624985879.09,1,56.73
1624985879.196,0,50.59
1624985879.199,1,56.86
1624985879.303,0,50.05
1624985879.306,1,57.89
1624985879.409,0,49.06
1624985879.412,1,60.79
1624985879.518,0,50.73
1624985879.52,1,80.28
1624985879.623,0,55.78
1624985879.626,1,67.02
1624985879.729,0,66.07
1624985879.734,1,63.82
1624985879.838,0,74.55
1624985879.842,1,73.72
1624985879.945,0,116.41
1624985879.947,1,129.6
1624985880.05,0,50.85
1624985880.053,1,84.28
1624985880.159,0,50.67
1624985880.162,1,56.38
1624985880.266,0,50.19
1624985880.269,1,56.94
1624985880.372,0,49.05
1624985880.375,1,61.09
1624985880.48,0,50.6
1624985880.483,1,80.8
1624985880.586,0,55.2
1624985880.589,1,67.79
1624985880.692,0,61.46
1624985880.695,1,61.35
1624985880.801,0,63.77
1624985880.804,1,64.64
1624985880.907,0,91.1
1624985880.911,1,87.86
1624985881.014,0,88.45
1624985881.017,1,114.36
1624985881.121,0,50.81
1624985881.124,1,56.05
1624985881.228,0,50.45
1624985881.231,1,57.01
1624985881.334,0,49.03
1624985881.339,1,61.08
1624985881.443,0,49.68
1624985881.446,1,69.13
1624985881.549,0,53.1
1624985881.551,1,80.84
1624985881.654,0,57.63
1624985881.658,1,58.76
1624985881.763,0,61.27
1624985881.767,1,62.85
1624985881.87,0,93.31
1624985881.873,1,89.53
1624985881.976,0,97.5
1624985881.979,1,126.64
1624985882.084,0,50.71
1624985882.087,1,56.19
1624985882.19,0,50.6
1624985882.193,1,56.38
1624985882.297,0,50.02
1624985882.3,1,57.43
1624985882.406,0,48.93
1624985882.408,1,61.63
1624985882.512,0,50.72
1624985882.515,1,74.85
1624985882.618,0,53.65
1624985882.62,1,95.31
1624985882.726,0,57.06
1624985882.73,1,58.76
1624985882.832,0,65.82
1624985882.836,1,66.02
1624985882.939,0,74.53
1624985882.944,1,73.28
1624985883.047,0,119.11
1624985883.05,1,115.74
1624985883.154,0,50.53
1624985883.157,1,56.04
1624985883.26,0,50.25
1624985883.263,1,56.5
1624985883.368,0,49.22
1624985883.371,1,60.29
1624985883.474,0,50.01
1624985883.477,1,80.99
1624985883.58,0,53.11
1624985883.583,1,94.23
1624985883.689,0,57.08
1624985883.692,1,58.87
1624985883.795,0,63.65
1624985883.798,1,64.9
1624985883.901,0,65.11
1624985883.905,1,64.34
1624985884.009,0,113.18
1624985884.013,1,104.62
1624985884.116,0,74.53
1624985884.119,1,94.21
1624985884.221,0,50.84
1624985884.224,1,64.12
1624985884.331,0,50.7
1624985884.334,1,56.22
1624985884.437,0,50.14
1624985884.44,1,56.7
1624985884.543,0,49.41
1624985884.548,1,58.84
1624985884.652,0,50.36
1624985884.655,1,76.41
1624985884.758,0,55.96
1624985884.761,1,66.82
1624985884.864,0,56.3
1624985884.867,1,57.84
1624985884.973,0,66.92
1624985884.977,1,67.79
1624985885.079,0,93.14
1624985885.083,1,88.21
1624985885.186,0,74.43
1624985885.189,1,110.08
1624985885.294,0,50.75
1624985885.297,1,56.53
1624985885.4,0,50.42
1624985885.403,1,56.6
1624985885.507,0,49.67
1624985885.509,1,57.49
1624985885.615,0,49.42
1624985885.618,1,64.62
1624985885.721,0,51.22
1624985885.724,1,82.29
1624985885.827,0,55.51
1624985885.83,1,66.81
1624985885.935,0,60.13
1624985885.939,1,61.55
1624985886.042,0,70.33
1624985886.045,1,69.15
1624985886.148,0,113.73
1624985886.152,1,103.32
1624985886.256,0,50.72
1624985886.259,1,55.65
1624985886.363,0,50.3
1624985886.365,1,56.29
1624985886.469,0,49.74
1624985886.472,1,57.32
1624985886.577,0,49.57
1624985886.58,1,73.32
1624985886.683,0,52.32
1624985886.686,1,87.24
1624985886.789,0,55.65
1624985886.792,1,60.97
1624985886.898,0,60.87
1624985886.901,1,61.79
1624985887.004,0,76.05
1624985887.008,1,74.95
1624985887.111,0,89.63
1624985887.114,1,84.26
1624985887.219,0,91.89
1624985887.222,1,107.15
1624985887.325,0,50.8
1624985887.328,1,56.22
1624985887.431,0,50.34
1624985887.434,1,56.72
1624985887.54,0,49.39
1624985887.543,1,60.97
1624985887.647,0,49.71
1624985887.65,1,68.06
1624985887.752,0,52.75
1624985887.755,1,91.71
1624985887.861,0,58.41
1624985887.864,1,60.01
1624985887.967,0,70.33
1624985887.971,1,70.27
1624985888.074,0,78.83
1624985888.077,1,75.49
1624985888.181,0,88.98
1624985888.185,1,92.12
1624985888.288,0,53.89
1624985888.291,1,81.98
1624985888.394,0,50.36
1624985888.396,1,56.46
1624985888.502,0,49.93
1624985888.505,1,57.55
1624985888.609,0,49.41
1624985888.612,1,66.04
1624985888.715,0,52.36
1624985888.718,1,89.22
1624985888.823,0,56.19
1624985888.826,1,65.8
1624985888.929,0,60.64
1624985888.933,1,62.52
1624985889.036,0,99.28
1624985889.039,1,89.59
1624985889.144,0,87.87
1624985889.147,1,105.16
1624985889.25,0,50.7
1624985889.253,1,56.7
1624985889.356,0,50.37
1624985889.359,1,56.8
1624985889.466,0,49.8
1624985889.469,1,58.46
1624985889.572,0,49.49
1624985889.575,1,65.46
1624985889.678,0,51.18
1624985889.681,1,83.76
1624985889.788,0,53.72
1624985889.79,1,76.87
1624985889.893,0,58.54
1624985889.897,1,60.22
1624985890.0,0,69.3
1624985890.003,1,67.85
1624985890.107,0,88.55
1624985890.111,1,84.21
1624985890.214,0,79.8
1624985890.216,1,101.55
1624985890.319,0,50.75
1624985890.322,1,56.62
1624985890.428,0,50.44
1624985890.431,1,56.05
1624985890.535,0,49.64
1624985890.537,1,57.76
1624985890.641,0,49.19
1624985890.644,1,62.27
1624985890.749,0,50.99
1624985890.752,1,78.75
1624985890.855,0,55.24
1624985890.858,1,64.62
1624985890.961,0,62.63
1624985890.964,1,62.23
1624985891.07,0,62.18
1624985891.073,1,63.75
1624985891.176,0,83.42
1624985891.179,1,80.69
1624985891.283,0,114.04
1624985891.285,1,111.56
1624985891.391,0,50.72
1624985891.394,1,56.37
1624985891.497,0,50.7
1624985891.5,1,56.26
1624985891.604,0,49.9
1624985891.607,1,57.32
1624985891.712,0,49.55
1624985891.715,1,66.81
1624985891.817,0,55.29
1624985891.82,1,68.22
1624985891.923,0,56.44
1624985891.927,1,58.33
1624985892.032,0,59.5
1624985892.036,1,60.79
1624985892.139,0,65.82
1624985892.143,1,66.57
1624985892.246,0,121.27
1624985892.252,1,113.72
1624985892.355,0,75.55
1624985892.358,1,96.57
1624985892.46,0,50.63
1624985892.465,1,56.41
1624985892.568,0,50.09
1624985892.573,1,57.13
1624985892.676,0,49.06
1624985892.679,1,63.01
1624985892.782,0,51.01
1624985892.785,1,88.75
1624985892.888,0,56.06
1624985892.894,1,65.09
1624985892.997,0,59.99
1624985893.001,1,61.49
1624985893.104,0,76.4
1624985893.107,1,75.16
1624985893.21,0,97.5
1624985893.215,1,92.21
1624985893.318,0,77.42
1624985893.321,1,101.95
1624985893.424,0,50.47
1624985893.427,1,56.55
1624985893.53,0,50.12
1624985893.536,1,57.09
1624985893.64,0,49.22
1624985893.642,1,63.42
1624985893.746,0,51.23
1624985893.749,1,81.68
1624985893.851,0,54.01
1624985893.857,1,66.84
1624985893.96,0,60.69
1624985893.964,1,62.3
1624985894.067,0,71.63
1624985894.071,1,70.8
1624985894.174,0,92.2
1624985894.178,1,87.35
1624985894.281,0,87.78
1624985894.284,1,108.88
1624985894.387,0,50.66
1624985894.39,1,56.06
1624985894.494,0,50.47
1624985894.499,1,56.34
1624985894.603,0,50.25
1624985894.606,1,57.33
1624985894.709,0,49.23
1624985894.712,1,63.22
1624985894.815,0,50.38
1624985894.82,1,76.45
1624985894.923,0,53.58
1624985894.925,1,80.84
1624985895.028,0,56.54
1624985895.032,1,58.6
1624985895.135,0,60.44
1624985895.141,1,61.56
1624985895.244,0,87.94
1624985895.248,1,83.61
1624985895.351,0,89.67
1624985895.353,1,104.54
1624985895.456,0,50.73
1624985895.461,1,56.24
1624985895.565,0,50.34
1624985895.568,1,56.83
1624985895.671,0,49.44
1624985895.674,1,60.39
1624985895.778,0,49.51
1624985895.782,1,71.9
1624985895.885,0,52.9
1624985895.888,1,81.82
1624985895.991,0,56.61
1624985895.994,1,58.79
1624985896.097,0,58.15
1624985896.104,1,59.86
1624985896.207,0,77.85
1624985896.21,1,76.03
1624985896.313,0,121.79
1624985896.316,1,117.05
1624985896.419,0,66.39
1624985896.425,1,93.2
1624985896.527,0,50.6
1624985896.53,1,56.39
1624985896.634,0,50.29
1624985896.637,1,56.86
1624985896.74,0,49.9
1624985896.745,1,58.22
1624985896.848,0,49.73
1624985896.851,1,71.1
1624985896.954,0,53.24
1624985896.957,1,88.63
1624985897.06,0,59.32
1624985897.066,1,60.63
1624985897.169,0,66.15
1624985897.172,1,65.84
1624985897.275,0,110.88
1624985897.279,1,103.31
1624985897.381,0,65.58
1624985897.386,1,99.03
1624985897.489,0,50.56
1624985897.492,1,56.83
1624985897.596,0,50.35
1624985897.599,1,57.24
1624985897.702,0,49.65
1624985897.708,1,58.82
1624985897.811,0,49.8
1624985897.814,1,69.4
1624985897.917,0,51.29
1624985897.919,1,84.02
1624985898.022,0,53.66
1624985898.029,1,73.55
1624985898.132,0,59.91
1624985898.135,1,61.62
1624985898.238,0,76.33
1624985898.241,1,74.52
1624985898.344,0,94.87
1624985898.35,1,89.68
1624985898.453,0,61.64
1624985898.456,1,88.5
1624985898.559,0,50.35
1624985898.562,1,56.43
1624985898.665,0,50.19
1624985898.671,1,57.05
1624985898.774,0,48.87
1624985898.777,1,61.89
1624985898.881,0,50.06
1624985898.884,1,82.03
1624985898.987,0,56.49
1624985898.992,1,58.45
1624985899.095,0,60.05
1624985899.098,1,61.76
1624985899.201,0,70.93
1624985899.205,1,70.71
1624985899.308,0,114.51
1624985899.313,1,98.02
1624985899.419,0,64.2
1624985899.422,1,88.83
1624985899.525,0,50.66
1624985899.528,1,56.17
1624985899.632,0,50.28
1624985899.634,1,56.47
1624985899.741,0,49.83
1624985899.744,1,59.3
1624985899.847,0,49.79
1624985899.85,1,70.38
1624985899.953,0,52.66
1624985899.956,1,84.24
1624985900.059,0,57.25
1624985900.062,1,59.13
1624985900.165,0,60.7
1624985900.169,1,62.22
1624985900.272,0,76.93
1624985900.276,1,75.06
1624985900.379,0,104.18
1624985900.382,1,119.11
1624985900.487,0,50.79
1624985900.489,1,55.69
1624985900.593,0,50.58
1624985900.596,1,56.57
1624985900.7,0,49.99
1624985900.703,1,57.39
1624985900.809,0,49.32
1624985900.812,1,69.1
1624985900.915,0,51.48
1624985900.918,1,88.99
1624985901.021,0,56.96
1624985901.024,1,58.82
1624985901.127,0,60.0
1624985901.131,1,60.14
1624985901.238,0,64.6
1624985901.241,1,65.58
1624985901.344,0,71.84
1624985901.348,1,72.17
1624985901.451,0,88.7
1624985901.453,1,106.86
1624985901.556,0,50.7
1624985901.559,1,62.98
1624985901.663,0,50.6
1624985901.666,1,56.28
1624985901.769,0,49.86
1624985901.772,1,57.37
1624985901.875,0,49.11
1624985901.88,1,60.14
1624985901.986,0,49.33
1624985901.99,1,67.18
1624985902.093,0,53.49
1624985902.096,1,84.21
1624985902.199,0,58.13
1624985902.202,1,60.01
1624985902.305,0,64.35
1624985902.309,1,64.43
1624985902.412,0,82.91
1624985902.415,1,80.9
1624985902.518,0,96.65
1624985902.522,1,110.6
1624985902.625,0,50.74
1624985902.628,1,60.91
1624985902.731,0,50.54
1624985902.734,1,56.1
1624985902.838,0,50.09
1624985902.843,1,57.12
1624985902.946,0,49.06
1624985902.949,1,63.09
1624985903.052,0,51.76
1624985903.055,1,94.98
1624985903.158,0,54.05
1624985903.164,1,87.92
1624985903.27,0,57.25
1624985903.273,1,58.76
1624985903.376,0,71.04
1624985903.379,1,70.87
1624985903.482,0,98.56
1624985903.485,1,93.65
1624985903.588,0,72.59
1624985903.592,1,101.64
1624985903.696,0,50.64
1624985903.699,1,55.65
1624985903.803,0,50.09
1624985903.806,1,56.62
1624985903.91,0,48.62
1624985903.912,1,61.09
1624985904.016,0,50.53
1624985904.019,1,71.1
1624985904.124,0,53.04
1624985904.127,1,90.8
1624985904.23,0,57.04
1624985904.233,1,59.13
1624985904.336,0,59.25
1624985904.34,1,61.6
1624985904.443,0,81.16
1624985904.448,1,77.9
1624985904.551,0,100.64
1624985904.554,1,104.01
1624985904.657,0,50.7
1624985904.66,1,56.12
1624985904.763,0,50.41
1624985904.768,1,56.31
1624985904.872,0,49.74
1624985904.875,1,56.95
1624985904.98,0,49.46
1624985904.983,1,68.42
1624985905.086,0,51.31
1624985905.089,1,95.74
1624985905.192,0,56.41
1624985905.196,1,61.92
1624985905.299,0,58.88
1624985905.303,1,59.11
1624985905.411,0,64.99
1624985905.415,1,65.43
1624985905.518,0,80.7
1624985905.521,1,78.25
1624985905.624,0,93.71
1624985905.627,1,113.85
1624985905.73,0,50.57
1624985905.733,1,55.46
1624985905.84,0,50.44
1624985905.843,1,56.32
1624985905.946,0,50.05
1624985905.951,1,57.11
1624985906.055,0,48.92
1624985906.058,1,62.28
1624985906.161,0,50.2
1624985906.164,1,72.41
1624985906.268,0,53.32
1624985906.273,1,89.06
1624985906.376,0,55.25
1624985906.379,1,57.43
1624985906.482,0,58.65
1624985906.485,1,60.26
1624985906.588,0,69.07
1624985906.593,1,68.85
1624985906.697,0,92.29
1624985906.702,1,85.49
1624985906.805,0,79.83
1624985906.808,1,96.46
1624985906.911,0,50.53
1624985906.915,1,56.6
1624985907.018,0,50.13
1624985907.021,1,56.52
1624985907.127,0,49.08
1624985907.13,1,60.91
1624985907.233,0,50.62
1624985907.236,1,79.54
1624985907.339,0,56.15
1624985907.342,1,62.31
1624985907.445,0,59.94
1624985907.449,1,59.53
1624985907.557,0,59.18
1624985907.561,1,60.67
1624985907.664,0,67.37
1624985907.667,1,67.0
1624985907.77,0,109.1
1624985907.773,1,114.73
1624985907.876,0,50.7
1624985907.879,1,82.93
1624985907.985,0,50.51
1624985907.988,1,56.43
1624985908.091,0,49.93
1624985908.094,1,57.34
1624985908.198,0,49.29
1624985908.2,1,66.18
1624985908.303,0,51.01
1624985908.308,1,76.18
1624985908.412,0,53.87
1624985908.415,1,81.21
1624985908.518,0,58.84
1624985908.522,1,60.26
1624985908.625,0,62.35
1624985908.628,1,63.03
1624985908.731,0,79.14
1624985908.735,1,77.36
1624985908.838,0,108.18
1624985908.841,1,126.43
1624985908.944,0,50.73
1624985908.947,1,55.85
1624985909.051,0,50.47
1624985909.053,1,56.54
1624985909.159,0,49.62
1624985909.162,1,59.06
1624985909.266,0,49.72
1624985909.268,1,67.99
1624985909.371,0,52.51
1624985909.374,1,77.88
1624985909.483,0,56.32
1624985909.486,1,58.18
1624985909.589,0,63.94
1624985909.593,1,65.48
1624985909.696,0,67.4
1624985909.699,1,67.0
1624985909.803,0,113.65
1624985909.806,1,105.75
1624985909.909,0,51.31
1624985909.912,1,78.58
1624985910.015,0,50.54
1624985910.018,1,56.39
1624985910.124,0,50.47
1624985910.127,1,56.25
1624985910.23,0,49.61
1624985910.233,1,58.09
1624985910.337,0,50.05
1624985910.34,1,69.84
1624985910.445,0,52.64
1624985910.448,1,93.64
1624985910.551,0,57.09
1624985910.554,1,58.78
1624985910.658,0,58.78
1624985910.661,1,59.43
1624985910.766,0,77.91
1624985910.769,1,75.23
1624985910.872,0,117.43
1624985910.875,1,111.96
1624985910.978,0,50.83
1624985910.981,1,99.17
1624985911.087,0,50.47
1624985911.09,1,56.29
1624985911.193,0,49.97
1624985911.196,1,57.4
1624985911.3,0,48.84
1624985911.303,1,61.31
1624985911.408,0,50.25
1624985911.411,1,80.47
1624985911.514,0,53.98
1624985911.517,1,68.61
1624985911.62,0,57.53
1624985911.623,1,59.14
1624985911.728,0,60.77
1624985911.732,1,61.97
1624985911.835,0,77.6
1624985911.838,1,75.42
1624985911.941,0,104.6
1624985911.944,1,112.5
1624985912.049,0,50.8
1624985912.052,1,77.46
1624985912.155,0,50.59
1624985912.158,1,56.47
1624985912.262,0,50.09
1624985912.264,1,57.03
1624985912.37,0,48.97
1624985912.373,1,65.64
1624985912.476,0,51.5
1624985912.479,1,95.12
1624985912.582,0,55.3
1624985912.586,1,64.52
1624985912.691,0,62.61
1624985912.694,1,63.24
1624985912.797,0,75.69
1624985912.801,1,73.91
1624985912.904,0,104.95
1624985912.907,1,114.01
1624985913.012,0,50.75
1624985913.015,1,71.73
1624985913.118,0,50.56
1624985913.12,1,56.53
1624985913.224,0,49.89
1624985913.227,1,57.16
1624985913.333,0,49.03
1624985913.336,1,62.14
1624985913.439,0,49.59
1624985913.442,1,71.36
1624985913.545,0,54.91
1624985913.548,1,79.9
1624985913.653,0,55.61
1624985913.657,1,58.07
1624985913.76,0,61.91
1624985913.763,1,62.85
1624985913.866,0,95.84
1624985913.87,1,86.5
1624985913.974,0,104.57
1624985913.977,1,122.88
1624985914.08,0,50.76
1624985914.083,1,55.79
1624985914.186,0,50.6
1624985914.189,1,56.32
1624985914.295,0,50.23
1624985914.298,1,56.89
1624985914.402,0,49.37
1624985914.405,1,68.31
1624985914.508,0,51.89
1624985914.51,1,83.41
1624985914.616,0,57.41
1624985914.62,1,59.28
1624985914.723,0,64.42
1624985914.726,1,65.54
1624985914.829,0,93.52
1624985914.833,1,84.74
1624985914.937,0,59.32
1624985914.94,1,88.8
1624985915.043,0,50.52
1624985915.046,1,56.02
1624985915.149,0,50.31
1624985915.152,1,56.49
1624985915.258,0,49.41
1624985915.261,1,58.09
1624985915.365,0,50.03
1624985915.368,1,72.54
1624985915.471,0,55.35
1624985915.474,1,88.06
1624985915.579,0,57.5
1624985915.583,1,59.48
1624985915.686,0,61.81
1624985915.689,1,62.71
1624985915.794,0,77.9
1624985915.8,1,76.78
1624985915.903,0,96.89
1624985915.907,1,91.68
1624985916.01,0,50.72
1624985916.013,1,69.31
1624985916.115,0,50.57
1624985916.121,1,56.44
1624985916.225,0,50.02
1624985916.228,1,57.17
1624985916.331,0,49.1
1624985916.334,1,63.27
1624985916.437,0,49.54
1624985916.442,1,70.48
1624985916.545,0,52.61
1624985916.548,1,89.05
1624985916.651,0,56.98
1624985916.654,1,58.74
1624985916.757,0,73.15
1624985916.764,1,72.38
1624985916.867,0,98.93
1624985916.87,1,94.4
1624985916.973,0,63.16
1624985916.976,1,91.07
1624985917.079,0,50.65
1624985917.084,1,55.9
1624985917.188,0,50.18
1624985917.191,1,56.64
1624985917.294,0,49.0
1624985917.297,1,60.2
1624985917.401,0,51.31
1624985917.405,1,89.82
1624985917.508,0,55.49
1624985917.511,1,64.45
1624985917.614,0,58.5
1624985917.618,1,60.7
1624985917.721,0,68.57
1624985917.726,1,68.77
1624985917.829,0,79.14
1624985917.833,1,79.85
1624985917.936,0,50.7
1624985917.939,1,75.18
1624985918.042,0,50.33
1624985918.047,1,55.95
1624985918.15,0,49.67
1624985918.153,1,57.18
1624985918.257,0,49.86
1624985918.259,1,69.51
1624985918.362,0,52.04
1624985918.368,1,92.44
1624985918.47,0,56.97
1624985918.474,1,58.84
1624985918.577,0,66.85
1624985918.58,1,68.07
1624985918.683,0,70.9
1624985918.689,1,69.54
1624985918.792,0,99.01
1624985918.795,1,114.99
1624985918.898,0,50.82
1624985918.901,1,55.85
1624985919.004,0,50.39
1624985919.01,1,56.18
1624985919.113,0,49.74
1624985919.116,1,57.55
1624985919.219,0,49.16
1624985919.222,1,64.07
1624985919.325,0,51.04
1624985919.33,1,82.36
1624985919.433,0,55.08
1624985919.437,1,63.72
1624985919.54,0,58.21
1624985919.543,1,59.9
1624985919.646,0,68.71
1624985919.652,1,67.56
1624985919.755,0,85.39
1624985919.758,1,82.13
1624985919.861,0,51.61
1624985919.864,1,102.57
1624985919.97,0,50.39
1624985919.973,1,56.39
1624985920.077,0,49.77
1624985920.08,1,57.99
1624985920.183,0,50.21
1624985920.186,1,77.35
1624985920.292,0,56.02
1624985920.295,1,58.07
1624985920.398,0,62.53
1624985920.401,1,62.98
1624985920.506,0,72.87
1624985920.51,1,72.37
1624985920.613,0,103.05
1624985920.616,1,98.33
1624985920.719,0,50.76
1624985920.722,1,69.22
1624985920.825,0,50.53
1624985920.828,1,56.11
1624985920.934,0,50.34
1624985920.938,1,56.03
1624985921.042,0,49.74
1624985921.045,1,57.84
1624985921.148,0,49.48
1624985921.151,1,71.35
1624985921.255,0,53.69
1624985921.257,1,86.19
1624985921.36,0,55.1
1624985921.364,1,57.64
1624985921.467,0,63.12
1624985921.47,1,62.63
1624985921.575,0,75.81
1624985921.578,1,73.4
1624985921.682,0,96.64
1624985921.684,1,116.92
1624985921.787,0,50.6
1624985921.79,1,55.8
1624985921.896,0,50.54
1624985921.899,1,56.14
1624985922.002,0,49.44
1624985922.005,1,58.95
1624985922.11,0,48.97
1624985922.113,1,64.46
1624985922.218,0,47.74
1624985922.221,1,50.1
1624985922.324,0,64.07
1624985922.327,1,64.74
1624985922.43,0,68.96
1624985922.434,1,67.33
1624985922.538,0,104.06
1624985922.542,1,103.93
1624985922.645,0,50.69
1624985922.648,1,55.53
1624985922.752,0,50.26
1624985922.755,1,56.45
1624985922.86,0,49.93
1624985922.863,1,57.32
1624985922.966,0,48.95
1624985922.969,1,65.35
1624985923.072,0,52.29
1624985923.075,1,90.29
1624985923.18,0,57.07
1624985923.183,1,58.84
1624985923.286,0,62.31
1624985923.29,1,62.95
1624985923.393,0,103.26
1624985923.396,1,92.99
1624985923.501,0,74.59
1624985923.503,1,94.3
1624985923.606,0,50.57
1624985923.609,1,56.17
1624985923.714,0,49.93
1624985923.717,1,56.58
1624985923.822,0,49.0
1624985923.825,1,60.34
1624985923.928,0,50.84
1624985923.931,1,80.87
1624985924.034,0,54.96
1624985924.037,1,82.68
1624985924.143,0,56.8
1624985924.148,1,58.89
1624985924.251,0,68.71
1624985924.254,1,68.59
1624985924.357,0,94.92
1624985924.361,1,89.48
1624985924.464,0,50.65
1624985924.467,1,75.82
1624985924.57,0,50.52
1624985924.573,1,56.3
1624985924.676,0,50.18
1624985924.679,1,56.4
1624985924.785,0,49.51
1624985924.788,1,58.09
1624985924.892,0,50.72
1624985924.894,1,85.93
1624985924.997,0,56.92
1624985925.001,1,58.24
1624985925.106,0,64.87
1624985925.109,1,65.88
1624985925.212,0,81.18
1624985925.216,1,77.6
1624985925.32,0,108.46
1624985925.322,1,119.57
1624985925.427,0,50.7
1624985925.43,1,55.75
1624985925.533,0,50.29
1624985925.536,1,56.57
1624985925.64,0,50.06
1624985925.643,1,56.83
1624985925.748,0,48.92
1624985925.751,1,63.06
1624985925.854,0,53.3
1624985925.857,1,86.53
1624985925.96,0,57.78
1624985925.963,1,59.0
1624985926.068,0,66.7
1624985926.072,1,66.79
1624985926.175,0,99.16
1624985926.178,1,96.32
1624985926.281,0,95.34
1624985926.284,1,124.36
1624985926.389,0,50.73
1624985926.392,1,61.43
1624985926.495,0,50.47
1624985926.498,1,56.24
1624985926.602,0,50.05
1624985926.605,1,57.02
1624985926.71,0,48.55
1624985926.713,1,62.37
1624985926.817,0,50.67
1624985926.819,1,77.96
1624985926.922,0,55.17
1624985926.926,1,63.56
1624985927.031,0,62.77
1624985927.034,1,63.26
1624985927.137,0,93.16
1624985927.14,1,89.37
1624985927.243,0,100.32
1624985927.246,1,122.93
1624985927.351,0,50.56
1624985927.354,1,55.87
1624985927.458,0,50.25
1624985927.461,1,56.32
1624985927.564,0,49.67
1624985927.567,1,57.01
1624985927.673,0,48.93
1624985927.676,1,60.66
1624985927.779,0,51.69
1624985927.782,1,91.63
1624985927.885,0,55.91
1624985927.889,1,57.68
1624985927.993,0,59.99
1624985927.997,1,61.31
1624985928.1,0,81.33
1624985928.103,1,80.09
1624985928.206,0,111.7
1624985928.209,1,115.36
1624985928.314,0,50.73
1624985928.317,1,56.02
1624985928.42,0,50.35
1624985928.423,1,56.24
1624985928.527,0,49.16
1624985928.53,1,58.49
1624985928.635,0,49.31
1624985928.638,1,65.4
1624985928.741,0,52.46
1624985928.744,1,90.88
1624985928.847,0,56.88
1624985928.85,1,58.32
1624985928.956,0,66.79
1624985928.959,1,66.68
1624985929.062,0,87.46
1624985929.065,1,109.31
1624985929.168,0,49.87
1624985929.171,1,55.12
1624985929.277,0,48.46
1624985929.279,1,61.71
1624985929.382,0,54.56
1624985929.385,1,77.88
1624985929.488,0,65.71
1624985929.492,1,64.78
1624985929.598,0,93.14
1624985929.601,1,88.97
1624985929.704,0,58.66
1624985929.707,1,85.91
1624985929.81,0,50.5
1624985929.813,1,56.1
1624985929.919,0,50.12
1624985929.922,1,56.3
1624985930.025,0,49.51
1624985930.028,1,57.53
1624985930.131,0,50.41
1624985930.134,1,72.38
1624985930.24,0,54.43
1624985930.242,1,77.11
1624985930.345,0,58.27
1624985930.349,1,59.86
1624985930.452,0,67.27
1624985930.455,1,65.64
1624985930.56,0,88.6
1624985930.564,1,83.28
1624985930.667,0,59.24
1624985930.67,1,85.87
1624985930.773,0,50.28
1624985930.776,1,56.07
1624985930.881,0,50.0
1624985930.884,1,56.86
1624985930.988,0,48.65
1624985930.991,1,61.06
1624985931.094,0,52.56
1624985931.097,1,91.12
1624985931.202,0,56.9
1624985931.205,1,59.03
1624985931.308,0,63.07
1624985931.311,1,63.91
1624985931.414,0,95.41
1624985931.418,1,86.57
1624985931.523,0,75.43
1624985931.526,1,100.56
1624985931.628,0,50.57
1624985931.631,1,56.47
1624985931.735,0,50.08
1624985931.738,1,56.19
1624985931.844,0,49.87
1624985931.847,1,58.76
1624985931.951,0,49.7
1624985931.953,1,78.93
1624985932.056,0,54.89
1624985932.059,1,77.95
1624985932.165,0,56.49
1624985932.168,1,58.75
1624985932.271,0,86.78
1624985932.275,1,82.69
1624985932.378,0,94.79
1624985932.381,1,85.64
1624985932.486,0,50.53
1624985932.488,1,70.82
1624985932.591,0,50.37
1624985932.594,1,55.95
1624985932.698,0,49.7
1624985932.701,1,56.72
1624985932.806,0,49.06
1624985932.809,1,65.48
1624985932.912,0,51.66
1624985932.915,1,87.82
1624985933.018,0,56.64
1624985933.021,1,64.0
1624985933.127,0,60.26
1624985933.13,1,62.12
1624985933.233,0,71.92
1624985933.237,1,71.47
1624985933.34,0,108.21
1624985933.342,1,134.86
1624985933.448,0,50.5
1624985933.451,1,55.92
1624985933.554,0,50.54
1624985933.557,1,56.41
1624985933.66,0,50.14
1624985933.663,1,56.83
1624985933.769,0,49.13
1624985933.776,1,60.0
1624985933.88,0,50.14
1624985933.883,1,71.59
1624985933.985,0,55.14
1624985933.989,1,68.68
1624985934.092,0,62.0
1624985934.097,1,63.12
1624985934.2,0,73.74
1624985934.203,1,73.72
1624985934.306,0,105.39
1624985934.309,1,121.04
1624985934.412,0,50.57
1624985934.415,1,55.78
1624985934.518,0,50.41
1624985934.521,1,56.02
1624985934.625,0,49.83
1624985934.628,1,57.05
1624985934.732,0,49.19
1624985934.735,1,60.65
1624985934.838,0,49.63
1624985934.841,1,70.62
1624985934.944,0,51.43
1624985934.947,1,86.16
1624985935.053,0,55.93
1624985935.056,1,59.61
1624985935.159,0,60.45
1624985935.164,1,61.97
1624985935.267,0,63.33
1624985935.27,1,63.84
1624985935.374,0,105.4
1624985935.377,1,100.74
1624985935.48,0,50.7
1624985935.483,1,74.07
1624985935.586,0,50.57
1624985935.593,1,56.18
1624985935.697,0,50.39
1624985935.7,1,56.49
1624985935.803,0,49.1
1624985935.806,1,59.72
1624985935.909,0,49.72
1624985935.915,1,73.54
1624985936.018,0,51.89
1624985936.021,1,92.59
1624985936.124,0,57.33
1624985936.127,1,59.03
1624985936.23,0,62.51
1624985936.234,1,63.15
1624985936.337,0,75.16
1624985936.342,1,72.89
1624985936.445,0,107.22
1624985936.448,1,123.41
1624985936.551,0,50.54
1624985936.554,1,55.94
1624985936.657,0,50.28
1624985936.66,1,56.63
1624985936.764,0,48.97
1624985936.768,1,61.0
1624985936.871,0,49.41
1624985936.874,1,65.56
1624985936.978,0,50.86
1624985936.98,1,82.15
1624985937.083,0,54.21
1624985937.086,1,64.5
1624985937.189,0,60.06
1624985937.194,1,60.6
1624985937.298,0,83.01
1624985937.302,1,81.23
1624985937.405,0,90.71
1624985937.408,1,116.56
1624985937.51,0,50.48
1624985937.513,1,56.19
1624985937.619,0,50.37
1624985937.625,1,56.28
1624985937.728,0,49.03
1624985937.731,1,61.48
1624985937.835,0,49.48
1624985937.837,1,68.12
1624985937.94,0,53.19
1624985937.943,1,76.85
1624985938.047,0,55.97
1624985938.051,1,58.24
1624985938.154,0,62.38
1624985938.157,1,62.75
1624985938.261,0,76.53
1624985938.264,1,75.04
1624985938.367,0,104.3
1624985938.37,1,123.43
1624985938.473,0,50.63
1624985938.478,1,64.0
1624985938.582,0,50.5
1624985938.585,1,55.92
1624985938.689,0,49.77
1624985938.691,1,56.53
1624985938.795,0,49.09
1624985938.798,1,60.28
1624985938.903,0,49.94
1624985938.906,1,71.22
1624985939.009,0,52.3
1624985939.012,1,87.15
1624985939.115,0,58.03
1624985939.118,1,58.95
1624985939.224,0,71.81
1624985939.228,1,71.71
1624985939.331,0,94.46
1624985939.334,1,90.61
1624985939.437,0,88.28
1624985939.44,1,119.09
1624985939.545,0,50.6
1624985939.548,1,56.12
1624985939.654,0,50.57
1624985939.663,1,55.95
1624985939.768,0,50.18
1624985939.771,1,56.84
1624985939.874,0,48.68
1624985939.877,1,63.77
1624985939.98,0,51.49
1624985939.983,1,82.04
1624985940.089,0,56.19
1624985940.092,1,65.09
1624985940.195,0,57.33
1624985940.199,1,59.02
1624985940.301,0,68.13
1624985940.305,1,66.28
1624985940.41,0,120.66
1624985940.412,1,125.58
1624985940.515,0,65.88
1624985940.521,1,86.45
1624985940.624,0,50.67
1624985940.627,1,56.08
1624985940.731,0,49.67
1624985940.734,1,57.59
1624985940.838,0,49.19
1624985940.84,1,65.31
1624985940.943,0,51.75
1624985940.946,1,85.5
1624985941.052,0,57.59
1624985941.055,1,59.13
1624985941.16,0,55.75
1624985941.163,1,57.91
1624985941.266,0,69.12
1624985941.27,1,68.21
1624985941.373,0,82.03
1624985941.38,1,78.71
1624985941.483,0,91.39
1624985941.486,1,104.04
1624985941.589,0,50.61
1624985941.592,1,70.04
1624985941.695,0,50.22
1624985941.698,1,56.4
1624985941.801,0,49.41
1624985941.805,1,59.23
1624985941.909,0,49.27
1624985941.912,1,69.68
1624985942.015,0,52.09
1624985942.018,1,94.02
1624985942.121,0,56.63
1624985942.124,1,58.52
1624985942.227,0,66.5
1624985942.231,1,64.54
1624985942.337,0,68.32
1624985942.34,1,68.88
1624985942.443,0,101.53
1624985942.446,1,93.29
1624985942.549,0,83.7
1624985942.552,1,113.86
1624985942.657,0,50.37
1624985942.66,1,56.17
1624985942.765,0,50.14
1624985942.768,1,56.8
1624985942.871,0,49.45
1624985942.874,1,59.26
1624985942.979,0,49.69
1624985942.982,1,70.86
1624985943.085,0,51.52
1624985943.087,1,89.68
1624985943.19,0,59.4
1624985943.194,1,59.75
1624985943.299,0,66.12
1624985943.303,1,67.15
1624985943.406,0,87.55
1624985943.409,1,83.77
1624985943.512,0,85.5
1624985943.516,1,106.0
1624985943.621,0,50.7
1624985943.624,1,55.35
1624985943.727,0,50.35
1624985943.731,1,56.14
1624985943.834,0,50.01
1624985943.838,1,56.66
1624985943.943,0,49.29
1624985943.946,1,65.3
1624985944.049,0,50.25
1624985944.051,1,84.59
1624985944.154,0,53.97
1624985944.159,1,81.64
1624985944.263,0,61.04
1624985944.267,1,61.6
1624985944.371,0,68.7
1624985944.374,1,68.76
1624985944.477,0,115.79
1624985944.48,1,103.5
1624985944.584,0,50.51
1624985944.587,1,64.57
1624985944.69,0,50.41
1624985944.693,1,56.49
1624985944.797,0,50.04
1624985944.8,1,56.41
1624985944.905,0,48.8
1624985944.908,1,62.19
1624985945.012,0,50.02
1624985945.014,1,79.24
1624985945.117,0,55.5
1624985945.121,1,67.97
1624985945.226,0,61.19
1624985945.229,1,61.94
1624985945.332,0,70.76
1624985945.337,1,68.38
1624985945.44,0,91.97
1624985945.444,1,88.04
1624985945.547,0,77.87
1624985945.55,1,96.4
1624985945.653,0,50.55
1624985945.656,1,55.67
1624985945.759,0,50.31
1624985945.763,1,56.01
1624985945.868,0,49.91
1624985945.871,1,56.88
1624985945.975,0,48.84
1624985945.978,1,60.58
1624985946.082,0,50.18
1624985946.084,1,71.12
1624985946.189,0,53.83
1624985946.192,1,77.93
1624985946.295,0,57.69
1624985946.298,1,59.76
1624985946.401,0,61.31
1624985946.405,1,61.64
1624985946.51,0,77.74
1624985946.513,1,75.12
1624985946.617,0,79.91
1624985946.619,1,98.06
1624985946.722,0,50.34
1624985946.726,1,55.74
1624985946.831,0,49.77
1624985946.834,1,57.2
1624985946.937,0,49.29
1624985946.941,1,60.62
1624985947.045,0,49.55
1624985947.048,1,66.72
1624985947.152,0,51.41
1624985947.154,1,93.26
1624985947.257,0,55.01
1624985947.261,1,64.42
1624985947.363,0,60.18
1624985947.368,1,61.22
1624985947.472,0,74.71
1624985947.476,1,74.34
1624985947.579,0,112.44
1624985947.582,1,109.18
1624985947.685,0,50.65
1624985947.689,1,85.06
1624985947.793,0,50.54
1624985947.796,1,56.15
1624985947.899,0,50.09
1624985947.902,1,56.51
1624985948.006,0,48.71
1624985948.01,1,63.22
1624985948.114,0,51.34
1624985948.117,1,85.31
1624985948.22,0,55.39
1624985948.223,1,64.01
1624985948.326,0,60.55
1624985948.332,1,61.77
1624985948.435,0,69.12
1624985948.439,1,68.81
1624985948.542,0,118.89
1624985948.546,1,108.36
1624985948.649,0,72.02
1624985948.652,1,94.46
1624985948.756,0,50.62
1624985948.759,1,55.92
1624985948.862,0,50.28
1624985948.865,1,56.38
1624985948.969,0,49.67
1624985948.973,1,57.19
1624985949.077,0,48.94
1624985949.08,1,61.54
1624985949.183,0,50.18
1624985949.186,1,72.89
1624985949.289,0,54.23
1624985949.294,1,80.16
1624985949.398,0,57.93
1624985949.401,1,59.81
1624985949.504,0,70.75
1624985949.508,1,70.79
1624985949.611,0,119.44
1624985949.615,1,109.8
1624985949.719,0,50.57
1624985949.722,1,72.84
1624985949.824,0,50.41
1624985949.827,1,56.12
1624985949.931,0,50.15
1624985949.935,1,56.3
1624985950.04,0,49.24
1624985950.043,1,60.6
1624985950.146,0,50.37
1624985950.151,1,74.63
1624985950.253,0,54.95
1624985950.257,1,76.42
1624985950.361,0,62.36
1624985950.364,1,63.18
1624985950.467,0,69.78
1624985950.471,1,69.25
1624985950.574,0,130.65
1624985950.577,1,127.11
1624985950.681,0,50.57
1624985950.684,1,58.16
1624985950.788,0,50.48
1624985950.79,1,56.58
1624985950.894,0,49.57
1624985950.898,1,57.87
1624985951.003,0,49.29
1624985951.006,1,66.3
1624985951.108,0,54.91
1624985951.111,1,65.17
1624985951.214,0,58.86
1624985951.22,1,60.16
1624985951.323,0,61.2
1624985951.327,1,62.3
1624985951.43,0,81.12
1624985951.433,1,80.41
1624985951.536,0,96.57
1624985951.54,1,101.62
1624985951.644,0,55.38
1624985951.647,1,83.63
1624985951.75,0,50.47
1624985951.753,1,55.99
1624985951.857,0,49.64
1624985951.861,1,57.13
1624985951.965,0,48.87
1624985951.968,1,62.05
1624985952.071,0,51.21
1624985952.074,1,86.35
1624985952.177,0,55.24
1624985952.182,1,67.34
1624985952.286,0,59.25
1624985952.289,1,60.65
1624985952.392,0,74.45
1624985952.395,1,73.22
1624985952.498,0,114.67
1624985952.503,1,103.84
1624985952.607,0,50.53
1624985952.61,1,55.65
1624985952.713,0,50.05
1624985952.716,1,56.43
1624985952.819,0,49.9
1624985952.824,1,57.0
1624985952.928,0,48.86
1624985952.931,1,63.07
1624985953.034,0,50.69
1624985953.037,1,84.96
1624985953.139,0,55.58
1624985953.145,1,64.82
1624985953.248,0,56.35
1624985953.252,1,58.2
1624985953.355,0,63.36
1624985953.36,1,63.54
1624985953.463,0,88.02
1624985953.468,1,86.68
1624985953.571,0,97.24
1624985953.573,1,116.9
1624985953.676,0,50.64
1624985953.679,1,56.15
1624985953.783,0,50.18
1624985953.788,1,56.05
1624985953.893,0,49.61
1624985953.896,1,57.9
1624985954.0,0,49.48
1624985954.003,1,67.43
1624985954.105,0,51.83
1624985954.109,1,89.12
1624985954.212,0,55.98
1624985954.215,1,58.14
1624985954.318,0,64.1
1624985954.322,1,64.64
1624985954.425,0,67.37
1624985954.431,1,68.05
1624985954.533,0,113.0
1624985954.537,1,106.41
1624985954.64,0,50.56
1624985954.643,1,55.89
1624985954.746,0,50.31
1624985954.751,1,55.82
1624985954.854,0,49.9
1624985954.857,1,56.24
1624985954.961,0,48.87
1624985954.965,1,61.78
1624985955.068,0,50.61
1624985955.072,1,83.18
1624985955.175,0,54.68
1624985955.178,1,67.04
1624985955.281,0,59.8
1624985955.285,1,61.1
1624985955.388,0,61.39
1624985955.394,1,61.42
1624985955.498,0,96.48
1624985955.501,1,91.2
1624985955.604,0,85.24
1624985955.607,1,106.2
1624985955.71,0,50.62
1624985955.715,1,56.06
1624985955.818,0,50.08
1624985955.821,1,56.01
1624985955.924,0,49.64
1624985955.927,1,57.53
1624985956.031,0,48.82
1624985956.035,1,62.48
1624985956.138,0,52.56
1624985956.141,1,90.54
1624985956.244,0,57.54
1624985956.248,1,59.14
1624985956.351,0,58.4
1624985956.357,1,59.91
1624985956.46,0,67.32
1624985956.463,1,67.07
1624985956.566,0,98.0
1624985956.571,1,85.56
1624985956.677,0,101.4
1624985956.68,1,121.52
1624985956.783,0,50.57
1624985956.786,1,55.4
1624985956.889,0,50.31
1624985956.892,1,55.9
1624985956.999,0,49.93
1624985957.002,1,57.43
1624985957.105,0,48.96
1624985957.108,1,63.0
1624985957.212,0,50.21
1624985957.215,1,71.0
1624985957.319,0,52.98
1624985957.322,1,80.15
1624985957.425,0,59.53
1624985957.428,1,61.14
1624985957.531,0,66.09
1624985957.535,1,64.5
1624985957.64,0,78.88
1624985957.644,1,76.98
1624985957.747,0,90.55
1624985957.75,1,104.2
1624985957.852,0,50.55
1624985957.855,1,79.48
1624985957.961,0,50.56
1624985957.964,1,55.79
1624985958.067,0,50.03
1624985958.07,1,56.31
1624985958.174,0,48.82
1624985958.177,1,60.29
1624985958.282,0,49.51
1624985958.285,1,69.74
1624985958.388,0,52.81
1624985958.391,1,89.73
1624985958.494,0,56.74
1624985958.497,1,58.03
1624985958.604,0,67.67
1624985958.608,1,67.36
1624985958.711,0,111.33
1624985958.714,1,104.05
1624985958.817,0,69.65
1624985958.82,1,100.86
1624985958.924,0,50.52
1624985958.927,1,55.65
1624985959.03,0,49.99
1624985959.033,1,56.46
1624985959.137,0,48.58
1624985959.14,1,60.34
1624985959.245,0,49.38
1624985959.248,1,68.78
1624985959.351,0,51.97
1624985959.354,1,93.88
1624985959.457,0,54.99
1624985959.46,1,56.84
1624985959.566,0,57.79
1624985959.569,1,59.97
1624985959.672,0,76.08
1624985959.676,1,75.18
1624985959.779,0,104.78
1624985959.782,1,94.53
1624985959.887,0,59.88
1624985959.889,1,83.89
1624985959.992,0,50.43
1624985959.995,1,55.93
1624985960.099,0,50.12
1624985960.102,1,56.33
1624985960.21,0,49.65
1624985960.213,1,57.57
1624985960.316,0,48.91
1624985960.319,1,67.43
1624985960.422,0,51.37
1624985960.425,1,87.56
1624985960.529,0,55.81
1624985960.532,1,57.88
1624985960.635,0,64.69
1624985960.639,1,65.06
1624985960.742,0,73.98
1624985960.746,1,70.17
1624985960.85,0,104.46
1624985960.853,1,120.68
1624985960.956,0,50.59
1624985960.959,1,69.36
1624985961.062,0,50.38
1624985961.065,1,55.93
1624985961.171,0,50.08
1624985961.174,1,56.55
1624985961.277,0,49.36
1624985961.281,1,64.61
1624985961.384,0,51.43
1624985961.387,1,83.05
1624985961.491,0,58.17
1624985961.495,1,59.75
1624985961.598,0,69.14
1624985961.601,1,68.65
1624985961.704,0,92.82
1624985961.708,1,82.92
1624985961.814,0,103.99
1624985961.816,1,120.58
1624985961.919,0,50.65
1624985961.922,1,56.06
1624985962.026,0,49.98
1624985962.028,1,56.92
1624985962.133,0,49.09
1624985962.136,1,69.82
1624985962.239,0,51.52
1624985962.242,1,91.04
1624985962.345,0,54.89
1624985962.349,1,64.12
1624985962.454,0,62.44
1624985962.458,1,64.11
1624985962.561,0,80.43
1624985962.564,1,78.77
1624985962.667,0,82.89
1624985962.67,1,109.03
1624985962.775,0,50.63
1624985962.778,1,55.58
1624985962.882,0,50.18
1624985962.886,1,56.36
1624985962.989,0,48.52
1624985962.992,1,60.63
1624985963.097,0,50.85
1624985963.099,1,92.39
1624985963.202,0,56.79
1624985963.206,1,58.99
1624985963.309,0,64.82
1624985963.312,1,63.95
1624985963.419,0,71.7
1624985963.422,1,71.2
1624985963.525,0,89.19
1624985963.528,1,87.9
1624985963.631,0,86.5
1624985963.634,1,110.63
1624985963.738,0,50.39
1624985963.741,1,56.17
1624985963.845,0,49.86
1624985963.848,1,56.69
1624985963.951,0,48.78
1624985963.954,1,61.1
1624985964.059,0,49.47
1624985964.062,1,75.52
1624985964.165,0,55.94
1624985964.168,1,65.55
1624985964.271,0,59.34
1624985964.275,1,60.2
1624985964.38,0,60.68
1624985964.383,1,61.77
1624985964.486,0,82.58
1624985964.492,1,78.85
1624985964.595,0,86.11
1624985964.601,1,84.07
1624985964.704,0,93.32
1624985964.706,1,114.91
1624985964.809,0,50.47
1624985964.812,1,56.06
1624985964.916,0,50.21
1624985964.921,1,56.28
1624985965.024,0,50.02
1624985965.027,1,56.8
1624985965.131,0,48.81
1624985965.134,1,62.42
1624985965.237,0,50.09
1624985965.242,1,73.69
1624985965.345,0,52.93
1624985965.347,1,81.82
1624985965.45,0,57.28
1624985965.454,1,59.09
1624985965.557,0,59.15
1624985965.563,1,61.01
1624985965.666,0,75.08
1624985965.669,1,73.37
1624985965.772,0,111.23
1624985965.775,1,122.89
1624985965.878,0,50.53
1624985965.884,1,55.64
1624985965.987,0,50.31
1624985965.99,1,56.3
1624985966.094,0,49.64
1624985966.097,1,57.09
1624985966.2,0,48.85
1624985966.205,1,62.11
1624985966.308,0,50.53
1624985966.311,1,79.74
1624985966.414,0,56.23
1624985966.417,1,65.08
1624985966.52,0,59.64
1624985966.526,1,59.99
1624985966.632,0,63.74
1624985966.636,1,64.76
1624985966.739,0,83.13
1624985966.742,1,79.43
1624985966.845,0,103.43
1624985966.848,1,125.14
1624985966.953,0,50.54
1624985966.955,1,55.76
1624985967.059,0,50.12
1624985967.062,1,56.14
1624985967.165,0,49.64
1624985967.168,1,56.78
1624985967.272,0,49.23
1624985967.275,1,67.36
1624985967.377,0,51.23
1624985967.38,1,88.34
1624985967.483,0,54.72
1624985967.488,1,64.15
1624985967.591,0,56.83
1624985967.595,1,58.26
1624985967.699,0,69.96
1624985967.702,1,69.94
1624985967.805,0,85.89
1624985967.81,1,84.89
1624985967.913,0,104.11
1624985967.916,1,107.6
1624985968.022,0,64.34
1624985968.025,1,92.35
1624985968.128,0,50.5
1624985968.13,1,56.11
1624985968.234,0,49.54
1624985968.237,1,57.26
1624985968.34,0,49.13
1624985968.343,1,64.4
1624985968.45,0,51.82
1624985968.453,1,91.42
1624985968.556,0,56.35
1624985968.559,1,58.59
1624985968.662,0,63.3
1624985968.666,1,63.66
1624985968.769,0,80.14
1624985968.772,1,77.99
1624985968.875,0,95.34
1624985968.878,1,112.82
1624985968.981,0,50.5
1624985968.984,1,55.92
1624985969.087,0,50.12
1624985969.092,1,56.67
1624985969.198,0,49.61
1624985969.202,1,57.39
1624985969.306,0,49.44
1624985969.309,1,74.18
1624985969.412,0,54.6
1624985969.414,1,74.9
1624985969.517,0,58.78
1624985969.521,1,60.17
1624985969.624,0,60.58
1624985969.628,1,61.6
1624985969.731,0,84.55
1624985969.735,1,81.7
1624985969.838,0,84.44
1624985969.841,1,107.92
1624985969.944,0,50.51
1624985969.947,1,55.93
1624985970.051,0,50.3
1624985970.055,1,56.0
1624985970.159,0,50.15
1624985970.162,1,56.34
1624985970.265,0,48.9
1624985970.268,1,63.06
1624985970.371,0,50.5
1624985970.376,1,71.06
1624985970.482,0,52.46
1624985970.485,1,88.98
1624985970.587,0,53.98
1624985970.591,1,56.29
1624985970.694,0,63.39
1624985970.698,1,64.08
1624985970.8,0,70.06
1624985970.805,1,67.15
1624985970.909,0,89.41
1624985970.913,1,89.78
1624985971.016,0,50.47
1624985971.019,1,55.69
1624985971.122,0,50.41
1624985971.125,1,55.53
1624985971.228,0,50.02
1624985971.231,1,56.67
1624985971.335,0,48.74
1624985971.339,1,61.21
1624985971.442,0,50.08
1624985971.445,1,75.12
1624985971.548,0,52.78
1624985971.551,1,87.64
1624985971.654,0,55.33
1624985971.66,1,63.67
1624985971.763,0,62.47
1624985971.767,1,62.25
1624985971.871,0,70.54
1624985971.875,1,69.97
1624985971.978,0,114.55
1624985971.981,1,116.82
1624985972.084,0,50.49
1624985972.087,1,61.52
1624985972.19,0,50.47
1624985972.193,1,55.88
1624985972.296,0,50.2
1624985972.302,1,56.47
1624985972.405,0,48.46
1624985972.409,1,61.72
1624985972.512,0,50.0
1624985972.515,1,73.72
1624985972.618,0,53.51
1624985972.623,1,69.57
1624985972.725,0,56.94
1624985972.729,1,57.73
1624985972.838,0,61.46
1624985972.844,1,62.78
1624985972.947,0,86.78
1624985972.95,1,83.4
1624985973.053,0,96.2
1624985973.056,1,117.05
1624985973.159,0,50.51
1624985973.164,1,55.56
1624985973.267,0,50.02
1624985973.27,1,56.68
1624985973.374,0,49.14
1624985973.376,1,59.58
1624985973.48,0,49.39
1624985973.485,1,66.6
1624985973.588,0,50.85
1624985973.59,1,82.82
1624985973.696,0,54.41
1624985973.7,1,62.95
1624985973.803,0,55.75
1624985973.806,1,57.89
1624985973.909,0,61.27
1624985973.914,1,61.82
1624985974.017,0,69.12
1624985974.021,1,67.86
1624985974.125,0,86.52
1624985974.129,1,85.31
1624985974.232,0,56.34
1624985974.234,1,77.46
1624985974.337,0,50.38
1624985974.34,1,55.8
1624985974.444,0,50.12
1624985974.448,1,56.49
1624985974.551,0,48.78
1624985974.554,1,62.92
1624985974.658,0,49.84
1624985974.661,1,80.42
1624985974.764,0,52.55
1624985974.768,1,74.27
1624985974.871,0,59.5
1624985974.875,1,61.12
1624985974.978,0,61.62
1624985974.982,1,60.17
1624985975.09,0,78.58
1624985975.093,1,75.23
1624985975.196,0,115.94
1624985975.199,1,112.14
1624985975.302,0,55.39
1624985975.305,1,87.99
1624985975.408,0,50.41
1624985975.411,1,56.04
1624985975.515,0,50.09
1624985975.519,1,56.38
1624985975.622,0,49.45
1624985975.625,1,57.76
1624985975.729,0,49.46
1624985975.731,1,68.9
1624985975.834,0,52.57
1624985975.837,1,72.91
1624985975.94,0,57.6
1624985975.943,1,59.2
1624985976.046,0,58.61
1624985976.052,1,60.4
1624985976.155,0,67.26
1624985976.159,1,69.09
1624985976.262,0,97.1
1624985976.265,1,93.78
1624985976.369,0,71.88
1624985976.373,1,100.47
1624985976.476,0,50.35
1624985976.479,1,55.94
1624985976.582,0,49.71
1624985976.585,1,57.03
1624985976.689,0,48.53
1624985976.694,1,64.04
1624985976.797,0,50.56
1624985976.8,1,77.58
1624985976.903,0,54.49
1624985976.906,1,80.53
1624985977.01,0,55.76
1624985977.015,1,57.73
1624985977.118,0,61.1
1624985977.123,1,61.74
1624985977.226,0,81.22
1624985977.23,1,77.43
1624985977.333,0,111.77
1624985977.337,1,126.0
1624985977.439,0,50.53
1624985977.442,1,55.87
1624985977.546,0,50.18
1624985977.548,1,55.97
1624985977.652,0,49.51
1624985977.657,1,57.32
1624985977.76,0,48.93
1624985977.763,1,64.03
1624985977.866,0,51.02
1624985977.869,1,93.61
1624985977.972,0,55.81
1624985977.978,1,61.6
1624985978.081,0,57.61
1624985978.084,1,59.39
1624985978.187,0,66.79
1624985978.191,1,67.15
1624985978.294,0,48.04
1624985978.299,1,50.46
1624985978.402,0,77.62
1624985978.405,1,72.87
1624985978.51,0,97.24
1624985978.514,1,93.41
1624985978.617,0,66.69
1624985978.62,1,86.91
1624985978.723,0,50.57
1624985978.727,1,55.62
1624985978.831,0,50.35
1624985978.834,1,56.33
1624985978.937,0,49.83
1624985978.941,1,56.59
1624985979.044,0,48.62
1624985979.047,1,61.17
1624985979.151,0,50.11
1624985979.153,1,71.99
1624985979.256,0,53.83
1624985979.261,1,68.23
1624985979.364,0,64.65
1624985979.368,1,64.62
1624985979.471,0,72.25
1624985979.474,1,71.32
1624985979.578,0,83.58
1624985979.582,1,103.25
1624985979.685,0,50.37
1624985979.688,1,55.59
1624985979.792,0,49.93
1624985979.794,1,56.76
1624985979.898,0,49.22
1624985979.903,1,57.32
1624985980.006,0,50.46
1624985980.009,1,85.46
1624985980.113,0,54.22
1624985980.116,1,71.45
1624985980.219,0,58.65
1624985980.224,1,60.07
1624985980.327,0,66.3
1624985980.332,1,66.94
1624985980.435,0,96.07
1624985980.438,1,90.12
1624985980.541,0,96.7
1624985980.545,1,116.07
1624985980.648,0,50.5
1624985980.651,1,55.42
1624985980.755,0,50.25
1624985980.758,1,56.43
1624985980.861,0,49.65
1624985980.866,1,57.2
1624985980.97,0,48.65
1624985980.972,1,62.08
1624985981.076,0,51.66
1624985981.078,1,87.65
1624985981.182,0,55.37
1624985981.187,1,60.97
1624985981.29,0,59.68
1624985981.293,1,61.08
1624985981.396,0,70.21
1624985981.4,1,70.22
1624985981.503,0,84.71
1624985981.508,1,82.51
1624985981.611,0,83.15
1624985981.614,1,108.06
1624985981.718,0,50.47
1624985981.721,1,56.01
1624985981.825,0,50.09
1624985981.829,1,56.36
1624985981.932,0,49.32
1624985981.935,1,59.82
1624985982.039,0,49.44
1624985982.041,1,70.13
1624985982.144,0,50.98
1624985982.149,1,85.55
1624985982.252,0,56.21
1624985982.256,1,60.86
1624985982.359,0,59.56
1624985982.362,1,61.17
1624985982.465,0,66.13
1624985982.471,1,66.87
1624985982.574,0,93.26
1624985982.578,1,90.12
1624985982.68,0,98.37
1624985982.683,1,119.67
1624985982.786,0,50.57
1624985982.791,1,55.49
1624985982.895,0,50.25
1624985982.898,1,55.52
1624985983.001,0,49.93
1624985983.004,1,57.16
1624985983.108,0,49.43
1624985983.112,1,58.95
1624985983.216,0,49.84
1624985983.219,1,77.35
1624985983.322,0,55.68
1624985983.325,1,65.08
1624985983.428,0,56.09
1624985983.433,1,58.14
1624985983.536,0,65.19
1624985983.54,1,65.46
1624985983.643,0,115.93
1624985983.646,1,110.42
1624985983.749,0,65.78
1624985983.754,1,90.6
1624985983.857,0,50.41
1624985983.86,1,55.72
1624985983.963,0,49.98
1624985983.966,1,56.34
1624985984.07,0,49.6
1624985984.075,1,58.47
1624985984.179,0,49.35
1624985984.181,1,68.44
1624985984.284,0,50.73
1624985984.287,1,92.39
1624985984.391,0,55.57
1624985984.396,1,64.9
1624985984.499,0,59.53
1624985984.502,1,61.1
1624985984.606,0,84.36
1624985984.609,1,80.12
1624985984.712,0,105.95
1624985984.717,1,103.18
1624985984.82,0,50.49
1624985984.823,1,90.04
1624985984.927,0,50.21
1624985984.93,1,56.22
1624985985.034,0,49.64
1624985985.037,1,56.47
1624985985.141,0,48.84
1624985985.144,1,63.26
1624985985.247,0,49.9
1624985985.25,1,72.62
1624985985.353,0,53.25
1624985985.358,1,67.79
1624985985.461,0,58.49
1624985985.465,1,59.99
1624985985.568,0,72.21
1624985985.571,1,70.75
1624985985.674,0,127.5
1624985985.679,1,130.48
1624985985.782,0,50.55
1624985985.785,1,78.09
1624985985.888,0,50.41
1624985985.891,1,56.3
1624985985.996,0,50.09
1624985986.0,1,56.66
1624985986.103,0,49.55
1624985986.106,1,57.47
1624985986.21,0,49.5
1624985986.213,1,67.01
1624985986.316,0,52.51
1624985986.321,1,89.45
1624985986.424,0,57.7
1624985986.427,1,59.1
1624985986.532,0,64.14
1624985986.536,1,64.87
1624985986.639,0,83.55
1624985986.643,1,80.26
1624985986.746,0,89.18
1624985986.749,1,111.36
1624985986.851,0,50.47
1624985986.854,1,55.8
1624985986.959,0,50.18
1624985986.963,1,55.59
1624985987.066,0,49.42
1624985987.069,1,59.17
1624985987.173,0,49.42
1624985987.175,1,67.46
1624985987.279,0,51.87
1624985987.284,1,88.04
1624985987.387,0,56.24
1624985987.39,1,59.17
1624985987.493,0,60.22
1624985987.496,1,60.49
1624985987.601,0,75.98
1624985987.605,1,73.79
1624985987.708,0,114.09
1624985987.711,1,120.64
1624985987.814,0,50.47
1624985987.817,1,55.33
1624985987.921,0,50.37
1624985987.926,1,56.18
1624985988.029,0,49.8
1624985988.032,1,56.43
1624985988.137,0,49.19
1624985988.14,1,59.5
1624985988.243,0,49.97
1624985988.246,1,71.68
1624985988.349,0,54.42
1624985988.353,1,69.19
1624985988.455,0,59.64
1624985988.459,1,60.82
1624985988.563,0,77.01
1624985988.568,1,76.7
1624985988.671,0,117.77
1624985988.674,1,130.42
1624985988.776,0,50.55
1624985988.779,1,55.57
1624985988.885,0,50.31
1624985988.889,1,56.22
1624985988.992,0,49.89
1624985988.995,1,57.05
1624985989.099,0,49.68
1624985989.101,1,56.54
1624985989.206,0,48.93
1624985989.21,1,70.22
1624985989.312,0,53.03
1624985989.315,1,79.89
1624985989.418,0,55.95
1624985989.422,1,57.55
1624985989.526,0,56.35
1624985989.53,1,58.22
1624985989.633,0,61.1
1624985989.637,1,60.96
1624985989.741,0,76.99
1624985989.744,1,75.45
1624985989.848,0,107.67
1624985989.851,1,115.63
1624985989.954,0,50.44
1624985989.957,1,62.09
1624985990.06,0,50.22
1624985990.063,1,55.93
1624985990.169,0,49.13
1624985990.172,1,59.52
1624985990.275,0,50.4
1624985990.278,1,82.32
1624985990.381,0,53.23
1624985990.384,1,84.5
1624985990.489,0,57.53
1624985990.493,1,58.82
1624985990.596,0,77.3
1624985990.599,1,74.63
1624985990.702,0,112.66
1624985990.706,1,99.28
1624985990.81,0,79.99
1624985990.814,1,103.32
1624985990.917,0,50.61
1624985990.92,1,56.12
1624985991.023,0,50.15
1624985991.026,1,56.16
1624985991.131,0,49.9
1624985991.134,1,57.08
1624985991.238,0,49.1
1624985991.24,1,60.41
1624985991.345,0,49.67
1624985991.348,1,70.29
1624985991.452,0,52.97
1624985991.456,1,92.18
1624985991.559,0,59.23
1624985991.563,1,60.45
1624985991.666,0,66.7
1624985991.669,1,66.51
1624985991.773,0,77.53
1624985991.777,1,76.31
1624985991.88,0,94.31
1624985991.883,1,112.84
1624985991.985,0,50.41
1624985991.988,1,55.47
1624985992.094,0,50.03
1624985992.097,1,56.43
1624985992.201,0,49.03
1624985992.203,1,59.72
1624985992.307,0,50.08
1624985992.31,1,76.55
1624985992.415,0,52.31
1624985992.418,1,78.05
1624985992.521,0,58.69
1624985992.525,1,60.01
1624985992.628,0,78.3
1624985992.631,1,74.25
1624985992.735,0,110.01
1624985992.739,1,124.31
1624985992.842,0,50.53
1624985992.845,1,72.26
1624985992.949,0,50.59
1624985992.952,1,55.63
1624985993.057,0,49.96
1624985993.062,1,56.35
1624985993.166,0,49.48
1624985993.169,1,58.14
1624985993.272,0,49.44
1624985993.275,1,71.91
1624985993.378,0,53.29
1624985993.381,1,86.32
1624985993.484,0,57.75
1624985993.487,1,59.54
1624985993.59,0,65.31
1624985993.594,1,64.11
1624985993.699,0,70.37
1624985993.702,1,70.37
1624985993.805,0,106.5
1624985993.808,1,121.35
1624985993.911,0,50.28
1624985993.914,1,55.18
1624985994.02,0,50.06
1624985994.023,1,56.15
1624985994.127,0,49.45
1624985994.13,1,58.65
1624985994.233,0,49.22
1624985994.236,1,64.27
1624985994.341,0,51.01
1624985994.344,1,94.87
1624985994.447,0,57.86
1624985994.45,1,59.36
1624985994.553,0,63.05
1624985994.556,1,62.05
1624985994.662,0,70.11
1624985994.667,1,70.49
1624985994.77,0,100.28
1624985994.773,1,91.74
1624985994.876,0,83.82
1624985994.879,1,107.72
1624985994.983,0,50.45
1624985994.986,1,55.79
1624985995.089,0,50.25
1624985995.092,1,56.05
1624985995.196,0,49.74
1624985995.198,1,56.78
1624985995.304,0,48.97
1624985995.307,1,60.81
1624985995.41,0,49.95
1624985995.413,1,72.36
1624985995.516,0,56.17
1624985995.519,1,63.41
1624985995.625,0,62.93
1624985995.628,1,63.57
1624985995.731,0,76.84
1624985995.735,1,75.56
1624985995.838,0,114.45
1624985995.84,1,130.6
1624985995.945,0,50.41
1624985995.948,1,55.84
1624985996.052,0,50.28
1624985996.055,1,56.16
1624985996.158,0,49.45
1624985996.161,1,56.96
1624985996.267,0,48.94
1624985996.271,1,62.62
1624985996.374,0,51.14
1624985996.377,1,87.19
1624985996.48,0,56.08
1624985996.483,1,65.36
1624985996.587,0,60.08
1624985996.591,1,61.4
1624985996.694,0,76.58
1624985996.697,1,75.99
1624985996.8,0,114.64
1624985996.803,1,107.35
1624985996.908,0,50.37
1624985996.911,1,66.19
1624985997.015,0,50.27
1624985997.017,1,55.99
1624985997.121,0,49.78
1624985997.124,1,56.97
1624985997.229,0,48.62
1624985997.232,1,63.86
1624985997.336,0,50.85
1624985997.338,1,87.72
1624985997.441,0,56.35
1624985997.445,1,58.98
1624985997.55,0,60.01
1624985997.554,1,61.43
1624985997.656,0,62.47
1624985997.66,1,63.04
1624985997.763,0,99.8
1624985997.766,1,89.09
1624985997.871,0,65.28
1624985997.876,1,87.74
1624985997.979,0,50.35
1624985997.982,1,55.68
1624985998.085,0,50.05
1624985998.088,1,55.65
1624985998.192,0,49.61
1624985998.195,1,56.36
1624985998.299,0,48.9
1624985998.302,1,63.51
1624985998.405,0,51.23
1624985998.408,1,77.61
1624985998.513,0,54.55
1624985998.516,1,67.7
1624985998.619,0,57.67
1624985998.623,1,59.05
1624985998.726,0,70.33
1624985998.729,1,69.01
1624985998.834,0,113.77
1624985998.838,1,107.56
1624985998.941,0,65.56
1624985998.944,1,90.41
1624985999.047,0,50.23
1624985999.05,1,56.0
1624985999.155,0,49.98
1624985999.158,1,56.53
1624985999.261,0,49.32
1624985999.264,1,58.38
1624985999.367,0,49.16
1624985999.37,1,64.25
1624985999.476,0,51.27
1624985999.481,1,86.25
1624985999.584,0,55.85
1624985999.587,1,64.78
1624985999.69,0,59.28
1624985999.694,1,60.79
1624985999.797,0,63.38
1624985999.801,1,63.91
1624985999.904,0,97.39
1624985999.907,1,94.15
1624986000.01,0,88.98
1624986000.013,1,114.64
1624986000.117,0,50.49
1624986000.122,1,61.5
1624986000.225,0,50.37
1624986000.228,1,55.57
1624986000.331,0,49.83
1624986000.334,1,56.61
1624986000.439,0,49.31
1624986000.444,1,58.56
1624986000.547,0,49.3
1624986000.55,1,68.3
1624986000.653,0,51.6
1624986000.656,1,92.05
1624986000.759,0,56.42
1624986000.766,1,60.67
1624986000.87,0,62.13
1624986000.873,1,63.55
1624986000.976,0,88.14
1624986000.98,1,82.74
1624986001.083,0,106.74
1624986001.09,1,125.56
1624986001.193,0,50.34
1624986001.196,1,55.07
1624986001.301,0,50.15
1624986001.304,1,55.55
1624986001.407,0,48.66
1624986001.41,1,59.45
1624986001.514,0,50.36
1624986001.517,1,75.21
1624986001.621,0,54.37
1624986001.624,1,77.72
1624986001.727,0,56.96
1624986001.733,1,58.72
1624986001.836,0,63.65
1624986001.84,1,64.38
1624986001.943,0,72.56
1624986001.947,1,71.73
1624986002.05,0,94.84
1624986002.053,1,113.95
1624986002.156,0,50.5
1624986002.159,1,60.76
1624986002.263,0,50.12
1624986002.266,1,56.39
1624986002.369,0,49.03
1624986002.372,1,58.93
1624986002.475,0,50.15
1624986002.48,1,78.7
1624986002.584,0,55.65
1624986002.587,1,63.94
1624986002.69,0,62.51
1624986002.694,1,63.44
1624986002.797,0,80.67
1624986002.8,1,75.63
1624986002.905,0,109.85
1624986002.908,1,115.63
1624986003.011,0,50.61
1624986003.014,1,55.39
1624986003.117,0,49.99
1624986003.12,1,55.65
1624986003.226,0,49.77
1624986003.23,1,56.61
1624986003.334,0,48.55
1624986003.337,1,60.46
1624986003.44,0,50.7
1624986003.443,1,76.9
1624986003.547,0,52.32
1624986003.549,1,86.78
1624986003.653,0,57.56
1624986003.657,1,59.35
1624986003.76,0,63.83
1624986003.763,1,63.6
1624986003.867,0,101.03
1624986003.871,1,94.18
1624986003.975,0,69.26
1624986003.978,1,88.98
1624986004.081,0,50.37
1624986004.084,1,55.58
1624986004.189,0,50.05
1624986004.192,1,55.86
1624986004.295,0,49.19
1624986004.298,1,57.57
1624986004.401,0,49.06
1624986004.404,1,65.99
1624986004.509,0,52.1
1624986004.512,1,86.18
1624986004.615,0,58.11
1624986004.619,1,59.58
1624986004.722,0,68.43
1624986004.725,1,66.24
1624986004.83,0,86.25
1624986004.839,1,85.06
1624986004.942,0,102.87
1624986004.945,1,107.44
1624986005.051,0,50.44
1624986005.054,1,78.72
1624986005.157,0,50.19
1624986005.163,1,56.07
1624986005.266,0,49.64
1624986005.269,1,56.59
1624986005.373,0,48.9
1624986005.376,1,61.25
1624986005.48,0,49.97
1624986005.483,1,81.96
1624986005.586,0,55.56
1624986005.591,1,66.44
1624986005.694,0,60.7
1624986005.697,1,62.1
1624986005.8,0,80.38
1624986005.804,1,78.81
1624986005.906,0,93.48
1624986005.909,1,103.5
1624986006.013,0,50.35
1624986006.018,1,65.32
1624986006.121,0,49.97
1624986006.124,1,56.09
1624986006.227,0,48.98
1624986006.23,1,58.31
1624986006.335,0,49.29
1624986006.338,1,67.73
1624986006.44,0,52.8
1624986006.446,1,83.08
1624986006.549,0,57.76
1624986006.552,1,59.24
1624986006.655,0,67.94
1624986006.659,1,67.23
1624986006.762,0,97.55
1624986006.765,1,93.26
1624986006.868,0,77.6
1624986006.872,1,105.16
1624986006.976,0,50.34
1624986006.979,1,55.86
1624986007.084,0,49.8
1624986007.087,1,56.17
1624986007.19,0,48.81
1624986007.193,1,58.24
1624986007.298,0,49.69
1624986007.3,1,70.72
1624986007.403,0,53.94
1624986007.406,1,68.87
1624986007.509,0,58.56
1624986007.513,1,59.49
1624986007.618,0,60.66
1624986007.622,1,62.27
1624986007.725,0,82.09
1624986007.728,1,81.04
1624986007.831,0,102.52
1624986007.836,1,119.03
1624986007.939,0,50.5
1624986007.942,1,55.53
1624986008.046,0,50.04
1624986008.048,1,56.32
1624986008.152,0,48.49
1624986008.155,1,59.92
1624986008.261,0,49.45
1624986008.264,1,74.62
1624986008.367,0,51.58
1624986008.37,1,92.2
1624986008.473,0,55.62
1624986008.476,1,58.09
1624986008.581,0,63.33
1624986008.584,1,63.8
1624986008.689,0,85.27
1624986008.694,1,80.94
1624986008.797,0,109.83
1624986008.8,1,126.09
1624986008.903,0,50.53
1624986008.906,1,64.2
1624986009.009,0,50.25
1624986009.012,1,55.74
1624986009.116,0,49.77
1624986009.12,1,56.22
1624986009.224,0,48.54
1624986009.226,1,63.04
1624986009.33,0,50.42
1624986009.332,1,78.21
1624986009.435,0,54.43
1624986009.439,1,66.42
1624986009.544,0,57.29
1624986009.547,1,58.84
1624986009.651,0,84.0
1624986009.654,1,80.21
1624986009.757,0,107.6
1624986009.76,1,122.25
1624986009.865,0,50.37
1624986009.868,1,55.87
1624986009.971,0,49.7
1624986009.974,1,56.26
1624986010.077,0,48.74
1624986010.08,1,59.42
1624986010.186,0,49.37
1624986010.189,1,67.01
1624986010.293,0,51.72
1624986010.296,1,87.84
1624986010.399,0,59.27
1624986010.404,1,60.47
1624986010.507,0,73.12
1624986010.51,1,71.96
1624986010.613,0,96.64
1624986010.617,1,91.72
1624986010.72,0,72.09
1624986010.723,1,99.75
1624986010.827,0,50.22
1624986010.83,1,55.72
1624986010.934,0,49.7
1624986010.937,1,55.33
1624986011.04,0,48.49
1624986011.043,1,61.03
1624986011.148,0,51.05
1624986011.151,1,88.8
1624986011.254,0,58.69
1624986011.258,1,60.0
1624986011.361,0,67.9
1624986011.364,1,65.51
1624986011.469,0,90.39
1624986011.472,1,109.94
1624986011.575,0,50.1
1624986011.578,1,55.04
1624986011.681,0,48.32
1624986011.684,1,55.64
1624986011.79,0,49.1
1624986011.793,1,64.16
1624986011.897,0,54.31
1624986011.9,1,71.47
1624986012.003,0,60.69
1624986012.006,1,61.24
1624986012.111,0,76.31
1624986012.114,1,74.38
1624986012.217,0,105.25
1624986012.22,1,99.32
1624986012.323,0,50.41
1624986012.326,1,73.35
1624986012.432,0,50.15
1624986012.435,1,55.95
1624986012.538,0,49.29
1624986012.541,1,56.55
1624986012.644,0,48.41
1624986012.649,1,60.1
1624986012.753,0,51.33
1624986012.756,1,85.97
1624986012.859,0,55.85
1624986012.863,1,61.42
1624986012.966,0,58.88
1624986012.969,1,59.53
1624986013.074,0,70.56
1624986013.077,1,70.57
1624986013.18,0,112.9
1624986013.183,1,105.65
1624986013.287,0,56.88
1624986013.29,1,95.63
1624986013.394,0,50.15
1624986013.397,1,56.03
1624986013.502,0,49.74
1624986013.505,1,56.2
1624986013.608,0,48.58
1624986013.611,1,62.63
1624986013.716,0,50.66
1624986013.718,1,79.32
1624986013.821,0,55.31
1624986013.825,1,57.18
1624986013.928,0,64.1
1624986013.931,1,63.31
1624986014.036,0,71.41
1624986014.039,1,69.66
1624986014.142,0,113.41
1624986014.145,1,129.17
1624986014.248,0,50.45
1624986014.252,1,86.39
1624986014.357,0,50.15
1624986014.36,1,55.47
1624986014.464,0,49.55
1624986014.467,1,56.81
1624986014.57,0,48.78
1624986014.573,1,62.24
1624986014.678,0,51.37
1624986014.681,1,93.44
1624986014.784,0,58.58
1624986014.787,1,60.02
1624986014.89,0,68.15
1624986014.894,1,66.47
1624986014.999,0,81.04
1624986015.002,1,79.75
1624986015.105,0,94.02
1624986015.108,1,103.76
1624986015.211,0,50.28
1624986015.214,1,56.46
1624986015.32,0,50.25
1624986015.323,1,56.31
1624986015.426,0,49.77
1624986015.429,1,56.42
1624986015.533,0,48.86
1624986015.535,1,61.97
1624986015.64,0,50.69
1624986015.643,1,80.59
1624986015.746,0,54.18
1624986015.749,1,71.51
1624986015.852,0,58.96
1624986015.857,1,59.2
1624986015.961,0,76.92
1624986015.965,1,76.31
1624986016.068,0,118.01
1624986016.071,1,132.44
1624986016.173,0,50.41
1624986016.176,1,70.92
1624986016.282,0,50.23
1624986016.285,1,56.03
1624986016.388,0,49.64
1624986016.391,1,56.87
1624986016.494,0,49.06
1624986016.497,1,67.25
1624986016.603,0,51.23
1624986016.605,1,97.04
1624986016.708,0,56.1
1624986016.712,1,57.98
1624986016.815,0,57.17
1624986016.818,1,58.12
1624986016.924,0,74.47
1624986016.927,1,73.93
1624986017.03,0,107.36
1624986017.033,1,102.85
1624986017.136,0,50.45
1624986017.139,1,94.69
1624986017.245,0,50.22
1624986017.248,1,55.73
1624986017.351,0,49.87
1624986017.354,1,56.16
1624986017.458,0,49.58
1624986017.462,1,56.7
1624986017.566,0,48.55
1624986017.569,1,61.72
1624986017.672,0,51.5
1624986017.675,1,89.43
1624986017.778,0,55.84
1624986017.781,1,67.43
1624986017.887,0,58.55
1624986017.89,1,59.87
1624986017.993,0,68.48
1624986017.997,1,68.59
1624986018.1,0,111.68
1624986018.103,1,95.87
1624986018.207,0,50.37
1624986018.21,1,65.97
1624986018.313,0,50.1
1624986018.316,1,55.82
1624986018.42,0,49.74
1624986018.423,1,56.2
1624986018.529,0,48.65
1624986018.531,1,62.17
1624986018.635,0,51.09
1624986018.638,1,87.91
1624986018.741,0,53.95
1624986018.744,1,82.24
1624986018.849,0,56.87
1624986018.853,1,58.81
1624986018.956,0,70.79
1624986018.959,1,70.71
1624986019.062,0,70.18
1624986019.066,1,68.17
1624986019.17,0,101.1
1624986019.173,1,120.02
1624986019.276,0,50.29
1624986019.279,1,55.63
1624986019.382,0,50.09
1624986019.385,1,55.69
1624986019.492,0,48.28
1624986019.494,1,58.58
1624986019.597,0,51.76
1624986019.6,1,87.86
1624986019.703,0,61.64
1624986019.706,1,61.34
1624986019.812,0,69.71
1624986019.815,1,69.35
1624986019.919,0,104.01
1624986019.922,1,99.53
1624986020.025,0,50.46
1624986020.028,1,90.53
1624986020.133,0,50.31
1624986020.136,1,55.72
1624986020.239,0,50.09
1624986020.242,1,55.97
1624986020.346,0,48.55
1624986020.348,1,58.98
1624986020.454,0,50.18
1624986020.457,1,73.94
1624986020.56,0,54.88
1624986020.563,1,67.65
1624986020.666,0,58.31
1624986020.67,1,59.14
1624986020.775,0,67.05
1624986020.778,1,67.01
1624986020.881,0,89.47
1624986020.885,1,86.31
1624986020.988,0,108.27
1624986020.99,1,108.65
1624986021.095,0,50.47
1624986021.098,1,60.88
1624986021.201,0,49.99
1624986021.204,1,55.76
1624986021.308,0,49.19
1624986021.311,1,55.75
1624986021.416,0,49.03
1624986021.419,1,65.66
1624986021.522,0,52.6
1624986021.525,1,87.22
1624986021.628,0,56.94
1624986021.631,1,57.9
1624986021.737,0,62.06
1624986021.741,1,62.61
1624986021.844,0,69.66
1624986021.847,1,68.75
1624986021.95,0,122.76
1624986021.953,1,140.7
1624986022.058,0,50.42
1624986022.061,1,55.34
1624986022.164,0,49.96
1624986022.167,1,55.76
1624986022.27,0,49.67
1624986022.273,1,56.16
1624986022.379,0,48.57
1624986022.382,1,61.41
1624986022.485,0,50.25
1624986022.488,1,76.62
1624986022.591,0,54.76
1624986022.594,1,78.83
1624986022.701,0,56.44
1624986022.704,1,58.2
1624986022.807,0,61.51
1624986022.81,1,62.16
1624986022.913,0,89.81
1624986022.917,1,82.69
1624986023.021,0,112.16
1624986023.024,1,130.05
1624986023.127,0,50.37
1624986023.13,1,55.4
1624986023.233,0,50.15
1624986023.236,1,55.47
1624986023.342,0,49.39
1624986023.345,1,57.68
1624986023.448,0,48.97
1624986023.451,1,65.38
1624986023.554,0,51.16
1624986023.557,1,84.65
1624986023.662,0,56.66
1624986023.666,1,58.3
1624986023.769,0,61.66
1624986023.772,1,62.58
1624986023.875,0,106.36
1624986023.878,1,94.25
1624986023.984,0,50.37
1624986023.986,1,55.4
1624986024.09,0,49.31
1624986024.093,1,54.15
1624986024.196,0,48.81
1624986024.199,1,64.1
1624986024.304,0,55.56
1624986024.308,1,62.49
1624986024.411,0,62.72
1624986024.414,1,63.56
1624986024.517,0,73.17
1624986024.521,1,70.05
1624986024.626,0,110.93
1624986024.63,1,107.29
1624986024.733,0,60.15
1624986024.736,1,82.91
1624986024.839,0,50.26
1624986024.842,1,55.67
1624986024.947,0,49.88
1624986024.949,1,55.86
1624986025.053,0,49.05
1624986025.056,1,58.87
1624986025.159,0,50.07
1624986025.162,1,69.66
1624986025.267,0,54.33
1624986025.27,1,69.13
1624986025.373,0,61.72
1624986025.377,1,62.67
1624986025.48,0,78.55
1624986025.484,1,75.51
1624986025.588,0,112.06
1624986025.591,1,127.51
1624986025.694,0,50.23
1624986025.696,1,55.94
1624986025.8,0,49.59
1624986025.803,1,55.87
1624986025.909,0,48.52
1624986025.912,1,59.99
1624986026.015,0,50.96
1624986026.018,1,78.35
1624986026.121,0,55.32
1624986026.125,1,63.45
1624986026.231,0,61.81
1624986026.235,1,62.44
1624986026.338,0,76.47
1624986026.341,1,75.4
1624986026.444,0,106.62
1624986026.45,1,100.21
1624986026.553,0,50.46
1624986026.556,1,60.34
1624986026.659,0,50.0
1624986026.662,1,55.88
1624986026.765,0,49.54
1624986026.77,1,56.11
1624986026.874,0,48.73
1624986026.877,1,62.65
1624986026.98,0,50.87
1624986026.985,1,84.9
1624986027.088,0,53.79
1624986027.093,1,70.9
1624986027.196,0,58.61
1624986027.199,1,60.12
1624986027.302,0,62.69
1624986027.306,1,62.85
1624986027.409,0,119.82
1624986027.414,1,132.07
1624986027.517,0,50.31
1624986027.52,1,55.34
1624986027.623,0,50.09
1624986027.626,1,56.06
1624986027.729,0,49.48
1624986027.734,1,56.03
1624986027.838,0,49.81
1624986027.841,1,71.19
1624986027.944,0,53.46
1624986027.947,1,87.62
1624986028.05,0,56.65
1624986028.055,1,58.41
1624986028.158,0,62.96
1624986028.162,1,63.41
1624986028.265,0,99.65
1624986028.268,1,90.53
1624986028.372,0,101.43
1624986028.376,1,120.06
1624986028.479,0,50.28
1624986028.482,1,55.88
1624986028.585,0,50.09
1624986028.589,1,55.74
1624986028.693,0,49.11
1624986028.697,1,58.0
1624986028.801,0,49.31
1624986028.804,1,67.93
1624986028.907,0,51.99
1624986028.909,1,92.13
1624986029.012,0,56.87
1624986029.019,1,58.47
1624986029.122,0,62.66
1624986029.125,1,63.11
1624986029.228,0,93.48
1624986029.231,1,90.43
1624986029.334,0,92.18
1624986029.339,1,110.25
1624986029.442,0,50.25
1624986029.445,1,55.4
1624986029.549,0,49.77
1624986029.552,1,56.47
1624986029.655,0,48.52
1624986029.66,1,63.7
1624986029.763,0,50.76
1624986029.766,1,92.38
1624986029.869,0,55.85
1624986029.872,1,57.92
1624986029.975,0,64.97
1624986029.981,1,66.39
1624986030.084,0,104.45
1624986030.088,1,101.86
1624986030.19,0,50.35
1624986030.193,1,70.56
1624986030.296,0,50.19
1624986030.302,1,56.01
1624986030.405,0,49.74
1624986030.408,1,56.44
1624986030.512,0,48.74
1624986030.514,1,64.22
1624986030.617,0,51.76
1624986030.622,1,90.54
1624986030.725,0,57.28
1624986030.729,1,58.78
1624986030.832,0,66.6
1624986030.835,1,66.77
1624986030.938,0,124.65
1624986030.944,1,111.14
1624986031.047,0,50.32
1624986031.05,1,63.24
1624986031.153,0,50.02
1624986031.156,1,56.01
1624986031.259,0,49.54
1624986031.264,1,57.18
1624986031.368,0,48.62
1624986031.371,1,60.08
1624986031.474,0,50.26
1624986031.477,1,89.15
1624986031.58,0,54.88
1624986031.585,1,71.8
1624986031.688,0,59.44
1624986031.692,1,60.78
1624986031.795,0,61.91
1624986031.799,1,62.88
1624986031.902,0,80.13
1624986031.907,1,77.74
1624986032.01,0,92.78
1624986032.012,1,113.73
1624986032.115,0,50.27
1624986032.118,1,55.8
1624986032.222,0,49.96
1624986032.227,1,56.12
1624986032.331,0,48.94
1624986032.333,1,59.61
1624986032.437,0,49.52
1624986032.44,1,69.93
1624986032.542,0,52.0
1624986032.549,1,94.93
1624986032.652,0,56.65
1624986032.655,1,58.24
1624986032.758,0,60.56
1624986032.762,1,61.69
1624986032.865,0,72.3
1624986032.87,1,70.17
1624986032.973,0,95.39
1624986032.976,1,89.01
1624986033.079,0,50.44
1624986033.082,1,65.72
1624986033.185,0,50.12
1624986033.19,1,55.05
1624986033.294,0,49.81
1624986033.297,1,56.19
1624986033.4,0,48.81
1624986033.403,1,60.17
1624986033.507,0,50.34
1624986033.511,1,72.42
1624986033.616,0,53.97
1624986033.619,1,70.27
1624986033.722,0,57.02
1624986033.725,1,58.41
1624986033.828,0,65.82
1624986033.832,1,65.38
1624986033.935,0,93.36
1624986033.939,1,89.0
1624986034.042,0,84.32
1624986034.045,1,106.27
1624986034.148,0,50.26
1624986034.154,1,77.6
1624986034.256,0,50.31
1624986034.259,1,55.65
1624986034.367,0,49.74
1624986034.37,1,56.47
1624986034.474,0,49.42
1624986034.477,1,57.57
1624986034.58,0,56.84
1624986034.583,1,70.56
1624986034.688,0,49.99
1624986034.691,1,56.47
1624986034.795,0,48.4
1624986034.797,1,60.47
1624986034.901,0,51.2
1624986034.905,1,94.0
1624986035.008,0,57.48
1624986035.012,1,59.09
1624986035.115,0,74.21
1624986035.118,1,74.55
1624986035.221,0,87.2
1624986035.224,1,87.68
1624986035.328,0,55.5
1624986035.33,1,81.2
1624986035.433,0,50.06
1624986035.437,1,55.56
1624986035.541,0,49.51
1624986035.544,1,55.86
1624986035.647,0,48.68
1624986035.65,1,69.2
1624986035.753,0,51.09
1624986035.758,1,80.68
1624986035.862,0,55.42
1624986035.866,1,60.15
1624986035.969,0,59.79
1624986035.972,1,61.31
1624986036.075,0,75.33
1624986036.08,1,73.22
1624986036.182,0,103.48
1624986036.185,1,103.59
1624986036.293,0,50.38
1624986036.296,1,72.28
1624986036.399,0,50.05
1624986036.402,1,56.03
1624986036.506,0,49.88
1624986036.51,1,55.94
1624986036.616,0,49.31
1624986036.621,1,57.38
1624986036.725,0,49.19
1624986036.727,1,67.99
1624986036.83,0,52.56
1624986036.833,1,93.78
1624986036.936,0,56.0
1624986036.942,1,58.06
1624986037.045,0,57.04
1624986037.049,1,58.61
1624986037.152,0,66.84
1624986037.155,1,65.97
1624986037.258,0,95.3
1624986037.263,1,85.64
1624986037.369,0,95.94
1624986037.372,1,110.67
1624986037.474,0,50.29
1624986037.477,1,55.61
1624986037.581,0,49.67
1624986037.584,1,56.99
1624986037.687,0,48.81
1624986037.69,1,62.68
1624986037.793,0,50.07
1624986037.796,1,76.09
1624986037.899,0,51.76
1624986037.904,1,93.31
1624986038.007,0,57.44
1624986038.011,1,58.94
1624986038.114,0,60.49
1624986038.117,1,61.86
1624986038.222,0,64.48
1624986038.226,1,66.32
1624986038.329,0,77.53
1624986038.333,1,76.13
1624986038.436,0,94.1
1624986038.438,1,114.77
1624986038.541,0,50.41
1624986038.546,1,80.35
1624986038.652,0,50.17
1624986038.655,1,55.97
1624986038.758,0,49.49
1624986038.761,1,56.32
1624986038.865,0,48.74
1624986038.868,1,63.14
1624986038.971,0,50.94
1624986038.974,1,82.38
1624986039.077,0,55.23
1624986039.08,1,57.22
1624986039.183,0,58.77
1624986039.188,1,60.25
1624986039.291,0,90.51
1624986039.295,1,85.32
1624986039.398,0,91.1
1624986039.401,1,109.72
1624986039.503,0,50.34
1624986039.509,1,75.8
1624986039.612,0,50.12
1624986039.615,1,56.01
1624986039.718,0,49.67
1624986039.721,1,56.29
1624986039.825,0,48.64
1624986039.83,1,59.98
1624986039.933,0,50.69
1624986039.936,1,80.7
1624986040.04,0,54.54
1624986040.043,1,73.55
1624986040.146,0,57.26
1624986040.151,1,58.66
1624986040.254,0,70.73
1624986040.258,1,70.33
1624986040.36,0,84.25
1624986040.364,1,70.0
1624986040.473,0,96.91
1624986040.476,1,92.14
1624986040.579,0,67.93
1624986040.582,1,90.04
1624986040.685,0,50.32
1624986040.688,1,55.85
1624986040.791,0,49.9
1624986040.794,1,56.09
1624986040.898,0,49.12
1624986040.9,1,58.36
1624986041.004,0,49.45
1624986041.007,1,70.17
1624986041.11,0,52.99
1624986041.114,1,78.82
1624986041.217,0,58.97
1624986041.222,1,59.99
1624986041.325,0,71.11
1624986041.329,1,69.95
1624986041.432,0,115.98
1624986041.435,1,136.97
1624986041.538,0,50.23
1624986041.541,1,55.73
1624986041.645,0,49.9
1624986041.648,1,55.51
1624986041.751,0,49.42
1624986041.756,1,56.74
1624986041.861,0,48.74
1624986041.864,1,62.72
1624986041.967,0,50.47
1624986041.97,1,77.2
1624986042.073,0,52.71
1624986042.078,1,75.91
1624986042.18,0,58.4
1624986042.184,1,59.54
1624986042.289,0,64.43
1624986042.292,1,65.16
1624986042.395,0,84.79
1624986042.399,1,81.71
1624986042.502,0,87.65
1624986042.505,1,105.92
1624986042.607,0,50.25
1624986042.61,1,97.26
1624986042.719,0,50.22
1624986042.722,1,55.92
1624986042.825,0,49.51
1624986042.828,1,56.86
1624986042.932,0,48.64
1624986042.934,1,61.99
1624986043.038,0,51.17
1624986043.04,1,85.16
1624986043.143,0,55.87
1624986043.147,1,57.73
1624986043.25,0,59.64
1624986043.253,1,60.29
1624986043.356,0,77.34
1624986043.361,1,76.05
1624986043.464,0,110.02
1624986043.468,1,101.91
1624986043.571,0,66.7
1624986043.574,1,94.94
1624986043.677,0,50.22
1624986043.683,1,55.82
1624986043.786,0,50.02
1624986043.789,1,55.71
1624986043.893,0,49.58
1624986043.896,1,57.51
1624986043.999,0,48.58
1624986044.003,1,63.07
1624986044.106,0,51.42
1624986044.109,1,85.65
1624986044.212,0,55.84
1624986044.215,1,62.22
1624986044.318,0,56.97
1624986044.325,1,58.94
1624986044.428,0,60.04
1624986044.433,1,61.36
1624986044.536,0,82.16
1624986044.539,1,74.49
1624986044.645,0,114.72
1624986044.648,1,130.97
1624986044.751,0,50.28
1624986044.754,1,56.43
1624986044.857,0,50.12
1624986044.86,1,55.23
1624986044.966,0,49.53
1624986044.969,1,56.46
1624986045.073,0,48.81
1624986045.075,1,62.97
1624986045.179,0,51.13
1624986045.181,1,77.09
1624986045.287,0,55.04
1624986045.291,1,62.83
1624986045.394,0,56.82
1624986045.397,1,58.39
1624986045.5,0,64.86
1624986045.504,1,64.1
1624986045.608,0,87.08
1624986045.611,1,82.93
1624986045.714,0,90.73
1624986045.717,1,110.97
1624986045.82,0,50.28
1624986045.823,1,55.49
1624986045.929,0,50.06
1624986045.932,1,55.74
1624986046.035,0,49.47
1624986046.038,1,56.7
1624986046.142,0,48.65
1624986046.145,1,64.99
1624986046.25,0,50.98
1624986046.253,1,84.83
1624986046.356,0,57.9
1624986046.359,1,59.31
1624986046.462,0,58.49
1624986046.466,1,59.39
1624986046.57,0,63.6
1624986046.574,1,64.35
1624986046.677,0,105.57
1624986046.68,1,95.55
1624986046.783,0,61.46
1624986046.786,1,98.98
1624986046.891,0,50.35
1624986046.894,1,55.5
1624986046.997,0,50.04
1624986047.0,1,56.02
1624986047.103,0,49.58
1624986047.106,1,56.72
1624986047.212,0,48.83
1624986047.215,1,59.15
1624986047.319,0,49.44
1624986047.321,1,70.21
1624986047.424,0,51.46
1624986047.427,1,94.4
1624986047.533,0,58.84
1624986047.536,1,59.86
1624986047.639,0,66.56
1624986047.643,1,65.88
1624986047.746,0,100.99
1624986047.749,1,90.0
1624986047.854,0,74.02
1624986047.856,1,97.33
1624986047.959,0,50.06
1624986047.962,1,55.69
1624986048.066,0,49.9
1624986048.069,1,56.29
1624986048.175,0,48.23
1624986048.178,1,60.45
1624986048.281,0,49.95
1624986048.284,1,74.1
1624986048.387,0,55.71
1624986048.39,1,61.47
1624986048.495,0,58.84
1624986048.499,1,59.97
1624986048.602,0,72.52
1624986048.605,1,72.08
1624986048.709,0,95.36
1624986048.712,1,87.67
1624986048.816,0,65.22
1624986048.819,1,85.74
1624986048.922,0,50.3
1624986048.925,1,55.54
1624986049.028,0,49.97
1624986049.031,1,55.66
1624986049.138,0,48.73
1624986049.141,1,59.61
1624986049.245,0,49.9
1624986049.248,1,74.79
1624986049.351,0,53.12
1624986049.353,1,93.8
1624986049.458,0,57.56
1624986049.462,1,59.17
1624986049.564,0,62.88
1624986049.568,1,62.93
1624986049.671,0,84.22
1624986049.674,1,77.28
1624986049.779,0,88.45
1624986049.782,1,85.73
1624986049.885,0,50.35
1624986049.888,1,80.16
1624986049.991,0,50.06
1624986049.994,1,55.96
1624986050.1,0,49.74
1624986050.103,1,56.24
1624986050.207,0,48.61
1624986050.21,1,62.38
1624986050.313,0,51.44
1624986050.316,1,85.75
1624986050.421,0,55.94
1624986050.424,1,58.01
1624986050.527,0,61.48
1624986050.531,1,62.58
1624986050.635,0,68.4
1624986050.638,1,67.6
1624986050.742,0,94.94
1624986050.747,1,86.79
1624986050.85,0,83.99
1624986050.852,1,103.59
1624986050.955,0,50.29
1624986050.958,1,55.04
1624986051.064,0,49.99
1624986051.066,1,55.97
1624986051.17,0,48.49
1624986051.173,1,60.71
1624986051.276,0,49.96
1624986051.279,1,71.18
1624986051.383,0,51.56
1624986051.386,1,85.37
1624986051.489,0,58.01
1624986051.493,1,59.61
1624986051.596,0,66.97
1624986051.599,1,65.75
1624986051.704,0,76.65
1624986051.707,1,74.01
1624986051.81,0,98.51
1624986051.813,1,119.35
1624986051.916,0,50.24
1624986051.919,1,55.68
1624986052.025,0,50.06
1624986052.028,1,55.66
1624986052.132,0,48.9
1624986052.135,1,57.84
1624986052.239,0,49.03
1624986052.242,1,67.14
1624986052.346,0,50.37
1624986052.351,1,79.04
1624986052.454,0,55.26
1624986052.457,1,64.9
1624986052.56,0,57.71
1624986052.563,1,59.18
1624986052.667,0,67.18
1624986052.671,1,68.02
1624986052.774,0,95.25
1624986052.777,1,92.94
1624986052.88,0,92.5
1624986052.883,1,119.99
1624986052.988,0,50.38
1624986052.991,1,55.32
1624986053.095,0,49.97
1624986053.098,1,55.47
1624986053.201,0,49.36
1624986053.204,1,56.29
1624986053.309,0,48.45
1624986053.312,1,62.35
1624986053.415,0,51.69
1624986053.418,1,95.33
1624986053.521,0,56.06
1624986053.524,1,61.85
1624986053.63,0,61.75
1624986053.633,1,63.37
1624986053.736,0,97.58
1624986053.739,1,95.5
1624986053.844,0,49.9
1624986053.847,1,54.74
1624986053.951,0,47.97
1624986053.956,1,55.64
1624986054.059,0,50.02
1624986054.062,1,75.3
1624986054.165,0,56.27
1624986054.168,1,58.07
1624986054.272,0,78.05
1624986054.275,1,75.67
1624986054.378,0,50.25
1624986054.381,1,69.61
1624986054.484,0,49.38
1624986054.487,1,54.41
1624986054.593,0,48.43
1624986054.596,1,59.96
1624986054.699,0,51.02
1624986054.701,1,86.19
1624986054.804,0,60.91
1624986054.808,1,60.81
1624986054.914,0,81.21
1624986054.917,1,78.71
1624986055.02,0,91.6
1624986055.023,1,108.97
1624986055.126,0,50.21
1624986055.129,1,70.63
1624986055.234,0,50.15
1624986055.237,1,56.06
1624986055.341,0,49.48
1624986055.344,1,56.91
1624986055.449,0,48.51
1624986055.455,1,64.69
1624986055.558,0,50.49
1624986055.56,1,96.46
1624986055.663,0,56.08
1624986055.667,1,58.24
1624986055.77,0,59.69
1624986055.776,1,60.87
1624986055.879,0,67.05
1624986055.882,1,67.54
1624986055.985,0,112.21
1624986055.988,1,108.99
1624986056.091,0,68.54
1624986056.097,1,93.44
1624986056.199,0,50.25
1624986056.202,1,55.26
1624986056.306,0,49.8
1624986056.309,1,55.88
1624986056.412,0,48.49
1624986056.417,1,60.61
1624986056.521,0,49.83
1624986056.523,1,72.36
1624986056.626,0,54.12
1624986056.629,1,66.23
1624986056.732,0,58.69
1624986056.739,1,59.91
1624986056.842,0,67.87
1624986056.845,1,66.89
1624986056.948,0,100.83
1624986056.952,1,95.14
1624986057.055,0,84.43
1624986057.059,1,104.93
1624986057.162,0,50.18
1624986057.165,1,55.48
1624986057.269,0,48.52
1624986057.272,1,59.67
1624986057.375,0,49.44
1624986057.38,1,70.69
1624986057.483,0,53.35
1624986057.486,1,84.23
1624986057.589,0,56.68
1624986057.592,1,58.36
1624986057.695,0,57.53
1624986057.702,1,58.94
1624986057.805,0,71.0
1624986057.808,1,71.34
1624986057.911,0,116.62
1624986057.914,1,109.1
1624986058.017,0,55.32
1624986058.022,1,79.73
1624986058.125,0,49.98
1624986058.128,1,55.38
1624986058.231,0,48.78
1624986058.234,1,58.97
1624986058.337,0,49.32
1624986058.343,1,66.37
1624986058.446,0,50.91
1624986058.448,1,85.22
1624986058.551,0,58.48
1624986058.555,1,59.59
1624986058.658,0,69.3
1624986058.665,1,68.81
1624986058.768,0,80.14
1624986058.771,1,78.58
1624986058.874,0,94.13
1624986058.877,1,113.11
1624986058.98,0,50.25
1624986058.985,1,55.4
1624986059.088,0,49.74
1624986059.091,1,55.84
1624986059.195,0,49.26
1624986059.198,1,57.99
1624986059.301,0,49.32
1624986059.306,1,68.03
1624986059.408,0,52.44
1624986059.411,1,85.19
1624986059.514,0,55.39
1624986059.518,1,57.34
1624986059.621,0,57.57
1624986059.627,1,59.22
1624986059.73,0,61.52
1624986059.733,1,62.65
1624986059.836,0,77.45
1624986059.84,1,75.66
1624986059.943,0,105.28
1624986059.948,1,101.41
1624986060.051,0,77.49
1624986060.054,1,100.84
1624986060.158,0,50.29
1624986060.161,1,58.04
1624986060.267,0,50.15
1624986060.272,1,55.26
1624986060.375,0,49.65
1624986060.378,1,56.11
1624986060.482,0,48.5
1624986060.485,1,60.0
1624986060.589,0,50.43
1624986060.592,1,81.27
1624986060.694,0,54.91
1624986060.698,1,65.25
1624986060.801,0,56.89
1624986060.804,1,57.9
1624986060.909,0,64.96
1624986060.912,1,64.67
1624986061.015,0,115.23
1624986061.018,1,111.99
1624986061.121,0,52.03
1624986061.124,1,85.95
1624986061.23,0,50.22
1624986061.233,1,55.34
1624986061.336,0,50.06
1624986061.339,1,55.78
1624986061.442,0,49.17
1624986061.445,1,57.62
1624986061.551,0,49.14
1624986061.554,1,70.44
1624986061.656,0,51.08
1624986061.659,1,93.3
1624986061.764,0,56.04
1624986061.767,1,57.5
1624986061.872,0,57.95
1624986061.875,1,59.63
1624986061.978,0,60.53
1624986061.982,1,61.78
1624986062.085,0,85.4
1624986062.088,1,80.21
1624986062.192,0,97.56
1624986062.195,1,96.77
1624986062.298,0,50.22
1624986062.301,1,56.56
1624986062.405,0,49.86
1624986062.407,1,55.74
1624986062.514,0,49.65
1624986062.517,1,56.22
1624986062.62,0,48.49
1624986062.623,1,63.7
1624986062.726,0,51.51
1624986062.729,1,86.27
1624986062.834,0,55.51
1624986062.838,1,65.9
1624986062.941,0,57.15
1624986062.944,1,59.01
1624986063.047,0,66.45
1624986063.051,1,65.11
1624986063.155,0,93.76
1624986063.158,1,87.45
1624986063.261,0,78.78
1624986063.264,1,99.12
1624986063.367,0,50.31
1624986063.37,1,54.92
1624986063.476,0,50.02
1624986063.479,1,55.81
1624986063.583,0,49.42
1624986063.586,1,56.73
1624986063.689,0,48.29
1624986063.692,1,59.94
1624986063.797,0,50.18
1624986063.8,1,76.57
1624986063.903,0,54.02
1624986063.906,1,76.32
1624986064.009,0,55.49
1624986064.012,1,56.99
1624986064.118,0,59.36
1624986064.122,1,60.67
1624986064.224,0,77.88
1624986064.228,1,76.82
1624986064.331,0,95.15
1624986064.334,1,121.85
1624986064.439,0,50.24
1624986064.442,1,58.8
1624986064.545,0,50.06
1624986064.548,1,55.57
1624986064.652,0,49.67
1624986064.655,1,55.94
1624986064.76,0,48.73
1624986064.763,1,63.66
1624986064.866,0,51.45
1624986064.869,1,89.46
1624986064.972,0,54.15
1624986064.975,1,68.88
1624986065.081,0,59.47
1624986065.084,1,60.88
1624986065.187,0,71.76
1624986065.191,1,70.42
1624986065.294,0,109.85
1624986065.297,1,97.08
1624986065.402,0,50.31
1624986065.405,1,80.19
1624986065.508,0,50.14
1624986065.511,1,55.53
1624986065.614,0,49.35
1624986065.617,1,55.82
1624986065.723,0,49.55
1624986065.726,1,70.16
1624986065.828,0,53.2
1624986065.831,1,70.15
1624986065.934,0,55.33
1624986065.938,1,57.01
1624986066.043,0,66.14
1624986066.047,1,66.82
1624986066.15,0,105.49
1624986066.153,1,103.22
1624986066.256,0,50.31
1624986066.259,1,75.28
1624986066.364,0,50.25
1624986066.367,1,55.17
1624986066.47,0,49.22
1624986066.473,1,56.17
1624986066.577,0,48.9
1624986066.58,1,61.6
1624986066.685,0,51.62
1624986066.688,1,93.57
1624986066.791,0,56.77
1624986066.795,1,58.38
1624986066.898,0,62.12
1624986066.901,1,61.64
1624986067.006,0,64.88
1624986067.009,1,65.06
1624986067.112,0,114.79
1624986067.115,1,112.57
1624986067.218,0,50.25
1624986067.221,1,91.06
1624986067.327,0,50.0
1624986067.33,1,55.52
1624986067.433,0,49.61
1624986067.436,1,56.2
1624986067.539,0,48.78
1624986067.542,1,62.92
1624986067.648,0,50.82
1624986067.65,1,84.79
1624986067.753,0,56.47
1624986067.757,1,58.07
1624986067.86,0,62.42
1624986067.863,1,61.3
1624986067.969,0,71.85
1624986067.972,1,71.57
1624986068.075,0,99.05
1624986068.078,1,98.9
1624986068.181,0,50.31
1624986068.184,1,63.28
1624986068.29,0,50.09
1624986068.296,1,55.78
1624986068.4,0,49.13
1624986068.403,1,57.34
1624986068.506,0,48.52
1624986068.509,1,62.39
1624986068.612,0,50.51
1624986068.616,1,79.37
1624986068.719,0,55.3
1624986068.722,1,67.52
1624986068.825,0,56.13
1624986068.829,1,57.92
1624986068.932,0,58.22
1624986068.936,1,59.62
1624986069.039,0,83.44
1624986069.042,1,80.18
1624986069.145,0,96.25
1624986069.148,1,121.96
1624986069.252,0,50.09
1624986069.255,1,55.78
1624986069.359,0,49.75
1624986069.363,1,55.86
1624986069.466,0,48.52
1624986069.469,1,59.47
1624986069.574,0,49.16
1624986069.577,1,68.37
1624986069.68,0,53.94
1624986069.683,1,66.24
1624986069.786,0,60.84
1624986069.789,1,61.08
1624986069.894,0,64.19
1624986069.898,1,64.56
1624986070.001,0,102.21
1624986070.004,1,98.05
1624986070.107,0,97.66
1624986070.114,1,115.49
1624986070.217,0,50.1
1624986070.22,1,55.1
1624986070.323,0,49.77
1624986070.326,1,56.27
1624986070.429,0,48.68
1624986070.432,1,58.24
1624986070.537,0,49.83
1624986070.54,1,77.15
1624986070.643,0,56.02
1624986070.646,1,58.01
1624986070.749,0,60.17
1624986070.753,1,60.33
1624986070.857,0,66.82
1624986070.863,1,66.83
1624986070.966,0,97.22
1624986070.97,1,93.99
1624986071.073,0,53.91
1624986071.076,1,85.96
1624986071.179,0,49.93
1624986071.182,1,55.34
1624986071.287,0,49.57
1624986071.29,1,55.94
1624986071.393,0,48.9
1624986071.396,1,71.36
1624986071.499,0,52.68
1624986071.502,1,86.56
1624986071.605,0,57.37
1624986071.608,1,59.36
1624986071.711,0,61.62
1624986071.717,1,62.54
1624986071.82,0,70.45
1624986071.824,1,70.65
1624986071.927,0,117.78
1624986071.93,1,110.5
1624986072.033,0,66.46
1624986072.035,1,111.45
1624986072.141,0,50.31
1624986072.147,1,55.44
1624986072.251,0,50.12
1624986072.254,1,55.53
1624986072.357,0,49.51
1624986072.36,1,56.57
1624986072.463,0,48.55
1624986072.466,1,61.34
1624986072.569,0,49.97
1624986072.575,1,82.73
1624986072.678,0,55.34
1624986072.681,1,57.4
1624986072.784,0,63.29
1624986072.787,1,63.04
1624986072.892,0,61.88
1624986072.895,1,62.54
1624986072.998,0,92.82
1624986073.005,1,88.93
1624986073.108,0,63.08
1624986073.11,1,85.95
1624986073.213,0,50.22
1624986073.216,1,54.96
1624986073.32,0,49.83
1624986073.323,1,56.12
1624986073.426,0,48.84
1624986073.429,1,60.6
1624986073.533,0,49.22
1624986073.537,1,68.06
1624986073.64,0,51.74
1624986073.643,1,92.3
1624986073.746,0,56.32
1624986073.75,1,58.08
1624986073.853,0,62.01
1624986073.856,1,63.13
1624986073.959,0,79.21
1624986073.963,1,74.56
1624986074.067,0,114.49
1624986074.07,1,128.42
1624986074.173,0,50.25
1624986074.176,1,63.17
1624986074.279,0,50.02
1624986074.282,1,55.63
1624986074.388,0,49.35
1624986074.391,1,56.11
1624986074.497,0,48.89
1624986074.503,1,57.95
1624986074.609,0,48.61
1624986074.612,1,63.05
1624986074.716,0,49.75
1624986074.718,1,77.92
1624986074.821,0,55.96
1624986074.825,1,67.2
1624986074.93,0,56.63
1624986074.933,1,58.1
1624986075.036,0,59.34
1624986075.04,1,61.13
1624986075.143,0,118.77
1624986075.146,1,111.29
1624986075.251,0,50.21
1624986075.254,1,55.7
1624986075.357,0,50.07
1624986075.361,1,55.67
1624986075.465,0,49.54
1624986075.468,1,56.2
1624986075.573,0,48.78
1624986075.575,1,59.84
1624986075.679,0,49.94
1624986075.682,1,85.62
1624986075.785,0,54.61
1624986075.788,1,78.28
1624986075.893,0,60.51
1624986075.896,1,60.86
1624986076.001,0,68.25
1624986076.005,1,67.88
1624986076.108,0,114.21
1624986076.11,1,115.06
1624986076.214,0,50.35
1624986076.217,1,70.66
1624986076.32,0,50.17
1624986076.323,1,55.49
1624986076.426,0,49.67
1624986076.429,1,55.55
1624986076.535,0,48.84
1624986076.538,1,58.57
1624986076.642,0,49.28
1624986076.647,1,66.08
1624986076.75,0,53.55
1624986076.755,1,69.46
1624986076.858,0,55.58
1624986076.861,1,57.5
1624986076.964,0,67.32
1624986076.967,1,67.3
1624986077.07,0,72.15
1624986077.073,1,70.47
1624986077.178,0,112.5
1624986077.181,1,112.89
1624986077.284,0,50.22
1624986077.287,1,55.55
1624986077.39,0,50.0
1624986077.393,1,55.82
1624986077.498,0,49.48
1624986077.504,1,56.63
1624986077.607,0,48.71
1624986077.61,1,61.01
1624986077.714,0,49.75
1624986077.716,1,79.05
1624986077.819,0,54.18
1624986077.823,1,61.4
1624986077.926,0,57.78
1624986077.929,1,59.37
1624986078.032,0,62.09
1624986078.036,1,62.5
1624986078.14,0,87.12
1624986078.143,1,84.98
1624986078.246,0,94.18
1624986078.249,1,115.34
1624986078.352,0,49.88
1624986078.355,1,55.11
1624986078.461,0,48.36
1624986078.465,1,54.51
1624986078.569,0,49.67
1624986078.572,1,83.28
1624986078.674,0,57.46
1624986078.678,1,58.9
1624986078.782,0,103.3
1624986078.785,1,99.32
1624986078.888,0,50.13
1624986078.891,1,55.17
1624986078.995,0,49.19
1624986078.998,1,54.44
1624986079.103,0,48.39
1624986079.105,1,59.94
1624986079.21,0,52.56
1624986079.213,1,82.95
1624986079.316,0,58.9
1624986079.319,1,59.8
1624986079.424,0,89.54
1624986079.427,1,86.55
1624986079.53,0,50.22
1624986079.533,1,54.78
1624986079.636,0,49.31
1624986079.639,1,54.4
1624986079.745,0,48.07
1624986079.748,1,58.8
1624986079.85,0,51.62
1624986079.853,1,86.63
1624986079.956,0,58.11
1624986079.96,1,58.66
1624986080.065,0,74.79
1624986080.07,1,73.24
1624986080.173,0,50.22
1624986080.176,1,71.63
1624986080.279,0,49.19
1624986080.281,1,54.19
1624986080.386,0,48.17
1624986080.389,1,62.98
1624986080.492,0,53.14
1624986080.495,1,77.06
1624986080.598,0,62.73
1624986080.601,1,62.01
1624986080.707,0,101.96
1624986080.71,1,91.73
1624986080.814,0,50.15
1624986080.817,1,54.71
1624986080.921,0,48.67
1624986080.923,1,54.09
1624986081.028,0,48.62
1624986081.031,1,63.31
1624986081.134,0,55.35
1624986081.137,1,56.9
1624986081.24,0,72.18
1624986081.244,1,68.34
1624986081.349,0,76.69
1624986081.352,1,94.41
1624986081.455,0,49.81
1624986081.458,1,54.94
1624986081.561,0,47.83
1624986081.564,1,56.2
1624986081.67,0,51.01
1624986081.673,1,89.24
1624986081.776,0,55.75
1624986081.779,1,57.9
1624986081.882,0,61.24
1624986081.886,1,61.58
1624986081.991,0,87.24
1624986081.994,1,84.68
1624986082.097,0,77.92
1624986082.1,1,98.16
1624986082.203,0,50.18
1624986082.206,1,55.04
1624986082.311,0,50.0
1624986082.314,1,55.3
1624986082.418,0,49.35
1624986082.421,1,56.82
1624986082.524,0,49.03
1624986082.527,1,62.76
1624986082.632,0,50.7
1624986082.635,1,80.43
1624986082.738,0,55.29
1624986082.741,1,64.01
1624986082.844,0,58.65
1624986082.848,1,59.2
1624986082.953,0,69.28
1624986082.956,1,68.88
1624986083.059,0,94.77
1624986083.063,1,91.9
1624986083.166,0,85.56
1624986083.169,1,115.32
1624986083.274,0,50.09
1624986083.277,1,55.58
1624986083.38,0,49.68
1624986083.383,1,55.87
1624986083.487,0,48.67
1624986083.49,1,64.22
1624986083.595,0,50.49
1624986083.598,1,82.57
1624986083.701,0,55.39
1624986083.704,1,57.26
1624986083.807,0,58.61
1624986083.811,1,59.53
1624986083.916,0,67.58
1624986083.919,1,66.97
1624986084.022,0,71.42
1624986084.025,1,70.33
1624986084.128,0,99.84
1624986084.131,1,126.68
1624986084.237,0,50.17
1624986084.239,1,62.68
1624986084.343,0,50.15
1624986084.346,1,55.56
1624986084.449,0,49.34
1624986084.452,1,56.76
1624986084.558,0,48.71
1624986084.564,1,59.48
1624986084.667,0,49.87
1624986084.67,1,75.61
1624986084.773,0,54.37
1624986084.775,1,67.34
1624986084.878,0,56.09
1624986084.885,1,57.86
1624986084.988,0,59.74
1624986084.991,1,60.45
1624986085.094,0,69.5
1624986085.098,1,69.21
1624986085.201,0,109.66
1624986085.206,1,106.19
1624986085.309,0,50.15
1624986085.312,1,79.9
1624986085.415,0,49.97
1624986085.418,1,55.28
1624986085.522,0,49.6
1624986085.527,1,55.58
1624986085.631,0,48.33
1624986085.634,1,62.65
1624986085.737,0,50.48
1624986085.74,1,90.74
1624986085.843,0,54.47
1624986085.848,1,66.08
1624986085.951,0,55.8
1624986085.954,1,57.31
1624986086.057,0,71.7
1624986086.06,1,70.93
1624986086.163,0,95.3
1624986086.17,1,90.28
1624986086.273,0,89.33
1624986086.275,1,110.72
1624986086.378,0,50.21
1624986086.381,1,55.16
1624986086.485,0,49.98
1624986086.49,1,55.88
1624986086.594,0,49.45
1624986086.597,1,56.19
1624986086.703,0,48.87
1624986086.706,1,58.9
1624986086.809,0,49.8
1624986086.812,1,73.82
1624986086.915,0,52.05
1624986086.918,1,90.33
1624986087.024,0,54.35
1624986087.027,1,63.58
1624986087.13,0,62.9
1624986087.133,1,63.18
1624986087.236,0,94.39
1624986087.24,1,87.22
1624986087.344,0,78.21
1624986087.347,1,103.04
1624986087.45,0,50.06
1624986087.453,1,55.28
1624986087.557,0,49.48
1624986087.56,1,56.26
1624986087.665,0,48.55
1624986087.668,1,62.5
1624986087.771,0,50.28
1624986087.774,1,78.84
1624986087.877,0,53.79
1624986087.88,1,67.16
1624986087.983,0,58.59
1624986087.987,1,59.33
1624986088.09,0,59.21
1624986088.095,1,60.23
1624986088.198,0,80.91
1624986088.202,1,73.54
1624986088.307,0,114.71
1624986088.31,1,112.1
1624986088.413,0,50.35
1624986088.416,1,62.29
1624986088.52,0,50.06
1624986088.522,1,55.52
1624986088.628,0,49.41
1624986088.631,1,56.82
1624986088.735,0,48.96
1624986088.738,1,66.43
1624986088.84,0,51.4
1624986088.843,1,82.44
1624986088.949,0,55.66
1624986088.952,1,57.34
1624986089.055,0,58.76
1624986089.059,1,60.05
1624986089.161,0,72.04
1624986089.165,1,70.13
1624986089.27,0,120.14
1624986089.272,1,133.45
1624986089.375,0,50.28
1624986089.379,1,55.31
1624986089.483,0,50.02
1624986089.486,1,54.93
1624986089.591,0,49.43
1624986089.594,1,56.74
1624986089.697,0,48.73
1624986089.7,1,65.35
1624986089.803,0,51.95
1624986089.806,1,87.17
1624986089.911,0,56.88
1624986089.914,1,58.48
1624986090.017,0,57.38
1624986090.022,1,59.35
1624986090.125,0,69.0
1624986090.128,1,67.42
1624986090.233,0,88.83
1624986090.236,1,86.32
1624986090.339,0,74.08
1624986090.343,1,94.92
1624986090.446,0,50.22
1624986090.449,1,55.51
1624986090.554,0,49.83
1624986090.556,1,56.02
1624986090.66,0,48.4
1624986090.664,1,60.05
1624986090.767,0,50.12
1624986090.77,1,73.61
1624986090.874,0,54.06
1624986090.877,1,64.24
1624986090.98,0,58.03
1624986090.986,1,59.43
1624986091.089,0,69.25
1624986091.092,1,69.34
1624986091.195,0,89.16
1624986091.2,1,85.08
1624986091.303,0,104.56
1624986091.307,1,122.86
1624986091.41,0,50.16
1624986091.413,1,55.42
1624986091.516,0,50.05
1624986091.519,1,55.38
1624986091.622,0,49.72
1624986091.627,1,55.88
1624986091.731,0,48.56
1624986091.734,1,59.93
1624986091.839,0,50.21
1624986091.842,1,73.79
1624986091.945,0,53.09
1624986091.948,1,69.49
1624986092.051,0,56.71
1624986092.055,1,58.6
1624986092.158,0,63.12
1624986092.161,1,64.16
1624986092.264,0,70.67
1624986092.269,1,72.06
1624986092.372,0,107.4
1624986092.375,1,121.71
1624986092.478,0,50.17
1624986092.481,1,55.39
1624986092.585,0,49.8
1624986092.59,1,55.88
1624986092.693,0,49.1
1624986092.696,1,58.15
1624986092.8,0,48.68
1624986092.804,1,64.66
1624986092.907,0,50.88
1624986092.911,1,82.9
1624986093.014,0,57.06
1624986093.017,1,58.75
1624986093.12,0,56.53
1624986093.124,1,58.81
1624986093.227,0,69.95
1624986093.232,1,68.96
1624986093.335,0,108.97
1624986093.339,1,94.27
1624986093.443,0,50.12
1624986093.446,1,72.67
1624986093.549,0,49.96
1624986093.553,1,55.38
1624986093.656,0,49.74
1624986093.659,1,56.4
1624986093.763,0,48.46
1624986093.766,1,61.39
1624986093.869,0,49.78
1624986093.874,1,85.86
1624986093.976,0,54.43
1624986093.98,1,66.85
1624986094.083,0,61.81
1624986094.086,1,62.53
1624986094.189,0,71.28
1624986094.195,1,69.84
1624986094.298,0,102.31
1624986094.302,1,94.95
1624986094.405,0,83.22
1624986094.408,1,101.25
1624986094.511,0,50.08
1624986094.516,1,55.0
1624986094.619,0,49.93
1624986094.622,1,55.99
1624986094.726,0,48.79
1624986094.729,1,58.61
1624986094.832,0,49.26
1624986094.837,1,67.97
1624986094.939,0,47.19
1624986094.942,1,49.45
1624986095.047,0,48.88
1624986095.05,1,59.09
1624986095.153,0,49.6
1624986095.157,1,71.62
1624986095.26,0,51.53
1624986095.263,1,93.71
1624986095.366,0,56.18
1624986095.369,1,58.15
1624986095.472,0,55.81
1624986095.479,1,57.39
1624986095.582,0,76.37
1624986095.585,1,74.47
1624986095.688,0,87.93
1624986095.692,1,81.41
1624986095.795,0,91.75
1624986095.799,1,109.5
1624986095.902,0,50.2
1624986095.905,1,55.42
1624986096.009,0,49.8
1624986096.012,1,55.95
1624986096.115,0,48.29
1624986096.12,1,62.62
1624986096.223,0,51.49
1624986096.226,1,93.53
1624986096.329,0,56.7
1624986096.333,1,58.37
1624986096.436,0,67.85
1624986096.442,1,67.77
1624986096.545,0,74.59
1624986096.548,1,73.0
1624986096.651,0,92.46
1624986096.654,1,89.38
1624986096.757,0,59.89
1624986096.763,1,90.46
1624986096.865,0,50.22
1624986096.868,1,55.06
1624986096.972,0,50.0
1624986096.975,1,55.59
1624986097.078,0,49.38
1624986097.083,1,56.99
1624986097.187,0,48.97
1624986097.19,1,68.68
1624986097.293,0,50.59
1624986097.295,1,95.01
1624986097.399,0,57.94
1624986097.404,1,59.35
1624986097.507,0,63.59
1624986097.511,1,64.34
1624986097.614,0,80.02
1624986097.617,1,77.47
1624986097.72,0,100.57
1624986097.725,1,120.11
1624986097.828,0,50.12
1624986097.831,1,55.26
1624986097.934,0,50.12
1624986097.937,1,55.45
1624986098.04,0,49.41
1624986098.046,1,56.28
1624986098.149,0,48.71
1624986098.152,1,60.88
1624986098.256,0,49.27
1624986098.259,1,71.12
1624986098.362,0,53.5
1624986098.367,1,66.72
1624986098.47,0,57.68
1624986098.473,1,59.66
1624986098.576,0,68.11
1624986098.58,1,67.84
1624986098.683,0,90.44
1624986098.688,1,85.61
1624986098.792,0,108.23
1624986098.795,1,126.29
1624986098.897,0,50.15
1624986098.9,1,55.2
1624986099.004,0,49.89
1624986099.009,1,55.67
1624986099.112,0,49.45
1624986099.115,1,56.4
1624986099.218,0,48.67
1624986099.221,1,69.19
1624986099.324,0,52.13
1624986099.329,1,86.41
1624986099.432,0,57.33
1624986099.436,1,58.7
1624986099.539,0,70.02
1624986099.542,1,69.07
1624986099.645,0,88.59
1624986099.65,1,83.76
1624986099.753,0,76.36
1624986099.756,1,107.54
1624986099.862,0,50.3
1624986099.865,1,55.06
1624986099.969,0,49.99
1624986099.972,1,55.8
1624986100.075,0,49.61
1624986100.078,1,56.28
1624986100.183,0,48.52
1624986100.186,1,60.69
1624986100.289,0,49.25
1624986100.292,1,70.25
1624986100.395,0,51.66
1624986100.398,1,94.67
1624986100.501,0,56.69
1624986100.505,1,58.21
1624986100.607,0,62.06
1624986100.613,1,63.07
1624986100.716,0,74.07
1624986100.719,1,73.88
1624986100.822,0,84.63
1624986100.826,1,83.02
1624986100.929,0,79.1
1624986100.934,1,105.2
1624986101.036,0,50.12
1624986101.039,1,55.54
1624986101.143,0,49.65
1624986101.146,1,56.24
1624986101.25,0,48.82
1624986101.254,1,58.74
1624986101.358,0,50.31
1624986101.36,1,81.09
1624986101.463,0,54.82
1624986101.466,1,87.83
1624986101.574,0,57.35
1624986101.577,1,58.75
1624986101.68,0,72.88
1624986101.684,1,71.37
1624986101.787,0,117.38
1624986101.79,1,97.7
1624986101.896,0,67.43
1624986101.898,1,99.7
1624986102.001,0,50.12
1624986102.004,1,55.8
1624986102.108,0,49.62
1624986102.111,1,56.74
1624986102.214,0,48.5
1624986102.217,1,63.59
1624986102.321,0,49.69
1624986102.325,1,77.47
1624986102.428,0,53.05
1624986102.431,1,80.12
1624986102.534,0,56.69
1624986102.538,1,58.36
1624986102.641,0,65.68
1624986102.644,1,65.28
1624986102.747,0,110.69
1624986102.75,1,103.56
1624986102.853,0,50.28
1624986102.858,1,70.27
1624986102.961,0,49.89
1624986102.964,1,55.58
1624986103.071,0,49.77
1624986103.074,1,55.66
1624986103.177,0,48.31
1624986103.18,1,61.18
1624986103.283,0,50.55
1624986103.286,1,78.53
1624986103.389,0,54.6
1624986103.393,1,90.13
1624986103.501,0,57.53
1624986103.504,1,59.1
1624986103.607,0,67.83
1624986103.61,1,67.86
1624986103.713,0,84.03
1624986103.717,1,80.44
1624986103.82,0,99.36
1624986103.822,1,119.15
1624986103.926,0,50.09
1624986103.93,1,55.7
1624986104.034,0,49.97
1624986104.037,1,55.68
1624986104.14,0,48.65
1624986104.143,1,58.09
1624986104.247,0,49.57
1624986104.25,1,67.91
1624986104.354,0,54.05
1624986104.357,1,66.49
1624986104.46,0,62.03
1624986104.464,1,62.8
1624986104.567,0,67.86
1624986104.57,1,68.81
1624986104.674,0,109.51
1624986104.677,1,126.72
1624986104.779,0,50.29
1624986104.784,1,55.29
1624986104.887,0,49.7
1624986104.89,1,55.47
1624986104.993,0,48.39
1624986104.996,1,63.18
1624986105.099,0,51.58
1624986105.104,1,87.66
1624986105.207,0,55.47
1624986105.21,1,59.89
1624986105.315,0,58.51
1624986105.319,1,59.72
1624986105.421,0,69.83
1624986105.425,1,69.96
1624986105.528,0,106.06
1624986105.533,1,91.24
1624986105.636,0,62.11
1624986105.639,1,121.74
1624986105.748,0,50.11
1624986105.751,1,55.47
1624986105.855,0,49.74
1624986105.858,1,55.62
1624986105.961,0,49.16
1624986105.967,1,57.74
1624986106.07,0,48.58
1624986106.073,1,62.6
1624986106.177,0,51.31
1624986106.18,1,90.95
1624986106.283,0,56.05
1624986106.288,1,57.84
1624986106.391,0,62.77
1624986106.395,1,63.7
1624986106.497,0,73.31
1624986106.501,1,68.41
1624986106.607,0,115.78
1624986106.61,1,107.17
1624986106.713,0,50.15
1624986106.716,1,54.88
1624986106.819,0,49.96
1624986106.822,1,55.37
1624986106.926,0,49.29
1624986106.93,1,56.64
1624986107.033,0,49.06
1624986107.038,1,65.98
1624986107.14,0,49.68
1624986107.143,1,75.59
1624986107.246,0,55.65
1624986107.251,1,65.63
1624986107.354,0,62.02
1624986107.357,1,62.83
1624986107.46,0,92.71
1624986107.464,1,84.87
1624986107.569,0,94.22
1624986107.572,1,115.13
1624986107.675,0,50.23
1624986107.678,1,54.96
1624986107.781,0,49.64
1624986107.784,1,56.23
1624986107.888,0,49.17
1624986107.892,1,57.65
1624986107.998,0,49.25
1624986108.001,1,69.13
1624986108.105,0,52.27
1624986108.108,1,80.42
1624986108.211,0,57.61
1624986108.214,1,59.22
1624986108.317,0,64.44
1624986108.321,1,64.39
1624986108.424,0,98.25
1624986108.427,1,92.15
1624986108.53,0,91.32
1624986108.534,1,113.91
1624986108.638,0,50.25
1624986108.643,1,54.99
1624986108.746,0,49.94
1624986108.749,1,55.85
1624986108.852,0,48.58
1624986108.855,1,59.24
1624986108.959,0,49.4
1624986108.962,1,66.75
1624986109.067,0,52.54
1624986109.07,1,91.48
1624986109.173,0,56.04
1624986109.177,1,57.7
1624986109.28,0,59.92
1624986109.283,1,61.22
1624986109.386,0,75.56
1624986109.389,1,73.88
1624986109.492,0,95.65
1624986109.497,1,90.22
1624986109.6,0,92.9
1624986109.603,1,108.52
1624986109.706,0,50.06
1624986109.709,1,54.8
1624986109.812,0,50.04
1624986109.817,1,55.44
1624986109.921,0,49.42
1624986109.924,1,56.38
1624986110.027,0,49.02
1624986110.03,1,67.54
1624986110.133,0,51.55
1624986110.138,1,92.08
1624986110.241,0,55.77
1624986110.246,1,57.28
1624986110.349,0,68.23
1624986110.353,1,67.06
1624986110.456,0,79.91
1624986110.46,1,77.76
1624986110.563,0,90.64
1624986110.566,1,105.64
1624986110.669,0,50.12
1624986110.672,1,62.35
1624986110.776,0,50.07
1624986110.78,1,55.59
1624986110.884,0,49.1
1624986110.887,1,56.91
1624986110.991,0,49.41
1624986110.994,1,68.73
1624986111.097,0,51.8
1624986111.101,1,92.42
1624986111.204,0,55.95
1624986111.208,1,62.31
1624986111.311,0,63.95
1624986111.315,1,63.59
1624986111.418,0,68.89
1624986111.423,1,68.42
1624986111.526,0,116.34
1624986111.529,1,111.01
1624986111.632,0,63.95
1624986111.635,1,82.42
1624986111.738,0,50.12
1624986111.743,1,55.74
1624986111.848,0,49.89
1624986111.851,1,55.59
1624986111.955,0,49.0
1624986111.958,1,57.6
1624986112.061,0,48.78
1624986112.064,1,66.73
1624986112.167,0,52.07
1624986112.17,1,86.36
1624986112.274,0,54.89
1624986112.277,1,57.16
1624986112.38,0,59.89
1624986112.386,1,60.79
1624986112.489,0,69.35
1624986112.492,1,67.61
1624986112.595,0,84.12
1624986112.599,1,83.5
1624986112.702,0,90.96
1624986112.706,1,114.49
1624986112.809,0,50.31
1624986112.812,1,55.44
1624986112.916,0,49.83
1624986112.919,1,55.73
1624986113.022,0,49.31
1624986113.027,1,57.4
1624986113.13,0,49.01
1624986113.133,1,66.19
1624986113.236,0,49.83
1624986113.239,1,88.39
1624986113.342,0,55.33
1624986113.348,1,57.11
1624986113.452,0,62.56
1624986113.456,1,63.78
1624986113.559,0,83.33
1624986113.562,1,80.45
1624986113.665,0,96.45
1624986113.669,1,104.52
1624986113.772,0,49.99
1624986113.775,1,54.92
1624986113.879,0,49.61
1624986113.881,1,55.51
1624986113.985,0,48.2
1624986113.99,1,62.15
1624986114.093,0,50.56
1624986114.095,1,78.68
1624986114.199,0,55.12
1624986114.203,1,58.12
1624986114.306,0,59.53
1624986114.311,1,60.62
1624986114.414,0,73.34
1624986114.417,1,71.69
1624986114.52,0,109.18
1624986114.523,1,115.75
1624986114.626,0,63.48
1624986114.631,1,90.05
1624986114.734,0,49.99
1624986114.738,1,55.21
1624986114.841,0,49.67
1624986114.844,1,55.76
1624986114.948,0,48.39
1624986114.952,1,59.22
1624986115.057,0,49.85
1624986115.059,1,84.68
1624986115.162,0,51.97
1624986115.165,1,74.43
1624986115.268,0,51.97
1624986115.273,1,56.44
1624986115.376,0,75.43
1624986115.379,1,72.52
1624986115.483,0,58.9
1624986115.486,1,60.67
1624986115.59,0,53.48
1624986115.594,1,56.68
1624986115.697,0,68.56
1624986115.7,1,98.84
1624986115.804,0,67.36
1624986115.807,1,67.14
1624986115.911,0,57.63
1624986115.915,1,59.61
1624986116.018,0,52.45
1624986116.021,1,57.07
1624986116.125,0,77.12
1624986116.128,1,76.2
1624986116.231,0,59.01
1624986116.235,1,61.27
1624986116.339,0,53.16
1624986116.342,1,56.68
1624986116.446,0,77.53
1624986116.449,1,77.23
1624986116.553,0,63.89
1624986116.556,1,65.23
1624986116.66,0,54.05
1624986116.663,1,57.49
1624986116.768,0,74.97
1624986116.771,1,95.74
1624986116.874,0,66.51
1624986116.877,1,66.4
1624986116.98,0,55.48
1624986116.983,1,57.82
1624986117.089,0,52.0
1624986117.092,1,61.7
1624986117.195,0,71.36
1624986117.198,1,71.45
1624986117.302,0,57.61
1624986117.304,1,58.53
1624986117.411,0,53.1
1624986117.414,1,56.8
1624986117.517,0,82.46
1624986117.52,1,79.42
1624986117.624,0,61.52
1624986117.627,1,61.88
1624986117.731,0,54.62
1624986117.734,1,57.85
1624986117.838,0,47.14
1624986117.84,1,49.38
1624986117.943,0,47.2
1624986117.946,1,49.16
1624986118.052,0,47.08
1624986118.055,1,49.02
1624986118.158,0,47.05
1624986118.161,1,48.99
1624986118.264,0,47.06
1624986118.267,1,49.0
1624986118.373,0,47.01
1624986118.376,1,49.07
1624986118.479,0,47.11
1624986118.481,1,48.88
1624986118.584,0,47.17
1624986118.587,1,49.03
1624986118.693,0,47.14
1624986118.696,1,48.92
1624986118.799,0,47.03
1624986118.801,1,49.0
1624986118.904,0,47.01
1624986118.907,1,48.98
1624986119.01,0,47.05
1624986119.013,1,48.92
1624986119.116,0,47.17
1624986119.121,1,49.01
1624986119.224,0,47.01
1624986119.227,1,48.88
1624986119.33,0,47.0
1624986119.333,1,49.05
1624986119.436,0,47.02
1624986119.439,1,48.99
1624986119.542,0,46.98
1624986119.544,1,48.76
1624986119.647,0,47.04
1624986119.65,1,48.8
1624986119.756,0,46.98
1624986119.758,1,48.84
1624986119.861,0,47.08
1624986119.864,1,48.84
1624986119.967,0,47.0
1624986119.97,1,48.87
1624986120.073,0,47.04
1624986120.075,1,48.79
1624986120.178,0,47.08
1624986120.184,1,48.86
1624986120.287,0,47.05
1624986120.29,1,48.71
1624986120.392,0,47.01
1624986120.395,1,48.76
1624986120.498,0,47.01
1624986120.501,1,48.77
1624986120.604,0,41.17
1624986120.607,1,48.9
1624986120.71,0,41.63
1624986120.713,1,48.87
1624986120.818,0,41.64
1624986120.821,1,48.9
1624986120.924,0,41.51
1624986120.927,1,48.83
1624986121.03,0,41.61
1624986121.033,1,48.71
1624986121.138,0,41.63
1624986121.141,1,48.76
1624986121.244,0,41.64
1624986121.247,1,48.7
1624986121.35,0,41.58
1624986121.353,1,48.71
1624986121.456,0,41.53
1624986121.458,1,48.77
1624986121.561,0,41.63
1624986121.567,1,48.79
1624986121.67,0,41.52
1624986121.673,1,48.88
1624986121.776,0,41.56
1624986121.779,1,48.71
1624986121.881,0,41.6
1624986121.884,1,48.74
1624986121.987,0,41.5
1624986121.99,1,48.74
1624986122.093,0,41.6
1624986122.096,1,48.71
1624986122.202,0,41.63
1624986122.204,1,48.67
1624986122.307,0,41.54
1624986122.31,1,48.68
1624986122.413,0,41.52
1624986122.416,1,48.64
1624986122.519,0,41.63
1624986122.522,1,48.76
1624986122.625,0,41.51
1624986122.63,1,48.76
1624986122.732,0,41.53
1624986122.735,1,48.67
1624986122.838,0,41.46
1624986122.841,1,48.79
1624986122.944,0,41.54
1624986122.947,1,48.69
1624986123.05,0,41.56
1624986123.052,1,48.69
1624986123.155,0,41.52
1624986123.158,1,48.66
1624986123.264,0,41.52
1624986123.267,1,48.76
1624986123.37,0,41.6
1624986123.374,1,48.76
1624986123.478,0,41.58
1624986123.481,1,48.74
1624986123.585,0,41.53
1624986123.588,1,48.67
1624986123.691,0,41.44
1624986123.694,1,48.58
1624986123.797,0,41.58
1624986123.799,1,48.74
1624986123.902,0,41.45
1624986123.905,1,48.67
1624986124.008,0,41.55
1624986124.013,1,48.61
1624986124.116,0,41.41
1624986124.119,1,48.74
1624986124.222,0,41.53
1624986124.225,1,48.55
1624986124.328,0,41.44
1624986124.333,1,48.68
1624986124.436,0,41.56
1624986124.439,1,48.71
1624986124.542,0,41.56
1624986124.545,1,48.68
1624986124.648,0,41.57
1624986124.65,1,48.65
1624986124.753,0,41.54
1624986124.756,1,48.58
1624986124.859,0,41.54
1624986124.862,1,48.58
1624986124.967,0,41.44
1624986124.97,1,48.66
1624986125.073,0,41.41
1624986125.078,1,48.64
1624986125.181,0,41.49
1624986125.184,1,48.74
1624986125.288,0,41.49
1624986125.291,1,48.65
1624986125.394,0,41.44
1624986125.397,1,48.67
1624986125.5,0,41.46
1624986125.503,1,48.6
1624986125.606,0,41.46
1624986125.608,1,48.71
1624986125.711,0,41.47
1624986125.717,1,48.61
1624986125.819,0,41.46
1624986125.822,1,48.7
1624986125.925,0,41.49
1624986125.928,1,48.55
1624986126.031,0,41.46
1624986126.034,1,48.61
1624986126.137,0,41.54
1624986126.139,1,48.71
1624986126.242,0,41.52
1624986126.245,1,48.66
1624986126.351,0,41.52
1624986126.353,1,48.58
1624986126.456,0,41.48
1624986126.459,1,48.54
1624986126.562,0,41.44
1624986126.565,1,48.56
1624986126.668,0,41.52
1624986126.671,1,48.67
1624986126.773,0,41.49
1624986126.779,1,48.65
1624986126.884,0,41.45
1624986126.887,1,48.61
1624986126.992,0,41.46
1624986126.995,1,48.6
1624986127.098,0,41.44
1624986127.101,1,48.57
1624986127.203,0,41.44
1624986127.206,1,48.47
1624986127.309,0,41.47
1624986127.312,1,48.61
1624986127.415,0,41.56
1624986127.421,1,48.6
1624986127.524,0,41.44
1624986127.527,1,48.55
1624986127.629,0,41.38
1624986127.632,1,48.55
1624986127.735,0,41.38
1624986127.741,1,49.09
1624986127.844,0,41.53
1624986127.847,1,48.57
1624986127.95,0,41.53
1624986127.953,1,48.69
1624986128.056,0,48.09
1624986128.058,1,56.1
1624986128.162,0,67.28
1624986128.165,1,91.04
1624986128.268,0,64.45
1624986128.271,1,63.87
1624986128.376,0,54.87
1624986128.379,1,57.72
1624986128.482,0,51.75
1624986128.485,1,55.33
1624986128.588,0,79.64
1624986128.591,1,74.12
1624986128.696,0,63.22
1624986128.699,1,63.75
1624986128.803,0,54.3
1624986128.806,1,57.31
1624986128.909,0,51.81
1624986128.912,1,95.33
1624986129.017,0,70.8
1624986129.02,1,69.74
1624986129.123,0,57.82
1624986129.126,1,60.12
1624986129.23,0,52.43
1624986129.233,1,56.03
1624986129.338,0,84.4
1624986129.341,1,94.62
1624986129.444,0,63.96
1624986129.447,1,63.84
1624986129.551,0,54.98
1624986129.553,1,57.06
1624986129.659,0,56.83
1624986129.662,1,86.79
1624986129.765,0,68.04
1624986129.768,1,67.54
1624986129.871,0,56.4
1624986129.874,1,57.88
1624986129.98,0,51.94
1624986129.983,1,55.71
1624986130.086,0,70.69
1624986130.09,1,70.43
1624986130.193,0,59.67
1624986130.196,1,60.03
1624986130.302,0,52.52
1624986130.305,1,55.92
1624986130.408,0,83.08
1624986130.411,1,86.58
1624986130.514,0,68.24
1624986130.516,1,64.44
1624986130.623,0,47.02
1624986130.625,1,48.99
1624986130.728,0,46.96
1624986130.731,1,48.83
1624986130.834,0,46.87
1624986130.837,1,48.73
1624986130.94,0,46.86
1624986130.943,1,48.61
1624986131.046,0,46.92
1624986131.05,1,48.68
1624986131.153,0,46.92
1624986131.156,1,48.68
1624986131.259,0,48.61
1624986131.262,1,50.78
1624986131.365,0,46.98
1624986131.37,1,48.65
